52555,-0.264,-0.517,-0.086,-0.416,0.151,0.172,9.557,328.17,32.28,5.2,0,0,38.809553,338.37,,1,1,1,1,,355
52555.5,-0.198,-0.451,-0.306,-0.458,0.125,0.188,9.631,328.27,32.28,1.7,0,0,38.809553,334.97,,1,1,1,1,,355.5
52556,-0.125,-0.371,-0.497,-0.443,0.076,0.142,9.747,328.27,32.28,1.7,0,0,38.809553,334.97,,1,1,1,1,,356
52556.5,-0.06,-0.288,-0.632,-0.368,0.039,0.056,9.866,328.37,31.35,4.1,0,0,37.691434,337.47,,1,1,1,1,,356.5
52557,-0.008,-0.212,-0.692,-0.249,0.016,-0.012,9.967,328.37,31.35,4.1,0,0,37.691434,337.47,,1,1,1,1,,357
52557.5,0.025,-0.157,-0.669,-0.094,-0.018,-0.075,10.057,328.37,31.35,0,0,0,37.691434,333.37,,1,1,1,1,,357.5
52558,0.032,-0.127,-0.565,0.066,-0.032,-0.077,10.103,328.37,31.35,0,0,0,37.691434,333.37,,1,1,1,1,,358
52558.5,0.014,-0.123,-0.393,0.221,-0.048,-0.056,10.131,328.47,30.43,2.2,0,0,36.585338,335.67,,1,1,1,1,,358.5
52559,-0.034,-0.152,-0.177,0.339,-0.023,-0.031,10.085,328.47,30.43,2.2,0,0,36.585338,335.67,,1,1,1,1,,359
52559.5,-0.1,-0.204,0.056,0.41,0.002,-0.014,10.026,328.47,30.43,8.6,0,0,36.585338,342.07,,1,1,1,1,,359.5
52560,-0.173,-0.268,0.275,0.428,0.038,-0.046,9.934,328.47,30.43,8.6,0,0,36.585338,342.07,,1,1,1,1,,360
52560.5,-0.248,-0.338,0.454,0.394,0.065,-0.072,9.849,328.57,30.43,8.9,0,0,36.585338,342.47,,1,1,1,1,,360.5
52561,-0.306,-0.4,0.577,0.322,0.089,-0.098,9.766,328.57,30.43,8.9,0,0,36.585338,342.47,,1,1,1,1,,361
52561.5,-0.342,-0.454,0.632,0.219,0.107,-0.091,9.699,328.67,30.43,5.2,0,0,36.585338,338.87,,1,1,1,1,,361.5
52562,-0.347,-0.493,0.619,0.107,0.116,-0.057,9.659,328.67,30.43,5.2,0,0,36.585338,338.87,,1,1,1,1,,362
52562.5,-0.321,-0.513,0.547,-0.008,0.123,-0.048,9.63,328.67,33.2,2.6,0,0,39.915649,336.27,,1,1,1,1,,362.5
52563,-0.268,-0.52,0.426,-0.104,0.11,-0.018,9.645,328.67,33.2,2.6,0,0,39.915649,336.27,,1,1,1,1,,363
52563.5,-0.197,-0.511,0.277,-0.182,0.103,-0.004,9.658,328.87,32.28,3.5,0,0,38.809553,337.37,,1,1,1,1,,363.5
52564,-0.124,-0.492,0.115,-0.228,0.087,-0.017,9.703,328.87,32.28,3.5,0,0,38.809553,337.37,,1,1,1,1,,364
52564.5,-0.059,-0.47,-0.04,-0.248,0.075,-0.061,9.739,328.97,31.35,3.7,0,0,37.691434,337.67,,1,1,1,1,,364.5
52565,-0.018,-0.448,-0.176,-0.242,0.064,-0.049,9.78,328.97,31.35,3.7,0,0,37.691434,337.67,,1,1,1,1,,365
52565.5,-0.008,-0.43,-0.284,-0.222,0.077,-0.021,9.793,328.97,30.43,5,0,0,36.585338,338.97,,1,1,1,1,,365.5
52566,-0.038,-0.414,-0.363,-0.205,0.082,0.009,9.796,328.97,30.43,5,0,0,36.585338,338.97,,1,1,1,1,,366
52566.5,-0.109,-0.399,-0.418,-0.187,0.099,0.096,9.78,329.17,31.35,7.4,0,0,37.691434,341.57,,1,1,1,1,,366.5
52567,-0.214,-0.374,-0.453,-0.179,0.11,0.173,9.759,329.17,31.35,7.4,0,0,37.691434,341.57,,1,1,1,1,,367
52567.5,-0.343,-0.341,-0.472,-0.166,0.096,0.179,9.781,329.17,31.35,3.8,0,0,37.691434,337.97,,1,1,1,1,,367.5
52568,-0.482,-0.301,-0.472,-0.143,0.086,0.119,9.801,329.17,31.35,3.8,0,0,37.691434,337.97,,1,1,1,1,,368
52568.5,-0.616,-0.251,-0.451,-0.096,0.051,-0.002,9.864,329.27,31.35,2.9,0,0,37.691434,337.17,,1,1,1,1,,368.5
52569,-0.728,-0.196,-0.398,-0.028,0.021,-0.14,9.92,329.27,31.35,2.9,0,0,37.691434,337.17,,1,1,1,1,,369
52569.5,-0.808,-0.147,-0.309,0.066,-0.02,-0.253,10.001,329.27,32.28,5.6,0,0,38.809553,339.87,,1,1,1,1,,369.5
52570,-0.843,-0.11,-0.179,0.175,-0.039,-0.305,10.055,329.27,32.28,5.6,0,0,38.809553,339.87,,1,1,1,1,,370
52570.5,-0.83,-0.093,-0.013,0.294,-0.062,-0.302,10.115,329.27,33.2,3.6,0,0,39.915649,337.87,,1,1,1,1,,370.5
52571,-0.776,-0.106,0.185,0.402,-0.058,-0.301,10.119,329.27,33.2,3.6,0,0,39.915649,337.87,,1,1,1,1,,371
52571.5,-0.686,-0.153,0.395,0.481,-0.044,-0.263,10.095,329.27,31.35,5.7,0,0,37.691434,339.97,,1,1,1,1,,371.5
52572,-0.572,-0.226,0.597,0.518,-0.011,-0.213,10.021,329.27,31.35,5.7,0,0,37.691434,339.97,,1,1,1,1,,372
52572.5,-0.44,-0.327,0.764,0.491,0.037,-0.192,9.909,329.27,30.43,8.5,0,0,36.585338,342.77,,1,1,1,1,,372.5
52573,-0.308,-0.442,0.868,0.398,0.094,-0.156,9.757,329.27,30.43,8.5,0,0,36.585338,342.77,,1,1,1,1,,373
52573.5,-0.188,-0.558,0.886,0.243,0.148,-0.116,9.608,329.47,30.43,7.7,0,0,36.585338,342.17,,1,1,1,1,,373.5
52574,-0.085,-0.66,0.802,0.036,0.198,-0.089,9.461,329.47,30.43,7.7,0,0,36.585338,342.17,,1,1,1,1,,374
52574.5,-0.011,-0.733,0.615,-0.196,0.222,0,9.364,329.47,31.35,5.4,0,0,37.691434,339.87,,1,1,1,1,,374.5
52575,0.038,-0.765,0.338,-0.423,0.233,0.095,9.309,329.47,31.35,5.4,0,0,37.691434,339.87,,1,1,1,1,,375
52575.5,0.057,-0.748,-0.003,-0.614,0.215,0.173,9.338,329.67,32.28,3.5,0,0,38.809553,338.17,,1,1,1,1,,375.5
52576,0.045,-0.683,-0.369,-0.736,0.194,0.234,9.417,329.67,32.28,3.5,0,0,38.809553,338.17,,1,1,1,1,,376
52576.5,0.005,-0.576,-0.715,-0.775,0.144,0.228,9.568,329.87,33.2,4.2,0,0,39.915649,339.07,,1,1,1,1,,376.5
52577,-0.056,-0.439,-0.996,-0.713,0.081,0.188,9.753,329.87,33.2,4.2,0,0,39.915649,339.07,,1,1,1,1,,377
52577.5,-0.129,-0.289,-1.171,-0.564,0.029,0.106,9.94,329.97,32.28,4.7,0,0,38.809553,339.67,,1,1,1,1,,377.5
52578,-0.207,-0.143,-1.217,-0.344,-0.034,0.044,10.11,329.97,32.28,4.7,0,0,38.809553,339.67,,1,1,1,1,,378
52578.5,-0.266,-0.017,-1.127,-0.09,-0.062,0,10.225,329.97,32.28,5,0,0,38.809553,339.97,,1,1,1,1,,378.5
52579,-0.307,0.073,-0.912,0.174,-0.087,-0.021,10.298,329.97,32.28,5,0,0,38.809553,339.97,,1,1,1,1,,379
52579.5,-0.31,0.123,-0.598,0.404,-0.079,-0.035,10.291,329.87,30.43,5.9,0,0,36.585338,340.77,,1,1,1,1,,379.5
52580,-0.281,0.127,-0.223,0.584,-0.071,-0.054,10.251,329.87,30.43,5.9,0,0,36.585338,340.77,,1,1,1,1,,380
52580.5,-0.22,0.087,0.168,0.692,-0.041,-0.078,10.148,329.87,30.43,7.8,0,0,36.585338,342.67,,1,1,1,1,,380.5
52581,-0.136,0.012,0.534,0.728,-0.019,-0.119,10.051,329.87,30.43,7.8,0,0,36.585338,342.67,,1,1,1,1,,381
52581.5,-0.038,-0.096,0.841,0.696,0.011,-0.169,9.931,329.67,30.43,6.1,0,0,36.585338,340.77,,1,1,1,1,,381.5
52582,0.066,-0.224,1.062,0.604,0.039,-0.205,9.821,329.67,30.43,6.1,0,0,36.585338,340.77,,1,1,1,1,,382
52582.5,0.158,-0.367,1.183,0.468,0.069,-0.178,9.714,329.67,32.28,7.2,0,0,38.809553,341.87,,1,1,1,1,,382.5
52583,0.226,-0.511,1.198,0.3,0.09,-0.114,9.633,329.67,32.28,7.2,0,0,38.809553,341.87,,1,1,1,1,,383
52583.5,0.26,-0.646,1.111,0.118,0.122,-0.013,9.557,329.77,34.12,8.8,0,0,41.021746,343.57,,1,1,1,1,,383.5
52584,0.249,-0.762,0.934,-0.07,0.151,0.076,9.507,329.77,34.12,8.8,0,0,41.021746,343.57,,1,1,1,1,,384
52584.5,0.193,-0.849,0.684,-0.239,0.17,0.108,9.502,329.97,35.04,9.3,0,0,42.127842,344.27,,1,1,1,1,,384.5
52585,0.089,-0.903,0.387,-0.382,0.194,0.109,9.503,329.97,35.04,9.3,0,0,42.127842,344.27,,1,1,1,1,,385
52585.5,-0.05,-0.916,0.07,-0.482,0.195,0.1,9.548,330.37,35.97,9,0,0,43.245961,344.37,,1,1,1,1,,385.5
52586,-0.212,-0.883,-0.242,-0.546,0.202,0.107,9.581,330.37,35.97,9,0,0,43.245961,344.37,,1,1,1,1,,386
52586.5,-0.38,-0.812,-0.526,-0.571,0.184,0.083,9.631,330.37,35.97,8,0,0,43.245961,343.37,,1,1,1,1,,386.5
52587,-0.54,-0.704,-0.767,-0.566,0.172,0.067,9.67,330.37,35.97,8,0,0,43.245961,343.37,,1,1,1,1,,387
52587.5,-0.675,-0.565,-0.952,-0.529,0.136,0.04,9.729,330.57,35.04,9.1,0,0,42.127842,344.67,,1,1,1,1,,387.5
52588,-0.777,-0.401,-1.073,-0.466,0.099,0.013,9.774,330.57,35.04,9.1,0,0,42.127842,344.67,,1,1,1,1,,388
52588.5,-0.842,-0.224,-1.128,-0.383,0.069,-0.018,9.817,330.57,35.04,7.6,0,0,42.127842,343.17,,1,1,1,1,,388.5
52589,-0.862,-0.047,-1.115,-0.281,0.025,-0.071,9.875,330.57,35.04,7.6,0,0,42.127842,343.17,,1,1,1,1,,389
52589.5,-0.841,0.117,-1.035,-0.16,-0.016,-0.113,9.947,330.47,35.97,6.6,0,0,43.245961,342.07,,1,1,1,1,,389.5
52590,-0.784,0.255,-0.89,-0.015,-0.059,-0.19,10.03,330.47,35.97,6.6,0,0,43.245961,342.07,,1,1,1,1,,390
52590.5,-0.698,0.35,-0.68,0.146,-0.091,-0.241,10.113,330.27,35.97,6.4,0,0,43.245961,341.67,,1,1,1,1,,390.5
52591,-0.586,0.39,-0.41,0.327,-0.131,-0.26,10.206,330.27,35.97,6.4,0,0,43.245961,341.67,,1,1,1,1,,391
52591.5,-0.461,0.369,-0.087,0.51,-0.143,-0.253,10.262,330.07,35.04,8.7,0,0,42.127842,343.77,,1,1,1,1,,391.5
52592,-0.328,0.278,0.274,0.677,-0.148,-0.206,10.291,330.07,35.04,8.7,0,0,42.127842,343.77,,1,1,1,1,,392
52592.5,-0.201,0.124,0.65,0.803,-0.119,-0.124,10.251,330.17,35.04,7.6,0,0,42.127842,342.77,,1,1,1,1,,392.5
52593,-0.093,-0.082,1.006,0.864,-0.073,-0.048,10.162,330.17,35.04,7.6,0,0,42.127842,342.77,,1,1,1,1,,393
52593.5,-0.012,-0.325,1.306,0.844,0.002,-0.016,10.011,330.17,34.12,6.9,0,0,41.021746,342.07,,1,1,1,1,,393.5
52594,0.039,-0.583,1.514,0.735,0.079,0.001,9.837,330.17,34.12,6.9,0,0,41.021746,342.07,,1,1,1,1,,394
52594.5,0.059,-0.827,1.6,0.547,0.164,-0.012,9.651,330.27,32.28,5.8,0,0,38.809553,341.07,,1,1,1,1,,394.5
52595,0.047,-1.039,1.547,0.296,0.237,-0.025,9.486,330.27,32.28,5.8,0,0,38.809553,341.07,,1,1,1,1,,395
52595.5,0.014,-1.197,1.352,0.008,0.3,-0.035,9.337,330.37,30.43,8.4,0,0,36.585338,343.77,,1,1,1,1,,395.5
52596,-0.035,-1.281,1.025,-0.303,0.347,-0.007,9.219,330.37,30.43,8.4,0,0,36.585338,343.77,,1,1,1,1,,396
52596.5,-0.091,-1.284,0.585,-0.602,0.362,0.035,9.148,330.57,32.28,10.8,0,0,38.809553,346.37,,1,1,1,1,,396.5
52597,-0.146,-1.198,0.066,-0.87,0.353,0.084,9.133,330.57,32.28,10.8,0,0,38.809553,346.37,,1,1,1,1,,397
52597.5,-0.192,-1.029,-0.489,-1.067,0.303,0.138,9.204,330.67,33.2,10.9,0,0,39.915649,346.57,,1,1,1,1,,397.5
52598,-0.225,-0.791,-1.029,-1.173,0.241,0.184,9.329,330.67,33.2,10.9,0,0,39.915649,346.57,,1,1,1,1,,398
52598.5,-0.237,-0.504,-1.498,-1.156,0.136,0.171,9.557,330.67,33.2,11.1,0,0,39.915649,346.77,,1,1,1,1,,398.5
52599,-0.226,-0.201,-1.839,-1.008,0.022,0.108,9.818,330.67,33.2,11.1,0,0,39.915649,346.77,,1,1,1,1,,399
52599.5,-0.2,0.088,-2.007,-0.739,-0.089,0.04,10.095,330.67,32.28,9,0,0,38.809553,344.67,,1,1,1,1,,399.5
52600,-0.164,0.331,-1.971,-0.372,-0.186,-0.058,10.348,330.67,32.28,9,0,0,38.809553,344.67,,1,1,1,1,,400
52600.5,-0.121,0.503,-1.728,0.041,-0.251,-0.116,10.526,330.47,33.2,8.3,0,0,39.915649,343.77,,1,1,1,1,,400.5
52601,-0.075,0.586,-1.298,0.459,-0.278,-0.121,10.625,330.47,33.2,8.3,0,0,39.915649,343.77,,1,1,1,1,,401
52601.5,-0.031,0.574,-0.727,0.82,-0.26,-0.119,10.612,330.37,33.2,9.6,0,0,39.915649,344.97,,1,1,1,1,,401.5
52602,0.007,0.471,-0.079,1.093,-0.215,-0.109,10.53,330.37,33.2,9.6,0,0,39.915649,344.97,,1,1,1,1,,402
52602.5,0.03,0.283,0.576,1.238,-0.137,-0.089,10.341,330.37,31.35,9.6,0,0,37.691434,344.97,,1,1,1,1,,402.5
52603,0.035,0.037,1.162,1.236,-0.031,-0.041,10.097,330.37,31.35,9.6,0,0,37.691434,344.97,,1,1,1,1,,403
52603.5,0.024,-0.241,1.613,1.089,0.086,-0.011,9.809,330.27,31.35,8.8,0,0,37.691434,344.07,,1,1,1,1,,403.5
52604,0.001,-0.52,1.877,0.821,0.184,0.028,9.545,330.27,31.35,8.8,0,0,37.691434,344.07,,1,1,1,1,,404
52604.5,-0.028,-0.773,1.929,0.464,0.269,0.097,9.308,330.37,32.28,11.2,0,0,38.809553,346.57,,1,1,1,1,,404.5
52605,-0.053,-0.973,1.768,0.069,0.313,0.119,9.17,330.37,32.28,11.2,0,0,38.809553,346.57,,1,1,1,1,,405
52605.5,-0.073,-1.101,1.422,-0.309,0.333,0.079,9.115,330.47,32.28,12.3,0,0,38.809553,347.77,,1,1,1,1,,405.5
52606,-0.091,-1.151,0.941,-0.629,0.328,0,9.149,330.47,32.28,12.3,0,0,38.809553,347.77,,1,1,1,1,,406
52606.5,-0.11,-1.121,0.389,-0.85,0.291,-0.059,9.263,330.57,32.28,12.2,0,0,38.809553,347.77,,1,1,1,1,,406.5
52607,-0.136,-1.02,-0.168,-0.963,0.234,-0.113,9.426,330.57,32.28,12.2,0,0,38.809553,347.77,,1,1,1,1,,407
52607.5,-0.163,-0.865,-0.667,-0.954,0.158,-0.123,9.641,330.57,33.2,10.5,0,0,39.915649,346.07,,1,1,1,1,,407.5
52608,-0.196,-0.671,-1.056,-0.841,0.096,-0.108,9.83,330.57,33.2,10.5,0,0,39.915649,346.07,,1,1,1,1,,408
52608.5,-0.231,-0.465,-1.3,-0.642,0.027,-0.047,10.021,330.57,32.28,12,0,0,38.809553,347.57,,1,1,1,1,,408.5
52609,-0.266,-0.268,-1.384,-0.392,-0.022,-0.013,10.143,330.57,32.28,12,0,0,38.809553,347.57,,1,1,1,1,,409
52609.5,-0.297,-0.095,-1.315,-0.121,-0.067,0.013,10.249,330.67,32.28,13.5,0,0,38.809553,349.17,,1,1,1,1,,409.5
52610,-0.317,0.038,-1.111,0.136,-0.082,0.019,10.258,330.67,32.28,13.5,0,0,38.809553,349.17,,1,1,1,1,,410
52610.5,-0.325,0.12,-0.811,0.349,-0.094,0.002,10.246,330.57,30.43,11.4,0,0,36.585338,346.97,,1,1,1,1,,410.5
52611,-0.316,0.148,-0.456,0.501,-0.076,0.006,10.156,330.57,30.43,11.4,0,0,36.585338,346.97,,1,1,1,1,,411
52611.5,-0.295,0.126,-0.093,0.578,-0.069,0.004,10.069,330.57,30.43,8.8,0,0,36.585338,344.37,,1,1,1,1,,411.5
52612,-0.26,0.061,0.242,0.592,-0.037,0.045,9.962,330.57,30.43,8.8,0,0,36.585338,344.37,,1,1,1,1,,412
52612.5,-0.226,-0.037,0.516,0.543,0.002,0.051,9.856,330.47,31.35,10.1,0,0,37.691434,345.57,,1,1,1,1,,412.5
52613,-0.187,-0.16,0.712,0.455,0.03,0.004,9.774,330.47,31.35,10.1,0,0,37.691434,345.57,,1,1,1,1,,413
52613.5,-0.153,-0.297,0.818,0.324,0.083,-0.035,9.671,330.37,32.28,11.1,0,0,38.809553,346.47,,1,1,1,1,,413.5
52614,-0.124,-0.43,0.832,0.178,0.121,-0.072,9.615,330.37,32.28,11.1,0,0,38.809553,346.47,,1,1,1,1,,414
52614.5,-0.104,-0.552,0.76,0.016,0.165,-0.107,9.544,330.37,31.35,7.9,0,0,37.691434,343.27,,1,1,1,1,,414.5
52615,-0.092,-0.648,0.613,-0.135,0.181,-0.108,9.541,330.37,31.35,7.9,0,0,37.691434,343.27,,1,1,1,1,,415
52615.5,-0.09,-0.714,0.412,-0.267,0.209,-0.056,9.526,330.37,32.28,7.5,0,0,38.809553,342.87,,1,1,1,1,,415.5
52616,-0.099,-0.743,0.182,-0.354,0.189,-0.043,9.608,330.37,32.28,7.5,0,0,38.809553,342.87,,1,1,1,1,,416
52616.5,-0.11,-0.738,-0.046,-0.389,0.173,-0.036,9.678,330.37,33.2,9,0,0,39.915649,344.37,,1,1,1,1,,416.5
52617,-0.121,-0.7,-0.245,-0.367,0.13,-0.055,9.798,330.37,33.2,9,0,0,39.915649,344.37,,1,1,1,1,,417
52617.5,-0.129,-0.64,-0.388,-0.297,0.102,-0.052,9.877,330.37,33.2,10.4,0,0,39.915649,345.77,,1,1,1,1,,417.5
52618,-0.133,-0.567,-0.467,-0.201,0.077,-0.009,9.943,330.37,33.2,10.4,0,0,39.915649,345.77,,1,1,1,1,,418
52618.5,-0.13,-0.486,-0.48,-0.095,0.058,-0.006,9.968,330.37,33.2,6.5,0,0,39.915649,341.87,,1,1,1,1,,418.5
52619,-0.127,-0.406,-0.438,-0.004,0.047,0.035,9.963,330.37,33.2,6.5,0,0,39.915649,341.87,,1,1,1,1,,419
52619.5,-0.123,-0.332,-0.357,0.067,0.043,0.067,9.934,330.37,33.2,7.2,0,0,39.915649,342.57,,1,1,1,1,,419.5
52620,-0.121,-0.268,-0.258,0.103,0.046,0.085,9.878,330.37,33.2,7.2,0,0,39.915649,342.57,,1,1,1,1,,420
52620.5,-0.122,-0.215,-0.159,0.114,0.039,0.09,9.843,330.27,32.28,7.2,0,0,38.809553,342.47,,1,1,1,1,,420.5
52621,-0.125,-0.174,-0.073,0.099,0.047,0.08,9.791,330.27,32.28,7.2,0,0,38.809553,342.47,,1,1,1,1,,421
52621.5,-0.132,-0.148,-0.006,0.084,0.03,0.037,9.806,330.27,31.35,7.7,0,0,37.691434,342.97,,1,1,1,1,,421.5
52622,-0.137,-0.135,0.047,0.074,0.023,-0.018,9.819,330.27,31.35,7.7,0,0,37.691434,342.97,,1,1,1,1,,422
52622.5,-0.143,-0.142,0.09,0.081,0.012,-0.067,9.867,330.27,31.35,7.8,0,0,37.691434,343.07,,1,1,1,1,,422.5
52623,-0.142,-0.169,0.133,0.103,0.013,-0.112,9.897,330.27,31.35,7.8,0,0,37.691434,343.07,,1,1,1,1,,423
52623.5,-0.13,-0.22,0.18,0.134,0.01,-0.127,9.929,330.17,29.33,10.3,0,0,35.262831,345.47,,1,1,1,1,,423.5
52624,-0.11,-0.292,0.234,0.168,0.021,-0.143,9.929,330.17,29.33,10.3,0,0,35.262831,345.47,,1,1,1,1,,424
52624.5,-0.08,-0.38,0.29,0.188,0.037,-0.122,9.918,330.07,29.33,12.4,0,0,35.262831,347.47,,1,1,1,1,,424.5
52625,-0.042,-0.479,0.34,0.191,0.065,-0.075,9.876,330.07,29.33,12.4,0,0,35.262831,347.47,,1,1,1,1,,425
52625.5,-0.005,-0.579,0.37,0.159,0.101,0.003,9.807,330.07,31.35,9.8,0,0,37.691434,344.87,,1,1,1,1,,425.5
52626,0.026,-0.669,0.368,0.097,0.137,0.047,9.726,330.07,31.35,9.8,0,0,37.691434,344.87,,1,1,1,1,,426
52626.5,0.05,-0.736,0.324,0,0.164,0.116,9.642,330.07,31.35,9.4,0,0,37.691434,344.47,,1,1,1,1,,426.5
52627,0.057,-0.773,0.232,-0.107,0.176,0.145,9.602,330.07,31.35,9.4,0,0,37.691434,344.47,,1,1,1,1,,427
52627.5,0.052,-0.773,0.1,-0.215,0.196,0.123,9.572,330.07,32.28,7.5,0,0,38.809553,342.57,,1,1,1,1,,427.5
52628,0.036,-0.733,-0.059,-0.296,0.185,0.095,9.605,330.07,32.28,7.5,0,0,38.809553,342.57,,1,1,1,1,,428
52628.5,0.013,-0.657,-0.227,-0.351,0.184,0.052,9.625,330.07,31.35,8.5,0,0,37.691434,343.57,,1,1,1,1,,428.5
52629,-0.012,-0.556,-0.384,-0.367,0.145,0.022,9.7,330.07,31.35,8.5,0,0,37.691434,343.57,,1,1,1,1,,429
52629.5,-0.031,-0.438,-0.512,-0.349,0.121,-0.045,9.747,330.07,31.35,8.1,0,0,37.691434,343.17,,1,1,1,1,,429.5
52630,-0.039,-0.312,-0.598,-0.295,0.07,-0.025,9.836,330.07,31.35,8.1,0,0,37.691434,343.17,,1,1,1,1,,430
52630.5,-0.036,-0.196,-0.629,-0.209,0.033,-0.053,9.899,329.97,31.35,8.6,0,0,37.691434,343.57,,1,1,1,1,,430.5
52631,-0.027,-0.098,-0.602,-0.104,-0.002,-0.049,9.964,329.97,31.35,8.6,0,0,37.691434,343.57,,1,1,1,1,,431
52631.5,-0.014,-0.029,-0.516,0.02,-0.035,-0.029,10.017,329.87,30.43,7.9,0,0,36.585338,342.77,,1,1,1,1,,431.5
52632,0.002,0.005,-0.377,0.142,-0.066,-0.01,10.063,329.87,30.43,7.9,0,0,36.585338,342.77,,1,1,1,1,,432
52632.5,0.014,0.001,-0.196,0.26,-0.074,0.02,10.083,329.77,30.43,8.9,0,0,36.585338,343.67,,1,1,1,1,,432.5
52633,0.022,-0.041,0.012,0.355,-0.056,0.01,10.07,329.77,30.43,8.9,0,0,36.585338,343.67,,1,1,1,1,,433
52633.5,0.02,-0.118,0.231,0.432,-0.045,0.024,10.062,329.67,30.43,9.1,0,0,36.585338,343.77,,1,1,1,1,,433.5
52634,0.01,-0.225,0.443,0.473,-0.017,0.006,10.019,329.67,30.43,9.1,0,0,36.585338,343.77,,1,1,1,1,,434
52634.5,-0.01,-0.356,0.629,0.48,0.02,-0.033,9.965,329.67,29.33,5.6,0,0,35.262831,340.27,,1,1,1,1,,434.5
52635,-0.037,-0.496,0.771,0.435,0.077,-0.027,9.855,329.67,29.33,5.6,0,0,35.262831,340.27,,1,1,1,1,,435
52635.5,-0.07,-0.633,0.851,0.351,0.115,-0.03,9.776,329.67,28.4,9.2,0,0,34.144712,343.87,,1,1,1,1,,435.5
52636,-0.107,-0.754,0.856,0.22,0.175,-0.065,9.648,329.67,28.4,9.2,0,0,34.144712,343.87,,1,1,1,1,,436
52636.5,-0.137,-0.845,0.78,0.061,0.196,-0.041,9.574,329.77,28.4,4.9,0,0,34.144712,339.67,,1,1,1,1,,436.5
52637,-0.156,-0.898,0.625,-0.116,0.233,-0.04,9.481,329.77,28.4,4.9,0,0,34.144712,339.67,,1,1,1,1,,437
52637.5,-0.162,-0.904,0.397,-0.297,0.241,-0.053,9.439,329.77,28.4,2.9,0,0,34.144712,337.67,,1,1,1,1,,437.5
52638,-0.154,-0.864,0.116,-0.462,0.246,0.007,9.402,329.77,28.4,2.9,0,0,34.144712,337.67,,1,1,1,1,,438
52638.5,-0.129,-0.775,-0.197,-0.592,0.214,0.048,9.442,329.67,29.33,10.2,0,0,35.262831,344.87,,1,1,1,1,,438.5
52639,-0.096,-0.647,-0.51,-0.667,0.174,0.082,9.513,329.67,29.33,10.2,0,0,35.262831,344.87,,1,1,1,1,,439
52639.5,-0.057,-0.492,-0.793,-0.679,0.131,0.138,9.626,329.57,28.4,6.7,0,0,34.144712,341.27,,1,1,1,1,,439.5
52640,-0.02,-0.327,-1.009,-0.611,0.078,0.159,9.773,329.57,28.4,6.7,0,0,34.144712,341.27,,1,1,1,1,,440
52640.5,0.01,-0.169,-1.131,-0.471,0.01,0.09,9.942,329.47,30.43,10.1,0,0,36.585338,344.57,,1,1,1,1,,440.5
52641,0.027,-0.037,-1.137,-0.265,-0.056,0.032,10.103,329.47,30.43,10.1,0,0,36.585338,344.57,,1,1,1,1,,441
52641.5,0.03,0.055,-1.021,-0.023,-0.104,0.008,10.233,329.27,28.4,3.6,0,0,34.144712,337.87,,1,1,1,1,,441.5
52642,0.018,0.093,-0.788,0.235,-0.13,-0.071,10.314,329.27,28.4,3.6,0,0,34.144712,337.87,,1,1,1,1,,442
52642.5,-0.003,0.076,-0.463,0.463,-0.118,-0.128,10.306,329.27,28.4,2.7,0,0,34.144712,336.97,,1,1,1,1,,442.5
52643,-0.032,0.007,-0.082,0.637,-0.103,-0.153,10.263,329.27,28.4,2.7,0,0,34.144712,336.97,,1,1,1,1,,443
52643.5,-0.061,-0.103,0.309,0.737,-0.063,-0.191,10.159,329.17,27.48,358.3,0,0,33.038616,332.47,,1,1,1,1,,443.5
52644,-0.089,-0.243,0.667,0.753,-0.008,-0.149,10.019,329.17,27.48,358.3,0,0,33.038616,332.47,,1,1,1,1,,444
52644.5,-0.108,-0.396,0.952,0.685,0.059,-0.082,9.857,329.27,26.56,6.6,0,0,31.932519,340.87,,1,1,1,1,,444.5
52645,-0.109,-0.545,1.132,0.543,0.116,-0.035,9.71,329.27,26.56,6.6,0,0,31.932519,340.87,,1,1,1,1,,445
52645.5,-0.087,-0.672,1.191,0.352,0.165,-0.024,9.585,329.27,27.48,6,0,0,33.038616,340.27,,1,1,1,1,,445.5
52646,-0.04,-0.771,1.129,0.135,0.205,-0.044,9.495,329.27,27.48,6,0,0,33.038616,340.27,,1,1,1,1,,446
52646.5,0.033,-0.832,0.958,-0.077,0.223,-0.004,9.458,329.17,27.48,2.9,0,0,33.038616,337.07,,1,1,1,1,,446.5
52647,0.123,-0.856,0.703,-0.268,0.226,0.028,9.453,329.17,27.48,2.9,0,0,33.038616,337.07,,1,1,1,1,,447
52647.5,0.221,-0.843,0.394,-0.421,0.22,0.105,9.475,329.17,28.4,7.3,0,0,34.144712,341.47,,1,1,1,1,,447.5
52648,0.314,-0.798,0.062,-0.529,0.194,0.16,9.517,329.17,28.4,7.3,0,0,34.144712,341.47,,1,1,1,1,,448
52648.5,0.386,-0.729,-0.262,-0.586,0.159,0.232,9.585,329.17,27.48,8.3,0,0,33.038616,342.47,,1,1,1,1,,448.5
52649,0.428,-0.644,-0.552,-0.601,0.14,0.248,9.637,329.17,27.48,8.3,0,0,33.038616,342.47,,1,1,1,1,,449
52649.5,0.436,-0.546,-0.79,-0.574,0.11,0.224,9.708,329.07,27.48,7.9,0,0,33.038616,341.97,,1,1,1,1,,449.5
52650,0.407,-0.441,-0.961,-0.509,0.077,0.162,9.778,329.07,27.48,7.9,0,0,33.038616,341.97,,1,1,1,1,,450
52650.5,0.344,-0.33,-1.056,-0.409,0.027,0.092,9.874,328.97,28.4,8.3,0,0,34.144712,342.27,,1,1,1,1,,450.5
52651,0.257,-0.225,-1.066,-0.274,-0.002,0.037,9.957,328.97,28.4,8.3,0,0,34.144712,342.27,,1,1,1,1,,451
52651.5,0.156,-0.135,-0.99,-0.111,-0.037,-0.018,10.052,328.97,27.48,8.2,0,0,33.038616,342.17,,1,1,1,1,,451.5
52652,0.053,-0.064,-0.829,0.071,-0.061,-0.044,10.13,328.97,27.48,8.2,0,0,33.038616,342.17,,1,1,1,1,,452
52652.5,-0.038,-0.022,-0.593,0.25,-0.064,-0.106,10.172,328.87,27.48,11,0,0,33.038616,344.87,,1,1,1,1,,452.5
52653,-0.11,-0.012,-0.302,0.415,-0.059,-0.119,10.19,328.87,27.48,11,0,0,33.038616,344.87,,1,1,1,1,,453
52653.5,-0.158,-0.037,0.021,0.541,-0.037,-0.111,10.16,328.77,26.56,13.1,0,0,31.932519,346.87,,1,1,1,1,,453.5
52654,-0.178,-0.099,0.347,0.628,-0.03,-0.088,10.127,328.77,26.56,13.1,0,0,31.932519,346.87,,1,1,1,1,,454
52654.5,-0.174,-0.192,0.649,0.66,0.004,-0.031,10.04,328.77,26.56,12.9,0,0,31.932519,346.67,,1,1,1,1,,454.5
52655,-0.144,-0.306,0.901,0.637,0.033,-0.015,9.951,328.77,26.56,12.9,0,0,31.932519,346.67,,1,1,1,1,,455
52655.5,-0.098,-0.439,1.081,0.56,0.067,-0.027,9.834,328.67,26.56,14.4,0,0,31.932519,348.07,,1,1,1,1,,455.5
52656,-0.045,-0.579,1.17,0.428,0.103,-0.011,9.721,328.67,26.56,14.4,0,0,31.932519,348.07,,1,1,1,1,,456
52656.5,-0.003,-0.709,1.157,0.25,0.158,0.027,9.582,328.57,28.4,12.1,0,0,34.144712,345.67,,1,1,1,1,,456.5
52657,0.017,-0.817,1.036,0.035,0.198,0.028,9.465,328.57,28.4,12.1,0,0,34.144712,345.67,,1,1,1,1,,457
52657.5,0.006,-0.892,0.813,-0.192,0.222,-0.012,9.386,328.57,29.33,13.3,0,0,35.262831,346.87,,1,1,1,1,,457.5
52658,-0.035,-0.922,0.506,-0.404,0.224,-0.04,9.366,328.57,29.33,13.3,0,0,35.262831,346.87,,1,1,1,1,,458
52658.5,-0.102,-0.906,0.146,-0.574,0.216,-0.063,9.394,328.57,28.4,13.3,0,0,34.144712,346.87,,1,1,1,1,,458.5
52659,-0.187,-0.841,-0.231,-0.686,0.197,-0.051,9.467,328.57,28.4,13.3,0,0,34.144712,346.87,,1,1,1,1,,459
52659.5,-0.274,-0.74,-0.587,-0.729,0.164,-0.017,9.567,328.57,28.4,15,0,0,34.144712,348.57,,1,1,1,1,,459.5
52660,-0.351,-0.61,-0.887,-0.702,0.121,-0.017,9.691,328.57,28.4,15,0,0,34.144712,348.57,,1,1,1,1,,460
52660.5,-0.412,-0.461,-1.103,-0.61,0.074,-0.014,9.818,328.67,26.56,13,0,0,31.932519,346.67,,1,1,1,1,,460.5
52661,-0.443,-0.311,-1.216,-0.46,0.023,-0.025,9.951,328.67,26.56,13,0,0,31.932519,346.67,,1,1,1,1,,461
52661.5,-0.442,-0.173,-1.215,-0.273,-0.017,-0.021,10.055,328.67,26.56,15.2,0,0,31.932519,348.87,,1,1,1,1,,461.5
52662,-0.405,-0.055,-1.102,-0.059,-0.056,-0.004,10.16,328.67,26.56,15.2,0,0,31.932519,348.87,,1,1,1,1,,462
52662.5,-0.346,0.026,-0.887,0.163,-0.079,-0.013,10.226,328.47,26.56,12.9,0,0,31.932519,346.37,,1,1,1,1,,462.5
52663,-0.267,0.062,-0.588,0.378,-0.106,-0.059,10.276,328.47,26.56,12.9,0,0,31.932519,346.37,,1,1,1,1,,463
52663.5,-0.179,0.048,-0.227,0.567,-0.112,-0.109,10.278,328.37,29.33,16.9,0,0,35.262831,350.27,,1,1,1,1,,463.5
52664,-0.092,-0.016,0.163,0.704,-0.095,-0.124,10.228,328.37,29.33,16.9,0,0,35.262831,350.27,,1,1,1,1,,464
52664.5,-0.016,-0.127,0.543,0.775,-0.055,-0.127,10.126,328.27,29.33,13.2,0,0,35.262831,346.47,,1,1,1,1,,464.5
52665,0.046,-0.272,0.875,0.762,0.003,-0.118,9.98,328.27,29.33,13.2,0,0,35.262831,346.47,,1,1,1,1,,465
52665.5,0.096,-0.436,1.121,0.667,0.063,-0.081,9.819,328.17,29.33,16.3,0,0,35.262831,349.47,,1,1,1,1,,465.5
52666,0.127,-0.599,1.252,0.492,0.136,0.01,9.63,328.17,29.33,16.3,0,0,35.262831,349.47,,1,1,1,1,,466
52666.5,0.147,-0.742,1.248,0.253,0.195,0.1,9.467,328.17,30.43,7.2,0,0,36.585338,340.37,,1,1,1,1,,466.5
52667,0.153,-0.85,1.106,-0.022,0.247,0.124,9.33,328.17,30.43,7.2,0,0,36.585338,340.37,,1,1,1,1,,467
52667.5,0.148,-0.905,0.837,-0.301,0.27,0.126,9.263,328.27,30.43,14.4,0,0,36.585338,347.67,,1,1,1,1,,467.5
52668,0.138,-0.902,0.47,-0.551,0.273,0.096,9.252,328.27,30.43,14.4,0,0,36.585338,347.67,,1,1,1,1,,468
52668.5,0.127,-0.844,0.044,-0.744,0.25,0.04,9.309,328.37,29.33,11.5,0,0,35.262831,344.87,,1,1,1,1,,468.5
52669,0.113,-0.732,-0.392,-0.852,0.202,0.024,9.429,328.37,29.33,11.5,0,0,35.262831,344.87,,1,1,1,1,,469
52669.5,0.095,-0.583,-0.787,-0.862,0.137,0.051,9.597,328.27,31.35,16.8,0,0,37.691434,350.07,,1,1,1,1,,469.5
52670,0.078,-0.415,-1.095,-0.765,0.057,0.044,9.808,328.27,31.35,16.8,0,0,37.691434,350.07,,1,1,1,1,,470
52670.5,0.062,-0.249,-1.273,-0.571,-0.017,0.048,10.02,328.17,32.28,16.3,0,0,38.809553,349.47,,1,1,1,1,,470.5
52671,0.049,-0.104,-1.298,-0.3,-0.093,0.044,10.225,328.17,32.28,16.3,0,0,38.809553,349.47,,1,1,1,1,,471
52671.5,0.032,-0.003,-1.162,0.017,-0.133,0.015,10.375,328.07,33.2,17,0,0,39.915649,350.07,,1,1,1,1,,471.5
52672,0.02,0.046,-0.877,0.343,-0.16,-0.045,10.475,328.07,33.2,17,0,0,39.915649,350.07,,1,1,1,1,,472
52672.5,0.01,0.035,-0.472,0.643,-0.157,-0.075,10.494,327.97,33.2,15,0,0,39.915649,347.97,,1,1,1,1,,472.5
52673,-0.002,-0.04,0.006,0.873,-0.139,-0.123,10.43,327.97,33.2,15,0,0,39.915649,347.97,,1,1,1,1,,473
52673.5,-0.018,-0.17,0.501,1.004,-0.083,-0.13,10.282,327.97,32.28,11.6,0,0,38.809553,344.57,,1,1,1,1,,473.5
52674,-0.039,-0.341,0.949,1.006,-0.004,-0.083,10.053,327.97,32.28,11.6,0,0,38.809553,344.57,,1,1,1,1,,474
52674.5,-0.07,-0.527,1.289,0.877,0.081,-0.051,9.793,327.97,32.28,12.6,0,0,38.809553,345.57,,1,1,1,1,,474.5
52675,-0.113,-0.705,1.469,0.618,0.179,0.029,9.489,327.97,32.28,12.6,0,0,38.809553,345.57,,1,1,1,1,,475
52675.5,-0.165,-0.847,1.455,0.254,0.262,0.077,9.225,328.07,30.43,12.3,0,0,36.585338,345.37,,1,1,1,1,,475.5
52676,-0.23,-0.933,1.237,-0.169,0.325,0.106,9.016,328.07,30.43,12.3,0,0,36.585338,345.37,,1,1,1,1,,476
52676.5,-0.297,-0.944,0.832,-0.589,0.339,0.114,8.936,328.17,29.33,15.6,0,0,35.262831,348.77,,1,1,1,1,,476.5
52677,-0.361,-0.88,0.292,-0.939,0.323,0.09,8.984,328.17,29.33,15.6,0,0,35.262831,348.77,,1,1,1,1,,477
52677.5,-0.409,-0.743,-0.31,-1.163,0.262,0.024,9.159,328.17,28.4,12.4,0,0,34.144712,345.57,,1,1,1,1,,477.5
52678,-0.434,-0.555,-0.887,-1.224,0.167,-0.06,9.435,328.17,28.4,12.4,0,0,34.144712,345.57,,1,1,1,1,,478
52678.5,-0.436,-0.338,-1.358,-1.117,0.062,-0.147,9.754,328.07,26.56,13.7,0,0,31.932519,346.77,,1,1,1,1,,478.5
52679,-0.417,-0.127,-1.655,-0.859,-0.052,-0.177,10.077,328.07,26.56,13.7,0,0,31.932519,346.77,,1,1,1,1,,479
52679.5,-0.381,0.051,-1.734,-0.48,-0.143,-0.222,10.37,327.97,27.48,12.7,0,0,33.038616,345.67,,1,1,1,1,,479.5
52680,-0.332,0.174,-1.584,-0.039,-0.205,-0.251,10.564,327.97,27.48,12.7,0,0,33.038616,345.67,,1,1,1,1,,480
52680.5,-0.278,0.224,-1.224,0.405,-0.231,-0.222,10.682,327.87,26.56,11.5,0,0,31.932519,344.37,,1,1,1,1,,480.5
52681,-0.216,0.196,-0.701,0.792,-0.212,-0.205,10.658,327.87,26.56,11.5,0,0,31.932519,344.37,,1,1,1,1,,481
52681.5,-0.152,0.092,-0.088,1.071,-0.164,-0.185,10.542,327.87,28.4,12.9,0,0,34.144712,345.77,,1,1,1,1,,481.5
52682,-0.088,-0.072,0.54,1.224,-0.099,-0.139,10.367,327.87,28.4,12.9,0,0,34.144712,345.77,,1,1,1,1,,482
52682.5,-0.02,-0.278,1.107,1.229,-0.009,-0.039,10.119,327.87,29.33,15.1,0,0,35.262831,347.97,,1,1,1,1,,482.5
52683,0.042,-0.502,1.549,1.107,0.065,0.077,9.884,327.87,29.33,15.1,0,0,35.262831,347.97,,1,1,1,1,,483
52683.5,0.099,-0.724,1.819,0.861,0.153,0.157,9.6,327.97,29.33,16.7,0,0,35.262831,349.67,,1,1,1,1,,483.5
52684,0.146,-0.915,1.884,0.517,0.23,0.22,9.353,327.97,29.33,16.7,0,0,35.262831,349.67,,1,1,1,1,,484
52684.5,0.181,-1.055,1.736,0.109,0.294,0.237,9.136,327.97,30.43,16.8,0,0,36.585338,349.77,,1,1,1,1,,484.5
52685,0.202,-1.125,1.387,-0.318,0.329,0.206,9.012,327.97,30.43,16.8,0,0,36.585338,349.77,,1,1,1,1,,485
52685.5,0.212,-1.113,0.874,-0.713,0.335,0.151,8.967,328.07,30.43,18.4,0,0,36.585338,351.47,,1,1,1,1,,485.5
52686,0.217,-1.02,0.254,-1.034,0.313,0.088,9.023,328.07,30.43,18.4,0,0,36.585338,351.47,,1,1,1,1,,486
52686.5,0.216,-0.851,-0.405,-1.238,0.256,0.041,9.167,328.07,30.43,16,0,0,36.585338,349.07,,1,1,1,1,,486.5
52687,0.21,-0.628,-1.028,-1.31,0.178,-0.005,9.378,328.07,30.43,16,0,0,36.585338,349.07,,1,1,1,1,,487
52687.5,0.198,-0.377,-1.547,-1.239,0.088,-0.04,9.636,328.07,29.33,13.8,0,0,35.262831,346.87,,1,1,1,1,,487.5
52688,0.183,-0.123,-1.905,-1.036,-0.002,-0.045,9.911,328.07,29.33,13.8,0,0,35.262831,346.87,,1,1,1,1,,488
52688.5,0.168,0.111,-2.061,-0.717,-0.093,-0.024,10.185,327.97,29.33,13.6,0,0,35.262831,346.57,,1,1,1,1,,488.5
52689,0.149,0.294,-1.997,-0.325,-0.154,-0.01,10.394,327.97,29.33,13.6,0,0,35.262831,346.57,,1,1,1,1,,489
52689.5,0.12,0.406,-1.72,0.101,-0.2,-0.012,10.549,327.97,30.43,9.2,0,0,36.585338,342.17,,1,1,1,1,,489.5
52690,0.081,0.438,-1.262,0.504,-0.213,-0.019,10.601,327.97,30.43,9.2,0,0,36.585338,342.17,,1,1,1,1,,490
52690.5,0.035,0.389,-0.678,0.844,-0.197,-0.022,10.583,327.87,29.33,15,0,0,35.262831,347.87,,1,1,1,1,,490.5
52691,-0.018,0.266,-0.028,1.093,-0.158,-0.009,10.486,327.87,29.33,15,0,0,35.262831,347.87,,1,1,1,1,,491
52691.5,-0.077,0.082,0.619,1.231,-0.111,-0.023,10.354,327.87,27.48,12.5,0,0,33.038616,345.37,,1,1,1,1,,491.5
52692,-0.139,-0.144,1.204,1.26,-0.053,-0.017,10.183,327.87,27.48,12.5,0,0,33.038616,345.37,,1,1,1,1,,492
52692.5,-0.204,-0.395,1.675,1.181,0.012,-0.046,9.995,327.97,28.4,15,0,0,34.144712,347.97,,1,1,1,1,,492.5
52693,-0.265,-0.649,1.996,1.007,0.077,-0.091,9.801,327.97,28.4,15,0,0,34.144712,347.97,,1,1,1,1,,493
52693.5,-0.326,-0.883,2.139,0.744,0.154,-0.07,9.589,327.97,28.4,19.5,0,0,34.144712,352.47,,1,1,1,1,,493.5
52694,-0.378,-1.079,2.093,0.418,0.231,-0.067,9.398,327.97,28.4,19.5,0,0,34.144712,352.47,,1,1,1,1,,494
52694.5,-0.416,-1.217,1.859,0.048,0.295,-0.09,9.225,328.17,27.48,18,0,0,33.038616,351.17,,1,1,1,1,,494.5
52695,-0.442,-1.288,1.454,-0.335,0.334,-0.064,9.103,328.17,27.48,18,0,0,33.038616,351.17,,1,1,1,1,,495
52695.5,-0.457,-1.282,0.909,-0.706,0.361,-0.029,9.012,328.17,26.56,19,0,0,31.932519,352.17,,1,1,1,1,,495.5
52696,-0.461,-1.191,0.262,-1.039,0.357,0.004,8.984,328.17,26.56,19,0,0,31.932519,352.17,,1,1,1,1,,496
52696.5,-0.451,-1.021,-0.435,-1.297,0.314,0.044,9.042,328.27,27.48,6.2,0,0,33.038616,339.47,,1,1,1,1,,496.5
52697,-0.436,-0.782,-1.123,-1.444,0.243,0.038,9.2,328.27,27.48,6.2,0,0,33.038616,339.47,,1,1,1,1,,497
52697.5,-0.422,-0.494,-1.731,-1.446,0.143,0.006,9.448,328.27,26.56,6.1,0,0,31.932519,339.37,,1,1,1,1,,497.5
52698,-0.406,-0.185,-2.19,-1.289,0.015,-0.034,9.775,328.27,26.56,6.1,0,0,31.932519,339.37,,1,1,1,1,,498
52698.5,-0.391,0.108,-2.441,-0.979,-0.096,-0.09,10.102,328.27,24.71,6.4,0,0,29.708304,339.67,,1,1,1,1,,498.5
52699,-0.374,0.358,-2.447,-0.553,-0.201,-0.183,10.406,328.27,24.71,6.4,0,0,29.708304,339.67,,1,1,1,1,,499
52699.5,-0.35,0.533,-2.199,-0.058,-0.278,-0.228,10.628,328.17,25.64,6.1,0,0,30.826423,339.27,,1,1,1,1,,499.5
52700,-0.316,0.616,-1.721,0.442,-0.313,-0.23,10.769,328.17,25.64,6.1,0,0,30.826423,339.27,,1,1,1,1,,500
52700.5,-0.261,0.601,-1.06,0.9,-0.298,-0.234,10.79,328.07,26.56,7.4,0,0,31.932519,340.47,,1,1,1,1,,500.5
52701,-0.191,0.482,-0.287,1.255,-0.258,-0.184,10.713,328.07,26.56,7.4,0,0,31.932519,340.47,,1,1,1,1,,501
52701.5,-0.104,0.276,0.517,1.485,-0.194,-0.09,10.553,328.07,26.56,8.2,0,0,31.932519,341.27,,1,1,1,1,,501.5
52702,-0.005,0.004,1.266,1.545,-0.08,-0.017,10.279,328.07,26.56,8.2,0,0,31.932519,341.27,,1,1,1,1,,502
52702.5,0.093,-0.303,1.88,1.444,0.029,0.063,9.981,328.17,27.48,9.9,0,0,33.038616,343.07,,1,1,1,1,,502.5
52703,0.192,-0.614,2.291,1.172,0.161,0.145,9.616,328.17,27.48,9.9,0,0,33.038616,343.07,,1,1,1,1,,503
52703.5,0.286,-0.891,2.45,0.771,0.264,0.168,9.314,328.27,26.56,13.3,0,0,31.932519,346.57,,1,1,1,1,,503.5
52704,0.376,-1.105,2.341,0.279,0.366,0.176,9.024,328.27,26.56,13.3,0,0,31.932519,346.57,,1,1,1,1,,504
52704.5,0.455,-1.229,1.976,-0.234,0.398,0.156,8.894,328.37,26.56,6.9,0,0,31.932519,340.27,,1,1,1,1,,504.5
52705,0.524,-1.25,1.403,-0.708,0.408,0.145,8.845,328.37,26.56,6.9,0,0,31.932519,340.27,,1,1,1,1,,505
52705.5,0.569,-1.174,0.693,-1.075,0.351,0.142,8.974,328.37,25.64,8.5,0,0,30.826423,341.87,,1,1,1,1,,505.5
52706,0.584,-1.012,-0.061,-1.291,0.283,0.11,9.161,328.37,25.64,8.5,0,0,30.826423,341.87,,1,1,1,1,,506
52706.5,0.565,-0.786,-0.769,-1.341,0.163,0.079,9.459,328.37,25.64,4,0,0,30.826423,337.37,,1,1,1,1,,506.5
52707,0.509,-0.532,-1.347,-1.224,0.059,0.077,9.753,328.37,25.64,4,0,0,30.826423,337.37,,1,1,1,1,,507
52707.5,0.416,-0.28,-1.736,-0.97,-0.049,0.047,10.049,328.47,26.56,4.5,0,0,31.932519,337.97,,1,1,1,1,,507.5
52708,0.301,-0.059,-1.9,-0.615,-0.128,0.036,10.282,328.47,26.56,4.5,0,0,31.932519,337.97,,1,1,1,1,,508
52708.5,0.172,0.106,-1.836,-0.218,-0.178,0.044,10.442,328.47,27.48,15.7,0,0,33.038616,349.17,,1,1,1,1,,508.5
52709,0.044,0.203,-1.568,0.181,-0.204,0.006,10.522,328.47,27.48,15.7,0,0,33.038616,349.17,,1,1,1,1,,509
52709.5,-0.069,0.222,-1.142,0.519,-0.19,-0.025,10.489,328.47,29.33,16.6,0,0,35.262831,350.07,,1,1,1,1,,509.5
52710,-0.16,0.174,-0.621,0.778,-0.173,-0.004,10.427,328.47,29.33,16.6,0,0,35.262831,350.07,,1,1,1,1,,510
52710.5,-0.222,0.065,-0.071,0.919,-0.089,0.022,10.241,328.57,30.43,14.5,0,0,36.585338,348.07,,1,1,1,1,,510.5
52711,-0.255,-0.083,0.438,0.942,-0.023,0.05,10.059,328.57,30.43,14.5,0,0,36.585338,348.07,,1,1,1,1,,511
52711.5,-0.27,-0.255,0.852,0.846,0.07,0.012,9.819,328.57,31.35,12.7,0,0,37.691434,346.27,,1,1,1,1,,511.5
52712,-0.271,-0.422,1.125,0.652,0.134,-0.046,9.631,328.57,31.35,12.7,0,0,37.691434,346.27,,1,1,1,1,,512
52712.5,-0.268,-0.564,1.236,0.393,0.203,-0.082,9.449,328.67,30.43,8.4,0,0,36.585338,342.07,,1,1,1,1,,512.5
52713,-0.274,-0.665,1.182,0.099,0.246,-0.123,9.338,328.67,30.43,8.4,0,0,36.585338,342.07,,1,1,1,1,,513
52713.5,-0.297,-0.718,0.984,-0.185,0.268,-0.132,9.281,328.67,29.33,7.3,0,0,35.262831,340.97,,1,1,1,1,,513.5
52714,-0.342,-0.718,0.676,-0.43,0.251,-0.142,9.306,328.67,29.33,7.3,0,0,35.262831,340.97,,1,1,1,1,,514
52714.5,-0.41,-0.67,0.304,-0.6,0.21,-0.107,9.396,328.67,27.48,7.3,0,0,33.038616,340.97,,1,1,1,1,,514.5
52715,-0.494,-0.581,-0.079,-0.69,0.162,-0.088,9.521,328.67,27.48,7.3,0,0,33.038616,340.97,,1,1,1,1,,515
52715.5,-0.586,-0.467,-0.425,-0.679,0.093,-0.098,9.696,328.77,28.4,3.8,0,0,34.144712,337.57,,1,1,1,1,,515.5
52716,-0.676,-0.343,-0.689,-0.585,0.034,-0.095,9.854,328.77,28.4,3.8,0,0,34.144712,337.57,,1,1,1,1,,516
52716.5,-0.75,-0.226,-0.844,-0.414,-0.031,-0.107,10.026,328.87,29.33,1.9,0,0,35.262831,335.77,,1,1,1,1,,516.5
52717,-0.799,-0.131,-0.872,-0.2,-0.069,-0.128,10.134,328.87,29.33,1.9,0,0,35.262831,335.77,,1,1,1,1,,517
52717.5,-0.816,-0.067,-0.782,0.026,-0.099,-0.16,10.219,328.97,30.43,7.6,0,0,36.585338,341.57,,1,1,1,1,,517.5
52718,-0.797,-0.042,-0.59,0.234,-0.082,-0.157,10.209,328.97,30.43,7.6,0,0,36.585338,341.57,,1,1,1,1,,518
52718.5,-0.746,-0.056,-0.331,0.397,-0.074,-0.149,10.184,328.97,30.43,4.2,0,0,36.585338,338.17,,1,1,1,1,,518.5
52719,-0.659,-0.106,-0.041,0.5,-0.035,-0.14,10.094,328.97,30.43,4.2,0,0,36.585338,338.17,,1,1,1,1,,519
52719.5,-0.551,-0.18,0.238,0.53,0.015,-0.132,9.982,328.97,31.35,5.1,0,0,37.691434,339.07,,1,1,1,1,,519.5
52720,-0.426,-0.271,0.473,0.496,0.062,-0.081,9.865,328.97,31.35,5.1,0,0,37.691434,339.07,,1,1,1,1,,520
52720.5,-0.297,-0.368,0.637,0.402,0.103,-0.018,9.752,328.97,30.43,6.5,0,0,36.585338,340.47,,1,1,1,1,,520.5
52721,-0.171,-0.462,0.716,0.275,0.137,0.028,9.665,328.97,30.43,6.5,0,0,36.585338,340.47,,1,1,1,1,,521
52721.5,-0.062,-0.537,0.709,0.127,0.157,0.076,9.604,329.07,30.43,4.1,0,0,36.585338,338.17,,1,1,1,1,,521.5
52722,0.032,-0.592,0.624,-0.014,0.155,0.054,9.592,329.07,30.43,4.1,0,0,36.585338,338.17,,1,1,1,1,,522
52722.5,0.102,-0.621,0.48,-0.142,0.154,-0.019,9.577,329.07,29.33,1.3,0,0,35.262831,335.37,,1,1,1,1,,522.5
52723,0.158,-0.623,0.295,-0.242,0.135,-0.044,9.609,329.07,29.33,1.3,0,0,35.262831,335.37,,1,1,1,1,,523
52723.5,0.198,-0.6,0.094,-0.311,0.126,-0.058,9.637,329.07,27.48,354.5,0,0,33.038616,328.57,,1,1,1,1,,523.5
52724,0.222,-0.552,-0.104,-0.341,0.096,-0.036,9.706,329.07,27.48,354.5,0,0,33.038616,328.57,,1,1,1,1,,524
52724.5,0.237,-0.491,-0.275,-0.327,0.073,0.023,9.778,329.07,28.4,358.2,0,0,34.144712,332.27,,1,1,1,1,,524.5
52725,0.24,-0.42,-0.402,-0.272,0.042,0.066,9.862,329.07,28.4,358.2,0,0,34.144712,332.27,,1,1,1,1,,525
52725.5,0.233,-0.352,-0.471,-0.189,0.021,0.093,9.921,329.17,27.48,0.8,0,0,33.038616,334.97,,1,1,1,1,,525.5
52726,0.22,-0.291,-0.483,-0.098,0.01,0.092,9.948,329.17,27.48,0.8,0,0,33.038616,334.97,,1,1,1,1,,526
52726.5,0.206,-0.247,-0.445,-0.015,0.015,0.091,9.937,329.17,29.33,7.5,0,0,35.262831,341.67,,1,1,1,1,,526.5
52727,0.19,-0.219,-0.374,0.04,0.029,0.066,9.9,329.17,29.33,7.5,0,0,35.262831,341.67,,1,1,1,1,,527
52727.5,0.177,-0.205,-0.288,0.071,0.034,0.082,9.868,329.17,28.4,4.6,0,0,34.144712,338.77,,1,1,1,1,,527.5
52728,0.164,-0.201,-0.203,0.073,0.054,0.076,9.81,329.17,28.4,4.6,0,0,34.144712,338.77,,1,1,1,1,,528
52728.5,0.146,-0.206,-0.129,0.06,0.06,0.054,9.786,329.17,28.4,7.8,0,0,34.144712,341.97,,1,1,1,1,,528.5
52729,0.121,-0.218,-0.072,0.039,0.06,0.065,9.769,329.17,28.4,7.8,0,0,34.144712,341.97,,1,1,1,1,,529
52729.5,0.081,-0.231,-0.033,0.017,0.06,0.059,9.775,329.17,28.4,359.9,0,0,34.144712,334.07,,1,1,1,1,,529.5
52730,0.025,-0.245,-0.008,-0.001,0.074,0.057,9.767,329.17,28.4,359.9,0,0,34.144712,334.07,,1,1,1,1,,530
52730.5,-0.049,-0.257,0.007,-0.011,0.067,0.074,9.794,329.27,27.48,1.8,0,0,33.038616,336.07,,1,1,1,1,,530.5
52731,-0.141,-0.264,0.019,-0.006,0.069,0.098,9.821,329.27,27.48,1.8,0,0,33.038616,336.07,,1,1,1,1,,531
52731.5,-0.245,-0.273,0.033,0.007,0.066,0.076,9.846,329.37,27.48,5.6,0,0,33.038616,339.97,,1,1,1,1,,531.5
52732,-0.361,-0.28,0.055,0.039,0.051,0.009,9.892,329.37,27.48,5.6,0,0,33.038616,339.97,,1,1,1,1,,532
52732.5,-0.476,-0.292,0.091,0.08,0.047,-0.072,9.921,329.37,27.48,3.1,0,0,33.038616,337.47,,1,1,1,1,,532.5
52733,-0.58,-0.304,0.143,0.137,0.027,-0.138,9.969,329.37,27.48,3.1,0,0,33.038616,337.47,,1,1,1,1,,533
52733.5,-0.664,-0.328,0.213,0.192,0.025,-0.202,9.974,329.37,30.43,0,0,0,36.585338,334.37,,1,1,1,1,,533.5
52734,-0.719,-0.361,0.293,0.24,0.021,-0.232,9.983,329.37,30.43,0,0,0,36.585338,334.37,,1,1,1,1,,534
52734.5,-0.741,-0.407,0.376,0.265,0.045,-0.276,9.931,329.27,31.35,0.2,0,0,37.691434,334.47,,1,1,1,1,,534.5
52735,-0.734,-0.457,0.445,0.259,0.058,-0.284,9.88,329.27,31.35,0.2,0,0,37.691434,334.47,,1,1,1,1,,535
52735.5,-0.694,-0.509,0.486,0.213,0.087,-0.3,9.793,329.27,29.33,0.6,0,0,35.262831,334.87,,1,1,1,1,,535.5
52736,-0.632,-0.553,0.483,0.133,0.111,-0.307,9.718,329.27,29.33,0.6,0,0,35.262831,334.87,,1,1,1,1,,536
52736.5,-0.556,-0.587,0.432,0.032,0.128,-0.257,9.651,329.27,30.43,359.6,0,0,36.585338,333.87,,1,1,1,1,,536.5
52737,-0.471,-0.604,0.33,-0.085,0.13,-0.187,9.603,329.27,30.43,359.6,0,0,36.585338,333.87,,1,1,1,1,,537
52737.5,-0.389,-0.598,0.184,-0.195,0.133,-0.067,9.579,329.47,29.33,10.7,0,0,35.262831,345.17,,1,1,1,1,,537.5
52738,-0.314,-0.568,0.007,-0.294,0.118,0.036,9.584,329.47,29.33,10.7,0,0,35.262831,345.17,,1,1,1,1,,538
52738.5,-0.252,-0.52,-0.185,-0.366,0.112,0.12,9.603,329.47,29.33,12.5,0,0,35.262831,346.97,,1,1,1,1,,538.5
52739,-0.2,-0.452,-0.375,-0.414,0.108,0.173,9.625,329.47,29.33,12.5,0,0,35.262831,346.97,,1,1,1,1,,539
52739.5,-0.155,-0.375,-0.546,-0.424,0.079,0.173,9.694,329.57,32.28,7.5,0,0,38.809553,342.07,,1,1,1,1,,539.5
52740,-0.12,-0.288,-0.682,-0.403,0.075,0.158,9.744,329.57,32.28,7.5,0,0,38.809553,342.07,,1,1,1,1,,540
52740.5,-0.085,-0.204,-0.768,-0.337,0.051,0.147,9.836,329.57,32.28,6.5,0,0,38.809553,341.07,,1,1,1,1,,540.5
52741,-0.049,-0.127,-0.792,-0.239,0.029,0.136,9.917,329.57,32.28,6.5,0,0,38.809553,341.07,,1,1,1,1,,541
52741.5,-0.01,-0.067,-0.749,-0.114,0.002,0.078,10.003,329.57,31.35,9,0,0,37.691434,343.57,,1,1,1,1,,541.5
52742,0.033,-0.028,-0.638,0.023,-0.007,-0.003,10.041,329.57,31.35,9,0,0,37.691434,343.57,,1,1,1,1,,542
52742.5,0.08,-0.016,-0.471,0.161,-0.024,-0.061,10.086,329.47,33.2,7.8,0,0,39.915649,342.27,,1,1,1,1,,542.5
52743,0.13,-0.033,-0.258,0.282,-0.019,-0.134,10.077,329.47,33.2,7.8,0,0,39.915649,342.27,,1,1,1,1,,543
52743.5,0.181,-0.074,-0.024,0.371,-0.012,-0.163,10.059,329.27,34.12,7.8,0,0,41.021746,342.07,,1,1,1,1,,543.5
52744,0.237,-0.137,0.212,0.425,0.016,-0.147,9.999,329.27,34.12,7.8,0,0,41.021746,342.07,,1,1,1,1,,544
52744.5,0.286,-0.213,0.425,0.432,0.039,-0.088,9.939,329.27,32.28,3,0,0,38.809553,337.27,,1,1,1,1,,544.5
52745,0.323,-0.296,0.597,0.405,0.068,-0.01,9.863,329.27,32.28,3,0,0,38.809553,337.27,,1,1,1,1,,545
52745.5,0.342,-0.38,0.713,0.34,0.082,0.086,9.803,329.37,32.28,2.8,0,0,38.809553,337.17,,1,1,1,1,,545.5
52746,0.343,-0.455,0.77,0.267,0.081,0.19,9.779,329.37,32.28,2.8,0,0,38.809553,337.17,,1,1,1,1,,546
52746.5,0.325,-0.52,0.77,0.182,0.096,0.224,9.743,329.47,31.35,3.5,0,0,37.691434,337.97,,1,1,1,1,,546.5
52747,0.283,-0.577,0.723,0.112,0.08,0.222,9.765,329.47,31.35,3.5,0,0,37.691434,337.97,,1,1,1,1,,547
52747.5,0.226,-0.618,0.641,0.05,0.08,0.18,9.767,329.47,32.28,4.4,0,0,38.809553,338.87,,1,1,1,1,,547.5
52748,0.157,-0.65,0.538,0.009,0.064,0.082,9.797,329.47,32.28,4.4,0,0,38.809553,338.87,,1,1,1,1,,548
52748.5,0.078,-0.674,0.423,-0.031,0.079,0.029,9.768,329.47,33.2,3.1,0,0,39.915649,337.57,,1,1,1,1,,548.5
52749,-0.01,-0.685,0.298,-0.079,0.092,-0.033,9.745,329.47,33.2,3.1,0,0,39.915649,337.57,,1,1,1,1,,549
52749.5,-0.106,-0.688,0.159,-0.148,0.137,-0.072,9.654,329.47,33.2,3.7,0,0,39.915649,338.17,,1,1,1,1,,549.5
52750,-0.205,-0.672,-0.002,-0.241,0.157,-0.1,9.589,329.47,33.2,3.7,0,0,39.915649,338.17,,1,1,1,1,,550
52750.5,-0.301,-0.635,-0.187,-0.351,0.179,-0.077,9.51,329.57,32.28,3.1,0,0,38.809553,337.67,,1,1,1,1,,550.5
52751,-0.391,-0.572,-0.398,-0.472,0.188,-0.076,9.456,329.57,32.28,3.1,0,0,38.809553,337.67,,1,1,1,1,,551
52751.5,-0.466,-0.48,-0.627,-0.581,0.19,-0.067,9.435,329.47,32.28,5.8,0,0,38.809553,340.27,,1,1,1,1,,551.5
52752,-0.524,-0.361,-0.86,-0.662,0.17,-0.039,9.469,329.47,32.28,5.8,0,0,38.809553,340.27,,1,1,1,1,,552
52752.5,-0.56,-0.216,-1.07,-0.677,0.112,-0.05,9.591,329.57,33.2,10.2,0,0,39.915649,344.77,,1,1,1,1,,552.5
52753,-0.571,-0.062,-1.223,-0.61,0.05,-0.054,9.758,329.57,33.2,10.2,0,0,39.915649,344.77,,1,1,1,1,,553
52753.5,-0.561,0.084,-1.28,-0.443,-0.039,-0.054,9.997,329.57,32.28,10.7,0,0,38.809553,345.27,,1,1,1,1,,553.5
52754,-0.535,0.205,-1.21,-0.185,-0.119,-0.071,10.221,329.57,32.28,10.7,0,0,38.809553,345.27,,1,1,1,1,,554
52754.5,-0.5,0.279,-0.995,0.14,-0.189,-0.09,10.431,329.47,33.2,8.8,0,0,39.915649,343.27,,1,1,1,1,,554.5
52755,-0.46,0.287,-0.636,0.487,-0.215,-0.13,10.54,329.47,33.2,8.8,0,0,39.915649,343.27,,1,1,1,1,,555
52755.5,-0.417,0.226,-0.163,0.806,-0.216,-0.153,10.58,329.47,32.28,7.8,0,0,38.809553,342.27,,1,1,1,1,,555.5
52756,-0.372,0.094,0.379,1.054,-0.168,-0.196,10.503,329.47,32.28,7.8,0,0,38.809553,342.27,,1,1,1,1,,556
52756.5,-0.327,-0.098,0.926,1.183,-0.09,-0.202,10.341,329.47,32.28,7.8,0,0,38.809553,342.27,,1,1,1,1,,556.5
52757,-0.285,-0.332,1.413,1.186,0.017,-0.202,10.107,329.47,32.28,7.8,0,0,38.809553,342.27,,1,1,1,1,,557
52757.5,-0.242,-0.582,1.775,1.036,0.134,-0.186,9.802,329.47,32.28,6.7,0,0,38.809553,341.17,,1,1,1,1,,557.5
52758,-0.2,-0.819,1.958,0.761,0.219,-0.138,9.529,329.47,32.28,6.7,0,0,38.809553,341.17,,1,1,1,1,,558
52758.5,-0.15,-1.018,1.93,0.375,0.311,-0.059,9.233,329.47,32.28,3.1,0,0,38.809553,337.57,,1,1,1,1,,558.5
52759,-0.088,-1.148,1.684,-0.062,0.345,0.02,9.059,329.47,32.28,3.1,0,0,38.809553,337.57,,1,1,1,1,,559
52759.5,-0.009,-1.196,1.242,-0.505,0.372,0.067,8.925,329.57,31.35,3.5,0,0,37.691434,338.07,,1,1,1,1,,559.5
52760,0.089,-1.154,0.649,-0.89,0.341,0.122,8.953,329.57,31.35,3.5,0,0,37.691434,338.07,,1,1,1,1,,560
52760.5,0.202,-1.026,-0.025,-1.172,0.294,0.127,9.056,329.57,31.35,5.8,0,0,37.691434,340.37,,1,1,1,1,,560.5
52761,0.325,-0.827,-0.702,-1.312,0.202,0.154,9.286,329.57,31.35,5.8,0,0,37.691434,340.37,,1,1,1,1,,561
52761.5,0.443,-0.58,-1.299,-1.296,0.113,0.178,9.538,329.67,32.28,4.7,0,0,38.809553,339.37,,1,1,1,1,,561.5
52762,0.547,-0.314,-1.75,-1.133,0.01,0.225,9.838,329.67,32.28,4.7,0,0,38.809553,339.37,,1,1,1,1,,562
52762.5,0.617,-0.063,-2.002,-0.839,-0.078,0.262,10.116,329.67,31.35,0.6,0,0,37.691434,335.27,,1,1,1,1,,562.5
52763,0.648,0.149,-2.033,-0.465,-0.143,0.249,10.34,329.67,31.35,0.6,0,0,37.691434,335.27,,1,1,1,1,,563
52763.5,0.637,0.297,-1.843,-0.05,-0.184,0.225,10.494,329.57,30.43,2.1,0,0,36.585338,336.67,,1,1,1,1,,563.5
52764,0.584,0.373,-1.463,0.343,-0.187,0.166,10.544,329.57,30.43,2.1,0,0,36.585338,336.67,,1,1,1,1,,564
52764.5,0.499,0.369,-0.945,0.683,-0.179,0.061,10.533,329.57,30.43,8.1,0,0,36.585338,342.67,,1,1,1,1,,564.5
52765,0.4,0.292,-0.35,0.928,-0.14,-0.014,10.433,329.57,30.43,8.1,0,0,36.585338,342.67,,1,1,1,1,,565
52765.5,0.304,0.151,0.256,1.071,-0.098,-0.087,10.302,329.47,29.33,0.4,0,0,35.262831,334.87,,1,1,1,1,,565.5
52766,0.226,-0.036,0.811,1.091,-0.013,-0.153,10.085,329.47,29.33,0.4,0,0,35.262831,334.87,,1,1,1,1,,566
52766.5,0.167,-0.245,1.254,0.991,0.06,-0.161,9.875,329.47,30.43,6.3,0,0,36.585338,340.77,,1,1,1,1,,566.5
52767,0.131,-0.458,1.545,0.788,0.138,-0.15,9.65,329.47,30.43,6.3,0,0,36.585338,340.77,,1,1,1,1,,567
52767.5,0.104,-0.645,1.656,0.506,0.207,-0.13,9.46,329.47,30.43,355,0,0,36.585338,329.47,,1,1,1,1,,567.5
52768,0.075,-0.792,1.588,0.19,0.241,-0.061,9.333,329.47,30.43,355,0,0,36.585338,329.47,,1,1,1,1,,568
52768.5,0.037,-0.883,1.356,-0.13,0.266,0.032,9.253,329.57,29.33,358.7,0,0,35.262831,333.27,,1,1,1,1,,568.5
52769,-0.018,-0.913,0.997,-0.41,0.257,0.153,9.266,329.57,29.33,358.7,0,0,35.262831,333.27,,1,1,1,1,,569
52769.5,-0.089,-0.886,0.559,-0.625,0.228,0.246,9.328,329.77,29.33,351.2,0,0,35.262831,325.97,,1,1,1,1,,569.5
52770,-0.168,-0.808,0.096,-0.747,0.173,0.264,9.471,329.77,29.33,351.2,0,0,35.262831,325.97,,1,1,1,1,,570
52770.5,-0.25,-0.694,-0.336,-0.773,0.123,0.225,9.619,329.87,27.48,351.1,0,0,33.038616,325.97,,1,1,1,1,,570.5
52771,-0.326,-0.558,-0.691,-0.704,0.059,0.13,9.801,329.87,27.48,351.1,0,0,33.038616,325.97,,1,1,1,1,,571
52771.5,-0.393,-0.422,-0.935,-0.563,0.016,0.071,9.933,329.87,30.43,349.3,0,0,36.585338,324.17,,1,1,1,1,,571.5
52772,-0.453,-0.299,-1.054,-0.378,-0.017,-0.018,10.052,329.87,30.43,349.3,0,0,36.585338,324.17,,1,1,1,1,,572
52772.5,-0.502,-0.201,-1.05,-0.179,-0.017,-0.095,10.089,329.77,30.43,353.8,0,0,36.585338,328.57,,1,1,1,1,,572.5
52773,-0.543,-0.133,-0.943,0.001,-0.017,-0.162,10.097,329.77,30.43,353.8,0,0,36.585338,328.57,,1,1,1,1,,573
52773.5,-0.573,-0.093,-0.761,0.148,-0.005,-0.253,10.064,329.67,29.33,358,0,0,35.262831,332.67,,1,1,1,1,,573.5
52774,-0.599,-0.082,-0.536,0.25,0.007,-0.312,10.016,329.67,29.33,358,0,0,35.262831,332.67,,1,1,1,1,,574
52774.5,-0.617,-0.09,-0.297,0.317,0.011,-0.372,9.982,329.57,30.43,0.5,0,0,36.585338,335.07,,1,1,1,1,,574.5
52775,-0.626,-0.117,-0.065,0.347,0.026,-0.368,9.931,329.57,30.43,0.5,0,0,36.585338,335.07,,1,1,1,1,,575
52775.5,-0.626,-0.159,0.144,0.355,0.017,-0.308,9.914,329.47,29.33,8.6,0,0,35.262831,343.07,,1,1,1,1,,575.5
52776,-0.611,-0.212,0.32,0.341,0.031,-0.219,9.87,329.47,29.33,8.6,0,0,35.262831,343.07,,1,1,1,1,,576
52776.5,-0.575,-0.27,0.455,0.313,0.029,-0.126,9.865,329.67,32.28,7.9,0,0,38.809553,342.57,,1,1,1,1,,576.5
52777,-0.515,-0.335,0.55,0.273,0.053,-0.07,9.82,329.67,32.28,7.9,0,0,38.809553,342.57,,1,1,1,1,,577
52777.5,-0.423,-0.405,0.6,0.217,0.071,-0.008,9.794,329.67,33.2,8.9,0,0,39.915649,343.57,,1,1,1,1,,577.5
52778,-0.308,-0.471,0.608,0.155,0.087,0.083,9.761,329.67,33.2,8.9,0,0,39.915649,343.57,,1,1,1,1,,578
52778.5,-0.174,-0.533,0.573,0.08,0.102,0.148,9.731,329.67,33.2,6.3,0,0,39.915649,340.97,,1,1,1,1,,578.5
52779,-0.029,-0.589,0.498,-0.001,0.126,0.173,9.685,329.67,33.2,6.3,0,0,39.915649,340.97,,1,1,1,1,,579
52779.5,0.107,-0.628,0.387,-0.091,0.138,0.181,9.65,329.77,33.2,7.6,0,0,39.915649,342.37,,1,1,1,1,,579.5
52780,0.227,-0.649,0.245,-0.175,0.142,0.14,9.63,329.77,33.2,7.6,0,0,39.915649,342.37,,1,1,1,1,,580
52780.5,0.314,-0.646,0.08,-0.256,0.146,0.093,9.615,329.67,32.28,3.4,0,0,38.809553,338.07,,1,1,1,1,,580.5
52781,0.364,-0.616,-0.096,-0.317,0.136,0.061,9.631,329.67,32.28,3.4,0,0,38.809553,338.07,,1,1,1,1,,581
52781.5,0.373,-0.562,-0.269,-0.358,0.127,0.03,9.652,329.67,34.12,357.8,0,0,41.021746,332.47,,1,1,1,1,,581.5
52782,0.345,-0.487,-0.426,-0.371,0.115,0.009,9.697,329.67,34.12,357.8,0,0,41.021746,332.47,,1,1,1,1,,582
52782.5,0.293,-0.398,-0.553,-0.355,0.103,-0.029,9.737,329.67,34.12,356.4,0,0,41.021746,331.07,,1,1,1,1,,582.5
52783,0.219,-0.301,-0.64,-0.309,0.071,-0.001,9.805,329.67,34.12,356.4,0,0,41.021746,331.07,,1,1,1,1,,583
52783.5,0.142,-0.205,-0.677,-0.233,0.049,0.016,9.879,329.67,34.12,355.9,0,0,41.021746,330.57,,1,1,1,1,,583.5
52784,0.071,-0.12,-0.655,-0.126,0.022,0.052,9.963,329.67,34.12,355.9,0,0,41.021746,330.57,,1,1,1,1,,584
52784.5,0.013,-0.059,-0.57,0.011,-0.015,0.093,10.058,329.57,34.12,357.9,0,0,41.021746,332.47,,1,1,1,1,,584.5
52785,-0.026,-0.028,-0.418,0.171,-0.06,0.071,10.151,329.57,34.12,357.9,0,0,41.021746,332.47,,1,1,1,1,,585
52785.5,-0.045,-0.039,-0.207,0.33,-0.072,0.032,10.183,329.57,32.28,1.3,0,0,38.809553,335.87,,1,1,1,1,,585.5
52786,-0.049,-0.091,0.047,0.471,-0.072,-0.024,10.187,329.57,32.28,1.3,0,0,38.809553,335.87,,1,1,1,1,,586
52786.5,-0.043,-0.184,0.321,0.566,-0.05,-0.024,10.123,329.47,33.2,2,0,0,39.915649,336.47,,1,1,1,1,,586.5
52787,-0.033,-0.304,0.58,0.595,-0.013,-0.065,10.026,329.47,33.2,2,0,0,39.915649,336.47,,1,1,1,1,,587
52787.5,-0.029,-0.44,0.79,0.55,0.054,-0.066,9.863,329.37,33.2,1.5,0,0,39.915649,335.87,,1,1,1,1,,587.5
52788,-0.036,-0.572,0.918,0.425,0.111,-0.048,9.702,329.37,33.2,1.5,0,0,39.915649,335.87,,1,1,1,1,,588
52788.5,-0.057,-0.685,0.94,0.237,0.17,-0.067,9.539,329.47,34.12,2.2,0,0,41.021746,336.67,,1,1,1,1,,588.5
52789,-0.092,-0.762,0.846,0.002,0.226,-0.055,9.406,329.47,34.12,2.2,0,0,41.021746,336.67,,1,1,1,1,,589
52789.5,-0.129,-0.791,0.642,-0.232,0.242,-0.057,9.356,329.47,33.2,3.3,0,0,39.915649,337.77,,1,1,1,1,,589.5
52790,-0.167,-0.768,0.352,-0.442,0.243,-0.063,9.359,329.47,33.2,3.3,0,0,39.915649,337.77,,1,1,1,1,,590
52790.5,-0.202,-0.699,0.015,-0.589,0.21,-0.029,9.433,329.47,33.2,2.9,0,0,39.915649,337.37,,1,1,1,1,,590.5
52791,-0.236,-0.593,-0.324,-0.661,0.155,0.034,9.553,329.47,33.2,2.9,0,0,39.915649,337.37,,1,1,1,1,,591
52791.5,-0.268,-0.462,-0.622,-0.638,0.085,0.09,9.73,329.57,33.2,3.3,0,0,39.915649,337.87,,1,1,1,1,,591.5
52792,-0.302,-0.326,-0.838,-0.535,0.031,0.11,9.883,329.57,33.2,3.3,0,0,39.915649,337.87,,1,1,1,1,,592
52792.5,-0.34,-0.209,-0.943,-0.354,-0.039,0.113,10.062,329.47,33.2,5.9,0,0,39.915649,340.37,,1,1,1,1,,592.5
52793,-0.383,-0.126,-0.926,-0.139,-0.071,0.059,10.151,329.47,33.2,5.9,0,0,39.915649,340.37,,1,1,1,1,,593
52793.5,-0.425,-0.087,-0.797,0.081,-0.086,-0.031,10.218,329.47,33.2,3.5,0,0,39.915649,337.97,,1,1,1,1,,593.5
52794,-0.46,-0.09,-0.576,0.272,-0.054,-0.129,10.178,329.47,33.2,3.5,0,0,39.915649,337.97,,1,1,1,1,,594
52794.5,-0.481,-0.134,-0.302,0.413,-0.045,-0.24,10.146,329.37,32.28,3.7,0,0,38.809553,338.07,,1,1,1,1,,594.5
52795,-0.486,-0.207,-0.01,0.493,-0.003,-0.279,10.046,329.37,32.28,3.7,0,0,38.809553,338.07,,1,1,1,1,,595
52795.5,-0.466,-0.298,0.259,0.501,0.046,-0.294,9.934,329.27,32.28,1.1,0,0,38.809553,335.37,,1,1,1,1,,595.5
52796,-0.429,-0.392,0.477,0.451,0.085,-0.228,9.811,329.27,32.28,1.1,0,0,38.809553,335.37,,1,1,1,1,,596
52796.5,-0.365,-0.475,0.618,0.339,0.125,-0.145,9.689,329.17,32.28,4.3,0,0,38.809553,338.47,,1,1,1,1,,596.5
52797,-0.283,-0.537,0.669,0.193,0.153,-0.072,9.599,329.17,32.28,4.3,0,0,38.809553,338.47,,1,1,1,1,,597
52797.5,-0.183,-0.57,0.629,0.025,0.178,0,9.526,329.17,32.28,4.5,0,0,38.809553,338.67,,1,1,1,1,,597.5
52798,-0.068,-0.569,0.511,-0.121,0.157,0.013,9.548,329.17,32.28,4.5,0,0,38.809553,338.67,,1,1,1,1,,598
52798.5,0.053,-0.542,0.343,-0.232,0.139,0.023,9.585,329.17,34.12,3.8,0,0,41.021746,337.97,,1,1,1,1,,598.5
52799,0.169,-0.494,0.155,-0.286,0.093,0.095,9.685,329.17,34.12,3.8,0,0,41.021746,337.97,,1,1,1,1,,599
52799.5,0.265,-0.438,-0.022,-0.294,0.077,0.158,9.744,329.17,33.2,1.6,0,0,39.915649,335.77,,1,1,1,1,,599.5
52800,0.324,-0.385,-0.167,-0.261,0.045,0.206,9.837,329.17,33.2,1.6,0,0,39.915649,335.77,,1,1,1,1,,600
52800.5,0.341,-0.343,-0.266,-0.198,0.038,0.219,9.88,329.17,34.12,357.9,0,0,41.021746,332.07,,1,1,1,1,,600.5
52801,0.313,-0.317,-0.315,-0.125,0.034,0.225,9.921,329.17,34.12,357.9,0,0,41.021746,332.07,,1,1,1,1,,601
52801.5,0.244,-0.311,-0.318,-0.05,0.042,0.166,9.924,329.07,33.2,358.2,0,0,39.915649,332.27,,1,1,1,1,,601.5
52802,0.149,-0.321,-0.284,0.008,0.041,0.025,9.91,329.07,33.2,358.2,0,0,39.915649,332.27,,1,1,1,1,,602
52802.5,0.039,-0.344,-0.228,0.053,0.041,-0.03,9.891,329.07,34.12,0.1,0,0,41.021746,334.17,,1,1,1,1,,602.5
52803,-0.072,-0.376,-0.162,0.071,0.054,-0.107,9.854,329.07,34.12,0.1,0,0,41.021746,334.17,,1,1,1,1,,603
52803.5,-0.169,-0.405,-0.096,0.081,0.062,-0.115,9.839,329.07,33.2,4.1,0,0,39.915649,338.17,,1,1,1,1,,603.5
52804,-0.247,-0.426,-0.037,0.075,0.073,-0.089,9.811,329.07,33.2,4.1,0,0,39.915649,338.17,,1,1,1,1,,604
52804.5,-0.3,-0.437,0.01,0.068,0.063,-0.067,9.824,328.97,33.2,4,0,0,39.915649,337.97,,1,1,1,1,,604.5
52805,-0.326,-0.437,0.046,0.055,0.08,-0.045,9.804,328.97,33.2,4,0,0,39.915649,337.97,,1,1,1,1,,605
52805.5,-0.324,-0.424,0.071,0.049,0.074,-0.05,9.828,328.97,34.12,4.1,0,0,41.021746,338.07,,1,1,1,1,,605.5
52806,-0.298,-0.405,0.091,0.046,0.081,-0.059,9.825,328.97,34.12,4.1,0,0,41.021746,338.07,,1,1,1,1,,606
52806.5,-0.257,-0.38,0.105,0.051,0.073,-0.07,9.853,328.77,35.04,5.6,0,0,42.127842,339.37,,1,1,1,1,,606.5
52807,-0.204,-0.357,0.121,0.06,0.072,-0.056,9.855,328.77,35.04,5.6,0,0,42.127842,339.37,,1,1,1,1,,607
52807.5,-0.155,-0.344,0.137,0.073,0.052,-0.03,9.876,328.77,37.07,7,0,0,44.568467,340.77,,1,1,1,1,,607.5
52808,-0.113,-0.343,0.156,0.085,0.043,-0.027,9.869,328.77,37.07,7,0,0,44.568467,340.77,,1,1,1,1,,608
52808.5,-0.088,-0.355,0.173,0.089,0.034,-0.043,9.863,328.77,35.04,2.8,0,0,42.127842,336.57,,1,1,1,1,,608.5
52809,-0.089,-0.38,0.185,0.083,0.043,-0.068,9.825,328.77,35.04,2.8,0,0,42.127842,336.57,,1,1,1,1,,609
52809.5,-0.115,-0.416,0.185,0.055,0.055,-0.06,9.781,328.77,35.97,3.7,0,0,43.245961,337.47,,1,1,1,1,,609.5
52810,-0.166,-0.454,0.165,0.011,0.067,-0.092,9.737,328.77,35.97,3.7,0,0,43.245961,337.47,,1,1,1,1,,610
52810.5,-0.241,-0.487,0.119,-0.053,0.094,-0.071,9.691,328.67,35.97,3.7,0,0,43.245961,337.37,,1,1,1,1,,610.5
52811,-0.326,-0.506,0.049,-0.116,0.112,-0.002,9.671,328.67,35.97,3.7,0,0,43.245961,337.37,,1,1,1,1,,611
52811.5,-0.412,-0.516,-0.042,-0.177,0.126,0.006,9.665,328.87,35.04,2,0,0,42.127842,335.87,,1,1,1,1,,611.5
52812,-0.487,-0.503,-0.143,-0.215,0.117,0.032,9.702,328.87,35.04,2,0,0,42.127842,335.87,,1,1,1,1,,612
52812.5,-0.542,-0.474,-0.239,-0.228,0.106,0.017,9.744,328.87,35.04,1.3,0,0,42.127842,335.17,,1,1,1,1,,612.5
52813,-0.569,-0.435,-0.316,-0.207,0.085,-0.008,9.811,328.87,35.04,1.3,0,0,42.127842,335.17,,1,1,1,1,,613
52813.5,-0.564,-0.386,-0.36,-0.157,0.065,-0.048,9.867,328.77,35.04,5.6,0,0,42.127842,339.37,,1,1,1,1,,613.5
52814,-0.527,-0.34,-0.364,-0.085,0.043,-0.098,9.926,328.77,35.04,5.6,0,0,42.127842,339.37,,1,1,1,1,,614
52814.5,-0.458,-0.301,-0.325,0,0.024,-0.157,9.957,328.77,35.04,5.4,0,0,42.127842,339.17,,1,1,1,1,,614.5
52815,-0.361,-0.267,-0.248,0.078,0.009,-0.221,9.967,328.77,35.04,5.4,0,0,42.127842,339.17,,1,1,1,1,,615
52815.5,-0.247,-0.254,-0.146,0.137,0.02,-0.193,9.937,328.57,35.04,8.8,0,0,42.127842,342.37,,1,1,1,1,,615.5
52816,-0.124,-0.252,-0.036,0.168,0.031,-0.129,9.896,328.57,35.04,8.8,0,0,42.127842,342.37,,1,1,1,1,,616
52816.5,-0.005,-0.262,0.067,0.168,0.051,-0.05,9.838,328.37,37.07,10.3,0,0,44.568467,343.67,,1,1,1,1,,616.5
52817,0.097,-0.276,0.147,0.14,0.066,0.063,9.787,328.37,37.07,10.3,0,0,44.568467,343.67,,1,1,1,1,,617
52817.5,0.176,-0.295,0.196,0.096,0.081,0.132,9.755,328.37,35.97,8.3,0,0,43.245961,341.67,,1,1,1,1,,617.5
52818,0.228,-0.315,0.214,0.054,0.082,0.14,9.761,328.37,35.97,8.3,0,0,43.245961,341.67,,1,1,1,1,,618
52818.5,0.247,-0.336,0.212,0.032,0.066,0.108,9.806,328.37,35.04,6.3,0,0,42.127842,339.67,,1,1,1,1,,618.5
52819,0.242,-0.361,0.202,0.033,0.056,0.048,9.85,328.37,35.04,6.3,0,0,42.127842,339.67,,1,1,1,1,,619
52819.5,0.21,-0.391,0.198,0.057,0.034,-0.033,9.904,328.47,33.2,5.6,0,0,39.915649,339.07,,1,1,1,1,,619.5
52820,0.166,-0.423,0.205,0.09,0.026,-0.078,9.919,328.47,33.2,5.6,0,0,39.915649,339.07,,1,1,1,1,,620
52820.5,0.115,-0.465,0.223,0.122,0.023,-0.072,9.927,328.57,34.12,8,0,0,41.021746,341.57,,1,1,1,1,,620.5
52821,0.068,-0.508,0.247,0.14,0.038,-0.045,9.896,328.57,34.12,8,0,0,41.021746,341.57,,1,1,1,1,,621
52821.5,0.025,-0.55,0.267,0.136,0.052,-0.005,9.862,328.57,35.04,7.2,0,0,42.127842,340.77,,1,1,1,1,,621.5
52822,-0.009,-0.586,0.273,0.106,0.087,0.034,9.794,328.57,35.04,7.2,0,0,42.127842,340.77,,1,1,1,1,,622
52822.5,-0.035,-0.613,0.252,0.046,0.115,0.054,9.729,328.57,34.12,6.5,0,0,41.021746,340.07,,1,1,1,1,,622.5
52823,-0.049,-0.628,0.197,-0.036,0.14,0.066,9.659,328.57,34.12,6.5,0,0,41.021746,340.07,,1,1,1,1,,623
52823.5,-0.05,-0.621,0.103,-0.141,0.163,0.075,9.586,328.47,35.97,7.8,0,0,43.245961,341.27,,1,1,1,1,,623.5
52824,-0.04,-0.59,-0.03,-0.253,0.167,0.078,9.542,328.47,35.97,7.8,0,0,43.245961,341.27,,1,1,1,1,,624
52824.5,-0.025,-0.535,-0.196,-0.357,0.162,0.075,9.532,328.47,35.97,8,0,0,43.245961,341.47,,1,1,1,1,,624.5
52825,-0.002,-0.461,-0.376,-0.429,0.131,0.076,9.576,328.47,35.97,8,0,0,43.245961,341.47,,1,1,1,1,,625
52825.5,0.016,-0.366,-0.549,-0.458,0.103,0.064,9.644,328.47,35.04,7.6,0,0,42.127842,341.07,,1,1,1,1,,625.5
52826,0.025,-0.262,-0.689,-0.43,0.06,0.01,9.751,328.47,35.04,7.6,0,0,42.127842,341.07,,1,1,1,1,,626
52826.5,0.016,-0.159,-0.773,-0.345,0.017,-0.045,9.871,328.47,37.07,7.5,0,0,44.568467,340.97,,1,1,1,1,,626.5
52827,-0.013,-0.07,-0.781,-0.209,-0.032,-0.097,10.003,328.47,37.07,7.5,0,0,44.568467,340.97,,1,1,1,1,,627
52827.5,-0.067,-0.002,-0.701,-0.026,-0.073,-0.108,10.13,328.37,35.97,10,0,0,43.245961,343.37,,1,1,1,1,,627.5
52828,-0.139,0.028,-0.531,0.177,-0.094,-0.101,10.208,328.37,35.97,10,0,0,43.245961,343.37,,1,1,1,1,,628
52828.5,-0.218,0.016,-0.285,0.37,-0.104,-0.084,10.252,328.37,37.07,10.3,0,0,44.568467,343.67,,1,1,1,1,,628.5
52829,-0.296,-0.038,0.014,0.53,-0.076,-0.058,10.216,328.37,37.07,10.3,0,0,44.568467,343.67,,1,1,1,1,,629
52829.5,-0.361,-0.128,0.331,0.633,-0.045,-0.052,10.155,328.47,37.99,10.9,0,0,45.674564,344.37,,1,1,1,1,,629.5
52830,-0.404,-0.249,0.632,0.667,0.008,-0.066,10.034,328.47,37.99,10.9,0,0,45.674564,344.37,,1,1,1,1,,630
52830.5,-0.419,-0.388,0.876,0.622,0.062,-0.095,9.893,328.47,37.07,12.4,0,0,44.568467,345.87,,1,1,1,1,,630.5
52831,-0.401,-0.528,1.035,0.507,0.114,-0.128,9.74,328.47,37.07,12.4,0,0,44.568467,345.87,,1,1,1,1,,631
52831.5,-0.358,-0.655,1.087,0.328,0.164,-0.154,9.59,328.47,35.97,7.8,0,0,43.245961,341.27,,1,1,1,1,,631.5
52832,-0.297,-0.756,1.022,0.11,0.2,-0.144,9.47,328.47,35.97,7.8,0,0,43.245961,341.27,,1,1,1,1,,632
52832.5,-0.231,-0.816,0.844,-0.127,0.226,-0.103,9.379,328.47,35.97,6.8,0,0,43.245961,340.27,,1,1,1,1,,632.5
52833,-0.167,-0.827,0.571,-0.348,0.226,-0.042,9.36,328.47,35.97,6.8,0,0,43.245961,340.27,,1,1,1,1,,633
52833.5,-0.114,-0.788,0.234,-0.532,0.208,0.056,9.38,328.57,35.04,5.3,0,0,42.127842,338.87,,1,1,1,1,,633.5
52834,-0.078,-0.707,-0.129,-0.65,0.173,0.093,9.468,328.57,35.04,5.3,0,0,42.127842,338.87,,1,1,1,1,,634
52834.5,-0.057,-0.588,-0.476,-0.696,0.139,0.126,9.571,328.57,37.07,8.1,0,0,44.568467,341.67,,1,1,1,1,,634.5
52835,-0.049,-0.448,-0.77,-0.661,0.082,0.129,9.726,328.57,37.07,8.1,0,0,44.568467,341.67,,1,1,1,1,,635
52835.5,-0.054,-0.3,-0.977,-0.557,0.038,0.09,9.859,328.57,37.99,4.7,0,0,45.674564,338.27,,1,1,1,1,,635.5
52836,-0.065,-0.161,-1.077,-0.389,-0.016,0.021,10.019,328.57,37.99,4.7,0,0,45.674564,338.27,,1,1,1,1,,636
52836.5,-0.078,-0.047,-1.057,-0.177,-0.055,-0.025,10.138,328.57,37.07,4.5,0,0,44.568467,338.07,,1,1,1,1,,636.5
52837,-0.086,0.026,-0.92,0.054,-0.09,-0.072,10.229,328.57,37.07,4.5,0,0,44.568467,338.07,,1,1,1,1,,637
52837.5,-0.087,0.054,-0.682,0.278,-0.102,-0.107,10.261,328.47,34.12,4.6,0,0,41.021746,338.07,,1,1,1,1,,637.5
52838,-0.084,0.033,-0.372,0.465,-0.104,-0.125,10.249,328.47,34.12,4.6,0,0,41.021746,338.07,,1,1,1,1,,638
52838.5,-0.073,-0.037,-0.026,0.597,-0.08,-0.131,10.18,328.47,34.12,2.7,0,0,41.021746,336.17,,1,1,1,1,,638.5
52839,-0.057,-0.14,0.315,0.652,-0.035,-0.102,10.059,328.47,34.12,2.7,0,0,41.021746,336.17,,1,1,1,1,,639
52839.5,-0.042,-0.269,0.611,0.632,0.012,-0.098,9.924,328.47,34.12,4.7,0,0,41.021746,338.17,,1,1,1,1,,639.5
52840,-0.027,-0.407,0.827,0.533,0.077,-0.003,9.767,328.47,34.12,4.7,0,0,41.021746,338.17,,1,1,1,1,,640
52840.5,-0.017,-0.533,0.939,0.371,0.138,0.005,9.62,328.57,35.04,6.7,0,0,42.127842,340.27,,1,1,1,1,,640.5
52841,-0.016,-0.635,0.934,0.162,0.194,0.03,9.489,328.57,35.04,6.7,0,0,42.127842,340.27,,1,1,1,1,,641
52841.5,-0.02,-0.697,0.814,-0.06,0.223,0.114,9.422,328.67,35.97,6.7,0,0,43.245961,340.37,,1,1,1,1,,641.5
52842,-0.031,-0.716,0.598,-0.27,0.233,0.105,9.394,328.67,35.97,6.7,0,0,43.245961,340.37,,1,1,1,1,,642
52842.5,-0.047,-0.69,0.315,-0.438,0.217,0.129,9.436,328.67,37.07,8.5,0,0,44.568467,342.17,,1,1,1,1,,642.5
52843,-0.068,-0.626,0.004,-0.543,0.182,0.148,9.523,328.67,37.07,8.5,0,0,44.568467,342.17,,1,1,1,1,,643
52843.5,-0.094,-0.532,-0.294,-0.572,0.125,0.102,9.651,328.67,35.97,7.4,0,0,43.245961,341.07,,1,1,1,1,,643.5
52844,-0.127,-0.422,-0.54,-0.525,0.063,0.008,9.784,328.67,35.97,7.4,0,0,43.245961,341.07,,1,1,1,1,,644
52844.5,-0.165,-0.312,-0.706,-0.417,0.009,-0.065,9.916,328.67,35.04,5.3,0,0,42.127842,338.97,,1,1,1,1,,644.5
52845,-0.211,-0.215,-0.775,-0.26,-0.035,-0.133,10.023,328.67,35.04,5.3,0,0,42.127842,338.97,,1,1,1,1,,645
52845.5,-0.255,-0.141,-0.745,-0.082,-0.062,-0.187,10.104,328.57,35.97,5.9,0,0,43.245961,339.47,,1,1,1,1,,645.5
52846,-0.299,-0.099,-0.623,0.101,-0.074,-0.197,10.152,328.57,35.97,5.9,0,0,43.245961,339.47,,1,1,1,1,,646
52846.5,-0.338,-0.092,-0.429,0.26,-0.06,-0.188,10.136,328.57,35.04,6,0,0,42.127842,339.57,,1,1,1,1,,646.5
52847,-0.368,-0.12,-0.192,0.378,-0.034,-0.164,10.098,328.57,35.04,6,0,0,42.127842,339.57,,1,1,1,1,,647
52847.5,-0.387,-0.177,0.057,0.437,0.012,-0.116,9.995,328.57,35.04,7.5,0,0,42.127842,341.07,,1,1,1,1,,647.5
52848,-0.395,-0.254,0.281,0.435,0.041,-0.042,9.906,328.57,35.04,7.5,0,0,42.127842,341.07,,1,1,1,1,,648
52848.5,-0.384,-0.338,0.453,0.374,0.088,-0.031,9.784,328.67,35.04,6.1,0,0,42.127842,339.77,,1,1,1,1,,648.5
52849,-0.355,-0.415,0.556,0.27,0.108,-0.049,9.697,328.67,35.04,6.1,0,0,42.127842,339.77,,1,1,1,1,,649
52849.5,-0.311,-0.48,0.581,0.143,0.126,-0.062,9.625,328.67,34.12,7.9,0,0,41.021746,341.57,,1,1,1,1,,649.5
52850,-0.253,-0.521,0.532,0.007,0.127,-0.066,9.593,328.67,34.12,7.9,0,0,41.021746,341.57,,1,1,1,1,,650
52850.5,-0.196,-0.538,0.421,-0.118,0.131,-0.03,9.576,328.77,34.12,7.9,0,0,41.021746,341.67,,1,1,1,1,,650.5
52851,-0.141,-0.525,0.266,-0.226,0.136,0.011,9.583,328.77,34.12,7.9,0,0,41.021746,341.67,,1,1,1,1,,651
52851.5,-0.094,-0.49,0.087,-0.299,0.123,0.035,9.623,328.77,33.2,7.9,0,0,39.915649,341.67,,1,1,1,1,,651.5
52852,-0.066,-0.436,-0.094,-0.334,0.104,0.068,9.682,328.77,33.2,7.9,0,0,39.915649,341.67,,1,1,1,1,,652
52852.5,-0.057,-0.373,-0.252,-0.32,0.075,0.147,9.778,328.87,33.2,5.4,0,0,39.915649,339.27,,1,1,1,1,,652.5
52853,-0.066,-0.312,-0.367,-0.266,0.052,0.158,9.86,328.87,33.2,5.4,0,0,39.915649,339.27,,1,1,1,1,,653
52853.5,-0.097,-0.261,-0.426,-0.175,0.027,0.095,9.934,328.77,32.28,6.4,0,0,38.809553,340.17,,1,1,1,1,,653.5
52854,-0.136,-0.228,-0.425,-0.071,0.008,0.06,9.983,328.77,32.28,6.4,0,0,38.809553,340.17,,1,1,1,1,,654
52854.5,-0.184,-0.219,-0.367,0.041,-0.009,-0.022,10.024,328.67,33.2,3.2,0,0,39.915649,336.87,,1,1,1,1,,654.5
52855,-0.229,-0.23,-0.262,0.143,-0.005,-0.095,10.023,328.67,33.2,3.2,0,0,39.915649,336.87,,1,1,1,1,,655
52855.5,-0.262,-0.258,-0.124,0.23,-0.012,-0.176,10.03,328.67,33.2,5.3,0,0,39.915649,338.97,,1,1,1,1,,655.5
52856,-0.275,-0.303,0.032,0.291,-0.002,-0.222,9.992,328.67,33.2,5.3,0,0,39.915649,338.97,,1,1,1,1,,656
52856.5,-0.264,-0.356,0.184,0.317,0.014,-0.274,9.94,328.67,32.28,8.9,0,0,38.809553,342.57,,1,1,1,1,,656.5
52857,-0.224,-0.414,0.315,0.303,0.043,-0.284,9.862,328.67,32.28,8.9,0,0,38.809553,342.57,,1,1,1,1,,657
52857.5,-0.151,-0.462,0.407,0.25,0.069,-0.27,9.785,328.57,31.35,11.8,0,0,37.691434,345.37,,1,1,1,1,,657.5
52858,-0.054,-0.498,0.446,0.163,0.103,-0.219,9.704,328.57,31.35,11.8,0,0,37.691434,345.37,,1,1,1,1,,658
52858.5,0.056,-0.519,0.427,0.048,0.143,-0.094,9.62,328.67,32.28,13.1,0,0,38.809553,346.77,,1,1,1,1,,658.5
52859,0.172,-0.516,0.346,-0.083,0.158,0.064,9.56,328.67,32.28,13.1,0,0,38.809553,346.77,,1,1,1,1,,659
52859.5,0.273,-0.492,0.207,-0.222,0.172,0.223,9.506,328.87,32.28,11.6,0,0,38.809553,345.47,,1,1,1,1,,659.5
52860,0.344,-0.441,0.023,-0.349,0.167,0.369,9.497,328.87,32.28,11.6,0,0,38.809553,345.47,,1,1,1,1,,660
52860.5,0.373,-0.371,-0.187,-0.438,0.141,0.458,9.545,328.97,32.28,10.4,0,0,38.809553,344.37,,1,1,1,1,,660.5
52861,0.355,-0.289,-0.391,-0.467,0.09,0.462,9.654,328.97,32.28,10.4,0,0,38.809553,344.37,,1,1,1,1,,661
52861.5,0.292,-0.205,-0.557,-0.423,0.032,0.341,9.801,329.07,32.28,7.1,0,0,38.809553,341.17,,1,1,1,1,,661.5
52862,0.186,-0.132,-0.654,-0.308,-0.03,0.159,9.961,329.07,32.28,7.1,0,0,38.809553,341.17,,1,1,1,1,,662
52862.5,0.061,-0.082,-0.657,-0.133,-0.077,-0.005,10.102,328.97,32.28,10.6,0,0,38.809553,344.57,,1,1,1,1,,662.5
52863,-0.06,-0.063,-0.565,0.059,-0.091,-0.164,10.173,328.97,32.28,10.6,0,0,38.809553,344.57,,1,1,1,1,,663
52863.5,-0.159,-0.081,-0.385,0.255,-0.092,-0.297,10.217,328.87,32.28,10.5,0,0,38.809553,344.37,,1,1,1,1,,663.5
52864,-0.218,-0.131,-0.142,0.415,-0.062,-0.342,10.192,328.87,32.28,10.5,0,0,38.809553,344.37,,1,1,1,1,,664
52864.5,-0.228,-0.212,0.133,0.53,-0.027,-0.346,10.145,328.77,32.28,8.9,0,0,38.809553,342.67,,1,1,1,1,,664.5
52865,-0.189,-0.316,0.403,0.571,0.043,-0.323,10.013,328.77,32.28,8.9,0,0,38.809553,342.67,,1,1,1,1,,665
52865.5,-0.108,-0.426,0.631,0.539,0.087,-0.234,9.883,328.77,30.43,8.7,0,0,36.585338,342.47,,1,1,1,1,,665.5
52866,0.001,-0.531,0.783,0.425,0.144,-0.118,9.705,328.77,30.43,8.7,0,0,36.585338,342.47,,1,1,1,1,,666
52866.5,0.128,-0.616,0.833,0.253,0.183,0.003,9.574,328.87,30.43,6.2,0,0,36.585338,340.07,,1,1,1,1,,666.5
52867,0.252,-0.667,0.774,0.043,0.217,0.084,9.448,328.87,30.43,6.2,0,0,36.585338,340.07,,1,1,1,1,,667
52867.5,0.361,-0.677,0.613,-0.164,0.198,0.185,9.425,328.97,33.2,6.7,0,0,39.915649,340.67,,1,1,1,1,,667.5
52868,0.44,-0.647,0.377,-0.337,0.161,0.264,9.455,328.97,33.2,6.7,0,0,39.915649,340.67,,1,1,1,1,,668
52868.5,0.482,-0.58,0.101,-0.454,0.123,0.286,9.535,329.07,32.28,10.3,0,0,38.809553,344.37,,1,1,1,1,,668.5
52869,0.478,-0.492,-0.174,-0.5,0.091,0.307,9.624,329.07,32.28,10.3,0,0,38.809553,344.37,,1,1,1,1,,669
52869.5,0.433,-0.393,-0.414,-0.485,0.047,0.279,9.741,329.17,33.2,11.8,0,0,39.915649,345.97,,1,1,1,1,,669.5
52870,0.351,-0.298,-0.593,-0.413,0.016,0.202,9.846,329.17,33.2,11.8,0,0,39.915649,345.97,,1,1,1,1,,670
52870.5,0.245,-0.217,-0.696,-0.309,0.007,0.086,9.915,329.17,32.28,6.6,0,0,38.809553,340.77,,1,1,1,1,,670.5
52871,0.128,-0.155,-0.72,-0.18,-0.01,0.046,9.986,329.17,32.28,6.6,0,0,38.809553,340.77,,1,1,1,1,,671
52871.5,0.014,-0.116,-0.669,-0.05,-0.011,-0.035,10.016,329.17,34.12,7.5,0,0,41.021746,341.67,,1,1,1,1,,671.5
52872,-0.082,-0.106,-0.555,0.08,-0.014,-0.114,10.045,329.17,34.12,7.5,0,0,41.021746,341.67,,1,1,1,1,,672
52872.5,-0.155,-0.121,-0.392,0.19,-0.006,-0.135,10.035,329.17,32.28,12.7,0,0,38.809553,346.87,,1,1,1,1,,672.5
52873,-0.196,-0.158,-0.202,0.276,-0.005,-0.206,10.024,329.17,32.28,12.7,0,0,38.809553,346.87,,1,1,1,1,,673
52873.5,-0.206,-0.214,-0.004,0.324,0.021,-0.206,9.958,329.17,32.28,11.3,0,0,38.809553,345.47,,1,1,1,1,,673.5
52874,-0.194,-0.279,0.179,0.331,0.042,-0.178,9.893,329.17,32.28,11.3,0,0,38.809553,345.47,,1,1,1,1,,674
52874.5,-0.159,-0.341,0.325,0.294,0.071,-0.124,9.809,329.27,31.35,15.7,0,0,37.691434,349.97,,1,1,1,1,,674.5
52875,-0.112,-0.395,0.421,0.224,0.094,-0.068,9.741,329.27,31.35,15.7,0,0,37.691434,349.97,,1,1,1,1,,675
52875.5,-0.055,-0.432,0.459,0.136,0.113,0,9.688,329.27,31.35,16.1,0,0,37.691434,350.37,,1,1,1,1,,675.5
52876,-0.006,-0.449,0.443,0.045,0.114,0.088,9.684,329.27,31.35,16.1,0,0,37.691434,350.37,,1,1,1,1,,676
52876.5,0.033,-0.445,0.384,-0.033,0.116,0.167,9.683,329.27,30.43,15.3,0,0,36.585338,349.57,,1,1,1,1,,676.5
52877,0.056,-0.428,0.294,-0.093,0.111,0.202,9.709,329.27,30.43,15.3,0,0,36.585338,349.57,,1,1,1,1,,677
52877.5,0.054,-0.401,0.193,-0.123,0.092,0.194,9.752,329.37,30.43,17.9,0,0,36.585338,352.27,,1,1,1,1,,677.5
52878,0.029,-0.371,0.095,-0.127,0.06,0.147,9.805,329.37,30.43,17.9,0,0,36.585338,352.27,,1,1,1,1,,678
52878.5,-0.022,-0.35,0.015,-0.106,0.043,0.082,9.842,329.37,31.35,15.1,0,0,37.691434,349.47,,1,1,1,1,,678.5
52879,-0.096,-0.337,-0.042,-0.076,0.028,0.023,9.865,329.37,31.35,15.1,0,0,37.691434,349.47,,1,1,1,1,,679
52879.5,-0.179,-0.336,-0.075,-0.037,0.015,-0.086,9.885,329.37,31.35,13.3,0,0,37.691434,347.67,,1,1,1,1,,679.5
52880,-0.266,-0.349,-0.084,-0.006,0.023,-0.192,9.867,329.37,31.35,13.3,0,0,37.691434,347.67,,1,1,1,1,,680
52880.5,-0.336,-0.367,-0.08,0.016,0.027,-0.274,9.862,329.37,32.28,13,0,0,38.809553,347.37,,1,1,1,1,,680.5
52881,-0.385,-0.388,-0.067,0.027,0.046,-0.287,9.836,329.37,32.28,13,0,0,38.809553,347.37,,1,1,1,1,,681
52881.5,-0.405,-0.411,-0.052,0.029,0.054,-0.248,9.833,329.37,32.28,15.9,0,0,38.809553,350.27,,1,1,1,1,,681.5
52882,-0.393,-0.43,-0.039,0.023,0.078,-0.158,9.801,329.37,32.28,15.9,0,0,38.809553,350.27,,1,1,1,1,,682
52882.5,-0.348,-0.445,-0.035,-0.002,0.106,-0.048,9.761,329.47,33.2,22.1,0,0,39.915649,356.57,,1,1,1,1,,682.5
52883,-0.278,-0.443,-0.046,-0.043,0.126,0.026,9.715,329.47,33.2,22.1,0,0,39.915649,356.57,,1,1,1,1,,683
52883.5,-0.191,-0.429,-0.078,-0.098,0.141,0.083,9.677,329.47,33.2,23.7,0,0,39.915649,358.17,,1,1,1,1,,683.5
52884,-0.096,-0.397,-0.131,-0.153,0.139,0.118,9.664,329.47,33.2,23.7,0,0,39.915649,358.17,,1,1,1,1,,684
52884.5,-0.012,-0.347,-0.198,-0.198,0.123,0.114,9.68,329.57,34.12,21.6,0,0,41.021746,356.17,,1,1,1,1,,684.5
52885,0.053,-0.287,-0.266,-0.214,0.091,0.102,9.725,329.57,34.12,21.6,0,0,41.021746,356.17,,1,1,1,1,,685
52885.5,0.088,-0.219,-0.322,-0.198,0.046,0.084,9.796,329.47,32.28,13.8,0,0,38.809553,348.27,,1,1,1,1,,685.5
52886,0.091,-0.156,-0.347,-0.143,0.002,0.061,9.882,329.47,32.28,13.8,0,0,38.809553,348.27,,1,1,1,1,,686
52886.5,0.065,-0.106,-0.33,-0.055,-0.033,0.037,9.965,329.57,32.28,7.6,0,0,38.809553,342.17,,1,1,1,1,,686.5
52887,0.022,-0.078,-0.262,0.06,-0.055,0.024,10.04,329.57,32.28,7.6,0,0,38.809553,342.17,,1,1,1,1,,687
52887.5,-0.027,-0.076,-0.145,0.179,-0.058,0.039,10.076,329.47,29.33,7.8,0,0,35.262831,342.27,,1,1,1,1,,687.5
52888,-0.067,-0.101,0.011,0.289,-0.052,0.031,10.084,329.47,29.33,7.8,0,0,35.262831,342.27,,1,1,1,1,,688
52888.5,-0.087,-0.153,0.189,0.363,-0.017,-0.004,10.036,329.47,30.43,9.2,0,0,36.585338,343.67,,1,1,1,1,,688.5
52889,-0.079,-0.226,0.363,0.395,0.017,-0.048,9.97,329.47,30.43,9.2,0,0,36.585338,343.67,,1,1,1,1,,689
52889.5,-0.043,-0.312,0.51,0.376,0.063,-0.093,9.873,329.47,32.28,4.8,0,0,38.809553,339.27,,1,1,1,1,,689.5
52890,0.017,-0.4,0.608,0.312,0.104,-0.109,9.788,329.47,32.28,4.8,0,0,38.809553,339.27,,1,1,1,1,,690
52890.5,0.09,-0.482,0.645,0.211,0.142,-0.126,9.694,329.47,33.2,7.4,0,0,39.915649,341.87,,1,1,1,1,,690.5
52891,0.165,-0.55,0.614,0.088,0.16,-0.106,9.634,329.47,33.2,7.4,0,0,39.915649,341.87,,1,1,1,1,,691
52891.5,0.233,-0.593,0.518,-0.045,0.17,-0.061,9.587,329.37,35.04,7.1,0,0,42.127842,341.47,,1,1,1,1,,691.5
52892,0.284,-0.612,0.369,-0.166,0.153,-0.006,9.586,329.37,35.04,7.1,0,0,42.127842,341.47,,1,1,1,1,,692
52892.5,0.307,-0.609,0.185,-0.258,0.126,0.048,9.612,329.47,35.04,7.9,0,0,42.127842,342.37,,1,1,1,1,,692.5
52893,0.302,-0.587,-0.01,-0.315,0.098,0.106,9.658,329.47,35.04,7.9,0,0,42.127842,342.37,,1,1,1,1,,693
52893.5,0.268,-0.549,-0.195,-0.338,0.08,0.178,9.704,329.47,33.2,8.2,0,0,39.915649,342.67,,1,1,1,1,,693.5
52894,0.207,-0.5,-0.355,-0.333,0.068,0.193,9.742,329.47,33.2,8.2,0,0,39.915649,342.67,,1,1,1,1,,694
52894.5,0.123,-0.443,-0.481,-0.309,0.067,0.223,9.771,329.47,32.28,18.4,0,0,38.809553,352.87,,1,1,1,1,,694.5
52895,0.023,-0.377,-0.565,-0.267,0.054,0.243,9.811,329.47,32.28,18.4,0,0,38.809553,352.87,,1,1,1,1,,695
52895.5,-0.086,-0.308,-0.607,-0.209,0.038,0.239,9.86,329.57,31.35,13.4,0,0,37.691434,347.97,,1,1,1,1,,695.5
52896,-0.194,-0.24,-0.603,-0.136,0.032,0.176,9.9,329.57,31.35,13.4,0,0,37.691434,347.97,,1,1,1,1,,696
52896.5,-0.29,-0.176,-0.553,-0.045,0.003,0.044,9.961,329.47,31.35,9.8,0,0,37.691434,344.27,,1,1,1,1,,696.5
52897,-0.358,-0.125,-0.456,0.055,-0.012,-0.099,9.998,329.47,31.35,9.8,0,0,37.691434,344.27,,1,1,1,1,,697
52897.5,-0.392,-0.094,-0.32,0.153,-0.011,-0.231,10.015,329.37,31.35,8.7,0,0,37.691434,343.07,,1,1,1,1,,697.5
52898,-0.387,-0.081,-0.155,0.237,-0.01,-0.327,10.007,329.37,31.35,8.7,0,0,37.691434,343.07,,1,1,1,1,,698
52898.5,-0.346,-0.089,0.021,0.294,-0.003,-0.392,9.981,329.27,31.35,8,0,0,37.691434,342.27,,1,1,1,1,,698.5
52899,-0.283,-0.12,0.19,0.318,0.022,-0.377,9.926,329.27,31.35,8,0,0,37.691434,342.27,,1,1,1,1,,699
52899.5,-0.197,-0.169,0.336,0.307,0.044,-0.295,9.866,329.17,29.33,11,0,0,35.262831,345.17,,1,1,1,1,,699.5
52900,-0.11,-0.233,0.444,0.262,0.073,-0.174,9.791,329.17,29.33,11,0,0,35.262831,345.17,,1,1,1,1,,700
52900.5,-0.024,-0.304,0.499,0.18,0.099,0.006,9.712,329.17,28.4,15.7,0,0,34.144712,349.87,,1,1,1,1,,700.5
52901,0.049,-0.377,0.494,0.071,0.127,0.108,9.631,329.17,28.4,15.7,0,0,34.144712,349.87,,1,1,1,1,,701
52901.5,0.106,-0.437,0.427,-0.058,0.156,0.165,9.56,329.17,30.43,19,0,0,36.585338,353.17,,1,1,1,1,,701.5
52902,0.144,-0.475,0.304,-0.179,0.152,0.22,9.557,329.17,30.43,19,0,0,36.585338,353.17,,1,1,1,1,,702
52902.5,0.159,-0.487,0.143,-0.273,0.136,0.21,9.593,329.27,28.4,13.9,0,0,34.144712,348.17,,1,1,1,1,,702.5
52903,0.148,-0.473,-0.028,-0.312,0.099,0.214,9.692,329.27,28.4,13.9,0,0,34.144712,348.17,,1,1,1,1,,703
52903.5,0.112,-0.441,-0.178,-0.292,0.065,0.221,9.799,329.27,28.4,10.7,0,0,34.144712,344.97,,1,1,1,1,,703.5
52904,0.057,-0.395,-0.281,-0.213,0.021,0.155,9.928,329.27,28.4,10.7,0,0,34.144712,344.97,,1,1,1,1,,704
52904.5,-0.009,-0.349,-0.317,-0.092,-0.011,0.068,10.024,329.17,27.48,13.8,0,0,33.038616,347.97,,1,1,1,1,,704.5
52905,-0.071,-0.307,-0.281,0.052,-0.039,0.001,10.104,329.17,27.48,13.8,0,0,33.038616,347.97,,1,1,1,1,,705
52905.5,-0.119,-0.283,-0.178,0.197,-0.04,-0.078,10.13,329.17,28.4,20,0,0,34.144712,354.17,,1,1,1,1,,705.5
52906,-0.141,-0.277,-0.026,0.312,-0.019,-0.165,10.105,329.17,28.4,20,0,0,34.144712,354.17,,1,1,1,1,,706
52906.5,-0.126,-0.295,0.15,0.387,0.008,-0.189,10.04,329.07,29.33,7.8,0,0,35.262831,341.87,,1,1,1,1,,706.5
52907,-0.073,-0.333,0.317,0.396,0.044,-0.175,9.926,329.07,29.33,7.8,0,0,35.262831,341.87,,1,1,1,1,,707
52907.5,0.013,-0.384,0.444,0.338,0.09,-0.143,9.791,328.97,29.33,14.4,0,0,35.262831,348.37,,1,1,1,1,,707.5
52908,0.122,-0.438,0.504,0.216,0.14,-0.072,9.642,328.97,29.33,14.4,0,0,35.262831,348.37,,1,1,1,1,,708
52908.5,0.245,-0.48,0.48,0.052,0.161,-0.035,9.541,328.97,28.4,10.1,0,0,34.144712,344.07,,1,1,1,1,,708.5
52909,0.362,-0.51,0.371,-0.129,0.178,-0.04,9.46,328.97,28.4,10.1,0,0,34.144712,344.07,,1,1,1,1,,709
52909.5,0.463,-0.514,0.188,-0.303,0.167,0.004,9.442,328.87,29.33,12.7,0,0,35.262831,346.57,,1,1,1,1,,709.5
52910,0.532,-0.493,-0.045,-0.447,0.161,0.08,9.45,328.87,29.33,12.7,0,0,35.262831,346.57,,1,1,1,1,,710
52910.5,0.566,-0.446,-0.302,-0.543,0.135,0.159,9.511,328.87,30.43,11.1,0,0,36.585338,344.97,,1,1,1,1,,710.5
52911,0.558,-0.373,-0.546,-0.574,0.094,0.211,9.61,328.87,30.43,11.1,0,0,36.585338,344.97,,1,1,1,1,,711
52911.5,0.516,-0.285,-0.746,-0.539,0.045,0.281,9.742,328.97,30.43,11.9,0,0,36.585338,345.87,,1,1,1,1,,711.5
52912,0.441,-0.19,-0.875,-0.437,0.005,0.325,9.878,328.97,30.43,11.9,0,0,36.585338,345.87,,1,1,1,1,,712
52912.5,0.342,-0.101,-0.912,-0.284,-0.02,0.285,10.003,328.97,30.43,14.8,0,0,36.585338,348.77,,1,1,1,1,,712.5
52913,0.227,-0.026,-0.848,-0.084,-0.054,0.261,10.137,328.97,30.43,14.8,0,0,36.585338,348.77,,1,1,1,1,,713
52913.5,0.102,0.022,-0.68,0.138,-0.075,0.203,10.236,328.97,29.33,9.8,0,0,35.262831,343.77,,1,1,1,1,,713.5
52914,-0.02,0.035,-0.424,0.356,-0.07,0.097,10.284,328.97,29.33,9.8,0,0,35.262831,343.77,,1,1,1,1,,714
52914.5,-0.127,0.007,-0.101,0.543,-0.049,-0.013,10.264,328.77,30.43,13.3,0,0,36.585338,347.07,,1,1,1,1,,714.5
52915,-0.208,-0.06,0.25,0.67,-0.031,-0.165,10.2,328.77,30.43,13.3,0,0,36.585338,347.07,,1,1,1,1,,715
52915.5,-0.259,-0.16,0.59,0.725,-0.003,-0.268,10.086,328.77,31.35,6.3,0,0,37.691434,340.07,,1,1,1,1,,715.5
52916,-0.282,-0.281,0.879,0.699,0.036,-0.307,9.947,328.77,31.35,6.3,0,0,37.691434,340.07,,1,1,1,1,,716
52916.5,-0.276,-0.412,1.084,0.601,0.076,-0.315,9.798,328.67,30.43,7.7,0,0,36.585338,341.37,,1,1,1,1,,716.5
52917,-0.248,-0.539,1.184,0.44,0.112,-0.245,9.661,328.67,30.43,7.7,0,0,36.585338,341.37,,1,1,1,1,,717
52917.5,-0.2,-0.646,1.166,0.238,0.141,-0.176,9.543,328.57,28.4,12.2,0,0,34.144712,345.77,,1,1,1,1,,717.5
52918,-0.14,-0.726,1.032,0.011,0.175,-0.109,9.45,328.57,28.4,12.2,0,0,34.144712,345.77,,1,1,1,1,,718
52918.5,-0.067,-0.774,0.798,-0.208,0.186,-0.034,9.411,328.57,28.4,20,0,0,34.144712,353.57,,1,1,1,1,,718.5
52919,0.009,-0.782,0.489,-0.399,0.189,0.038,9.418,328.57,28.4,20,0,0,34.144712,353.57,,1,1,1,1,,719
52919.5,0.083,-0.756,0.14,-0.539,0.18,0.09,9.467,328.57,29.33,19,0,0,35.262831,352.57,,1,1,1,1,,719.5
52920,0.153,-0.699,-0.214,-0.625,0.165,0.131,9.53,328.57,29.33,19,0,0,35.262831,352.57,,1,1,1,1,,720
52920.5,0.203,-0.62,-0.54,-0.65,0.129,0.182,9.622,328.67,30.43,14.8,0,0,36.585338,348.47,,1,1,1,1,,720.5
52921,0.227,-0.524,-0.812,-0.628,0.106,0.195,9.689,328.67,30.43,14.8,0,0,36.585338,348.47,,1,1,1,1,,721
52921.5,0.216,-0.415,-1.015,-0.569,0.088,0.219,9.756,328.67,30.43,16.7,0,0,36.585338,350.37,,1,1,1,1,,721.5
52922,0.17,-0.299,-1.138,-0.48,0.065,0.235,9.813,328.67,30.43,16.7,0,0,36.585338,350.37,,1,1,1,1,,722
52922.5,0.099,-0.179,-1.181,-0.366,0.028,0.192,9.887,328.67,30.43,12.1,0,0,36.585338,345.77,,1,1,1,1,,722.5
52923,-0.001,-0.066,-1.142,-0.231,0.003,0.127,9.956,328.67,30.43,12.1,0,0,36.585338,345.77,,1,1,1,1,,723
52923.5,-0.107,0.035,-1.024,-0.076,-0.026,0.029,10.034,328.67,30.43,12.2,0,0,36.585338,345.87,,1,1,1,1,,723.5
52924,-0.204,0.116,-0.832,0.095,-0.058,-0.056,10.114,328.67,30.43,12.2,0,0,36.585338,345.87,,1,1,1,1,,724
52924.5,-0.276,0.168,-0.573,0.271,-0.071,-0.153,10.171,328.47,31.35,8.6,0,0,37.691434,342.07,,1,1,1,1,,724.5
52925,-0.31,0.181,-0.261,0.44,-0.087,-0.247,10.206,328.47,31.35,8.6,0,0,37.691434,342.07,,1,1,1,1,,725
52925.5,-0.298,0.152,0.084,0.588,-0.096,-0.29,10.218,328.37,32.28,9.2,0,0,38.809553,342.57,,1,1,1,1,,725.5
52926,-0.243,0.08,0.441,0.701,-0.08,-0.297,10.194,328.37,32.28,9.2,0,0,38.809553,342.57,,1,1,1,1,,726
52926.5,-0.149,-0.035,0.781,0.763,-0.051,-0.252,10.126,328.27,31.35,8.9,0,0,37.691434,342.17,,1,1,1,1,,726.5
52927,-0.029,-0.191,1.077,0.763,-0.006,-0.174,10.025,328.27,31.35,8.9,0,0,37.691434,342.17,,1,1,1,1,,727
52927.5,0.101,-0.371,1.297,0.689,0.056,-0.074,9.875,328.27,31.35,10.5,0,0,37.691434,343.77,,1,1,1,1,,727.5
52928,0.229,-0.559,1.414,0.539,0.12,0.052,9.703,328.27,31.35,10.5,0,0,37.691434,343.77,,1,1,1,1,,728
52928.5,0.342,-0.736,1.407,0.32,0.184,0.164,9.529,328.37,30.43,6.1,0,0,36.585338,339.47,,1,1,1,1,,728.5
52929,0.424,-0.882,1.266,0.055,0.234,0.26,9.383,328.37,30.43,6.1,0,0,36.585338,339.47,,1,1,1,1,,729
52929.5,0.462,-0.979,0.999,-0.22,0.251,0.299,9.311,328.37,31.35,8.2,0,0,37.691434,341.57,,1,1,1,1,,729.5
52930,0.458,-1.016,0.633,-0.469,0.256,0.274,9.289,328.37,31.35,8.2,0,0,37.691434,341.57,,1,1,1,1,,730
52930.5,0.407,-0.994,0.206,-0.661,0.225,0.208,9.352,328.47,33.2,5.4,0,0,39.915649,338.87,,1,1,1,1,,730.5
52931,0.313,-0.911,-0.235,-0.775,0.191,0.111,9.448,328.47,33.2,5.4,0,0,39.915649,338.87,,1,1,1,1,,731
52931.5,0.189,-0.777,-0.644,-0.807,0.14,0.043,9.585,328.47,34.12,3.2,0,0,41.021746,336.67,,1,1,1,1,,731.5
52932,0.046,-0.611,-0.979,-0.755,0.09,-0.022,9.733,328.47,34.12,3.2,0,0,41.021746,336.67,,1,1,1,1,,732
52932.5,-0.097,-0.424,-1.212,-0.635,0.043,-0.055,9.869,328.47,34.12,2.1,0,0,41.021746,335.57,,1,1,1,1,,732.5
52933,-0.221,-0.236,-1.325,-0.461,-0.001,-0.066,9.994,328.47,34.12,2.1,0,0,41.021746,335.57,,1,1,1,1,,733
52933.5,-0.312,-0.065,-1.315,-0.265,-0.025,-0.083,10.069,328.47,34.12,7.4,0,0,41.021746,340.87,,1,1,1,1,,733.5
52934,-0.364,0.071,-1.192,-0.058,-0.051,-0.083,10.126,328.47,34.12,7.4,0,0,41.021746,340.87,,1,1,1,1,,734
52934.5,-0.361,0.168,-0.979,0.123,-0.06,-0.093,10.123,328.37,34.12,11.2,0,0,41.021746,344.57,,1,1,1,1,,734.5
52935,-0.314,0.219,-0.704,0.278,-0.069,-0.083,10.118,328.37,34.12,11.2,0,0,41.021746,344.57,,1,1,1,1,,735
52935.5,-0.231,0.218,-0.394,0.39,-0.059,-0.076,10.063,328.37,34.12,8,0,0,41.021746,341.37,,1,1,1,1,,735.5
52936,-0.117,0.173,-0.082,0.457,-0.049,-0.058,10.019,328.37,34.12,8,0,0,41.021746,341.37,,1,1,1,1,,736
52936.5,0.007,0.089,0.208,0.48,-0.026,-0.004,9.947,328.17,35.04,9.4,0,0,42.127842,342.57,,1,1,1,1,,736.5
52937,0.127,-0.024,0.454,0.461,0.002,0.05,9.891,328.17,35.04,9.4,0,0,42.127842,342.57,,1,1,1,1,,737
52937.5,0.227,-0.155,0.644,0.413,0.039,0.081,9.825,328.17,37.07,6.1,0,0,44.568467,339.27,,1,1,1,1,,737.5
52938,0.296,-0.29,0.768,0.34,0.067,0.066,9.781,328.17,37.07,6.1,0,0,44.568467,339.27,,1,1,1,1,,738
52938.5,0.326,-0.419,0.827,0.257,0.096,0.05,9.754,328.07,35.04,6.7,0,0,42.127842,339.77,,1,1,1,1,,738.5
52939,0.312,-0.532,0.825,0.169,0.125,0.049,9.734,328.07,35.04,6.7,0,0,42.127842,339.77,,1,1,1,1,,739
52939.5,0.255,-0.626,0.774,0.096,0.134,0.014,9.75,328.17,35.97,6.8,0,0,43.245961,339.97,,1,1,1,1,,739.5
52940,0.162,-0.692,0.688,0.034,0.146,-0.006,9.755,328.17,35.97,6.8,0,0,43.245961,339.97,,1,1,1,1,,740
52940.5,0.053,-0.728,0.579,-0.009,0.142,-0.018,9.783,328.27,35.97,7.2,0,0,43.245961,340.47,,1,1,1,1,,740.5
52941,-0.061,-0.74,0.461,-0.042,0.135,-0.05,9.78,328.27,35.97,7.2,0,0,43.245961,340.47,,1,1,1,1,,741
52941.5,-0.165,-0.729,0.338,-0.066,0.107,-0.06,9.796,328.37,37.99,4.2,0,0,45.674564,337.57,,1,1,1,1,,741.5
52942,-0.241,-0.701,0.218,-0.09,0.104,-0.056,9.766,328.37,37.99,4.2,0,0,45.674564,337.57,,1,1,1,1,,742
52942.5,-0.275,-0.657,0.098,-0.123,0.092,-0.072,9.744,328.37,37.07,2.7,0,0,44.568467,336.07,,1,1,1,1,,742.5
52943,-0.262,-0.599,-0.023,-0.156,0.084,-0.059,9.723,328.37,37.07,2.7,0,0,44.568467,336.07,,1,1,1,1,,743
52943.5,-0.209,-0.534,-0.143,-0.195,0.085,-0.012,9.701,328.37,37.07,2.3,0,0,44.568467,335.67,,1,1,1,1,,743.5
52944,-0.125,-0.464,-0.262,-0.236,0.087,0.055,9.674,328.37,37.07,2.3,0,0,44.568467,335.67,,1,1,1,1,,744
52944.5,-0.023,-0.396,-0.382,-0.283,0.092,0.121,9.644,328.27,37.07,3.6,0,0,44.568467,336.87,,1,1,1,1,,744.5
52945,0.08,-0.323,-0.502,-0.329,0.093,0.159,9.633,328.27,37.07,3.6,0,0,44.568467,336.87,,1,1,1,1,,745
52945.5,0.166,-0.251,-0.615,-0.358,0.082,0.146,9.656,328.17,35.97,5.2,0,0,43.245961,338.37,,1,1,1,1,,745.5
52946,0.225,-0.182,-0.709,-0.354,0.061,0.107,9.717,328.17,35.97,5.2,0,0,43.245961,338.37,,1,1,1,1,,746
52946.5,0.25,-0.12,-0.769,-0.314,0.036,0.044,9.793,328.07,37.99,3.8,0,0,45.674564,336.87,,1,1,1,1,,746.5
52947,0.235,-0.071,-0.781,-0.236,0.013,-0.014,9.872,328.07,37.99,3.8,0,0,45.674564,336.87,,1,1,1,1,,747
52947.5,0.19,-0.035,-0.736,-0.128,-0.007,-0.064,9.952,328.07,37.99,4.3,0,0,45.674564,337.37,,1,1,1,1,,747.5
52948,0.127,-0.018,-0.632,-0.002,-0.024,-0.111,10.018,328.07,37.99,4.3,0,0,45.674564,337.37,,1,1,1,1,,748
52948.5,0.067,-0.021,-0.471,0.136,-0.027,-0.138,10.075,328.07,35.04,6,0,0,42.127842,339.07,,1,1,1,1,,748.5
52949,0.018,-0.048,-0.261,0.272,-0.026,-0.122,10.108,328.07,35.04,6,0,0,42.127842,339.07,,1,1,1,1,,749
52949.5,-0.014,-0.099,-0.017,0.392,-0.016,-0.064,10.114,328.07,35.04,12.1,0,0,42.127842,345.17,,1,1,1,1,,749.5
52950,-0.03,-0.169,0.24,0.479,0.004,0.024,10.077,328.07,35.04,12.1,0,0,42.127842,345.17,,1,1,1,1,,750
52950.5,-0.033,-0.255,0.488,0.519,0.03,0.112,10.014,328.07,35.04,15.3,0,0,42.127842,348.37,,1,1,1,1,,750.5
52951,-0.039,-0.351,0.7,0.507,0.059,0.141,9.92,328.07,35.04,15.3,0,0,42.127842,348.37,,1,1,1,1,,751
52951.5,-0.048,-0.446,0.853,0.446,0.086,0.116,9.829,328.07,34.12,13,0,0,41.021746,346.07,,1,1,1,1,,751.5
52952,-0.068,-0.532,0.935,0.347,0.107,0.084,9.743,328.07,34.12,13,0,0,41.021746,346.07,,1,1,1,1,,752
52952.5,-0.095,-0.598,0.938,0.222,0.127,0.059,9.677,328.07,35.04,7.8,0,0,42.127842,340.87,,1,1,1,1,,752.5
52953,-0.128,-0.647,0.867,0.09,0.135,0.012,9.637,328.07,35.04,7.8,0,0,42.127842,340.87,,1,1,1,1,,753
52953.5,-0.171,-0.671,0.732,-0.04,0.137,-0.025,9.611,328.07,34.12,6.3,0,0,41.021746,339.37,,1,1,1,1,,753.5
52954,-0.215,-0.671,0.548,-0.156,0.135,-0.055,9.609,328.07,34.12,6.3,0,0,41.021746,339.37,,1,1,1,1,,754
52954.5,-0.254,-0.652,0.332,-0.252,0.135,-0.113,9.609,327.97,35.04,8.1,0,0,42.127842,341.07,,1,1,1,1,,754.5
52955,-0.289,-0.617,0.103,-0.324,0.117,-0.154,9.633,327.97,35.04,8.1,0,0,42.127842,341.07,,1,1,1,1,,755
52955.5,-0.313,-0.573,-0.123,-0.37,0.101,-0.197,9.66,327.97,35.97,11.5,0,0,43.245961,344.47,,1,1,1,1,,755.5
52956,-0.328,-0.522,-0.33,-0.392,0.093,-0.222,9.686,327.97,35.97,11.5,0,0,43.245961,344.47,,1,1,1,1,,756
52956.5,-0.331,-0.468,-0.507,-0.386,0.074,-0.213,9.732,327.97,37.07,9.7,0,0,44.568467,342.67,,1,1,1,1,,756.5
52957,-0.325,-0.414,-0.642,-0.354,0.055,-0.14,9.778,327.97,37.07,9.7,0,0,44.568467,342.67,,1,1,1,1,,757
52957.5,-0.31,-0.357,-0.73,-0.303,0.044,-0.064,9.821,328.07,35.97,9.3,0,0,43.245961,342.37,,1,1,1,1,,757.5
52958,-0.295,-0.302,-0.768,-0.24,0.044,0.047,9.844,328.07,35.97,9.3,0,0,43.245961,342.37,,1,1,1,1,,758
52958.5,-0.28,-0.251,-0.757,-0.171,0.043,0.13,9.861,328.17,35.04,10.7,0,0,42.127842,343.87,,1,1,1,1,,758.5
52959,-0.267,-0.202,-0.705,-0.101,0.039,0.157,9.884,328.17,35.04,10.7,0,0,42.127842,343.87,,1,1,1,1,,759
52959.5,-0.262,-0.155,-0.618,-0.032,0.04,0.165,9.899,328.17,35.97,12.3,0,0,43.245961,345.47,,1,1,1,1,,759.5
52960,-0.262,-0.11,-0.501,0.039,0.034,0.143,9.926,328.17,35.97,12.3,0,0,43.245961,345.47,,1,1,1,1,,760
52960.5,-0.266,-0.073,-0.36,0.112,0.026,0.076,9.955,328.17,37.07,11.9,0,0,44.568467,345.07,,1,1,1,1,,760.5
52961,-0.267,-0.044,-0.198,0.189,0.013,-0.033,9.987,328.17,37.07,11.9,0,0,44.568467,345.07,,1,1,1,1,,761
52961.5,-0.254,-0.035,-0.021,0.263,0.008,-0.11,10.001,327.97,35.97,9.1,0,0,43.245961,342.07,,1,1,1,1,,761.5
52962,-0.226,-0.044,0.164,0.326,-0.002,-0.185,10.01,327.97,35.97,9.1,0,0,43.245961,342.07,,1,1,1,1,,762
52962.5,-0.176,-0.078,0.347,0.377,-0.014,-0.231,10.014,327.97,37.07,10.6,0,0,44.568467,343.57,,1,1,1,1,,762.5
52963,-0.11,-0.136,0.519,0.414,-0.02,-0.231,10.006,327.97,37.07,10.6,0,0,44.568467,343.57,,1,1,1,1,,763
52963.5,-0.03,-0.224,0.673,0.432,-0.018,-0.193,9.982,327.77,35.04,11.7,0,0,42.127842,344.47,,1,1,1,1,,763.5
52964,0.058,-0.337,0.797,0.424,-0.002,-0.145,9.939,327.77,35.04,11.7,0,0,42.127842,344.47,,1,1,1,1,,764
52964.5,0.145,-0.468,0.88,0.382,0.027,-0.097,9.867,327.77,35.04,9.8,0,0,42.127842,342.57,,1,1,1,1,,764.5
52965,0.218,-0.607,0.91,0.299,0.078,-0.001,9.767,327.77,35.04,9.8,0,0,42.127842,342.57,,1,1,1,1,,765
52965.5,0.273,-0.741,0.872,0.173,0.132,0.083,9.657,327.87,32.28,17.9,0,0,38.809553,350.77,,1,1,1,1,,765.5
52966,0.295,-0.851,0.759,0.011,0.181,0.164,9.549,327.87,32.28,17.9,0,0,38.809553,350.77,,1,1,1,1,,766
52966.5,0.285,-0.924,0.569,-0.177,0.219,0.193,9.453,327.97,33.2,18.2,0,0,39.915649,351.17,,1,1,1,1,,766.5
52967,0.243,-0.951,0.309,-0.364,0.241,0.256,9.401,327.97,33.2,18.2,0,0,39.915649,351.17,,1,1,1,1,,767
52967.5,0.18,-0.918,-0.002,-0.534,0.238,0.278,9.385,328.07,32.28,13.3,0,0,38.809553,346.37,,1,1,1,1,,767.5
52968,0.1,-0.829,-0.339,-0.661,0.217,0.235,9.427,328.07,32.28,13.3,0,0,38.809553,346.37,,1,1,1,1,,768
52968.5,0.019,-0.689,-0.669,-0.731,0.186,0.199,9.503,328.17,33.2,10.5,0,0,39.915649,343.67,,1,1,1,1,,768.5
52969,-0.052,-0.507,-0.958,-0.729,0.13,0.096,9.633,328.17,33.2,10.5,0,0,39.915649,343.67,,1,1,1,1,,769
52969.5,-0.1,-0.302,-1.173,-0.65,0.071,-0.032,9.783,327.97,33.2,5.5,0,0,39.915649,338.47,,1,1,1,1,,769.5
52970,-0.118,-0.095,-1.285,-0.496,0.003,-0.174,9.949,327.97,33.2,5.5,0,0,39.915649,338.47,,1,1,1,1,,770
52970.5,-0.109,0.091,-1.275,-0.281,-0.056,-0.31,10.103,327.77,33.2,11.6,0,0,39.915649,344.37,,1,1,1,1,,770.5
52971,-0.075,0.236,-1.139,-0.032,-0.111,-0.337,10.224,327.77,33.2,11.6,0,0,39.915649,344.37,,1,1,1,1,,771
52971.5,-0.023,0.324,-0.886,0.228,-0.153,-0.268,10.305,327.67,32.28,13.1,0,0,38.809553,345.77,,1,1,1,1,,771.5
52972,0.031,0.344,-0.539,0.465,-0.161,-0.156,10.322,327.67,32.28,13.1,0,0,38.809553,345.77,,1,1,1,1,,772
52972.5,0.076,0.295,-0.133,0.657,-0.157,-0.013,10.298,327.67,32.28,17.4,0,0,38.809553,350.07,,1,1,1,1,,772.5
52973,0.1,0.182,0.291,0.773,-0.112,0.123,10.179,327.67,32.28,17.4,0,0,38.809553,350.07,,1,1,1,1,,773
52973.5,0.099,0.017,0.682,0.802,-0.063,0.212,10.054,327.77,32.28,18.1,0,0,38.809553,350.87,,1,1,1,1,,773.5
52974,0.073,-0.182,1.002,0.751,0.005,0.227,9.904,327.77,32.28,18.1,0,0,38.809553,350.87,,1,1,1,1,,774
52974.5,0.027,-0.39,1.221,0.628,0.072,0.216,9.77,327.87,35.04,11.2,0,0,42.127842,344.07,,1,1,1,1,,774.5
52975,-0.034,-0.591,1.32,0.451,0.142,0.137,9.629,327.87,35.04,11.2,0,0,42.127842,344.07,,1,1,1,1,,775
52975.5,-0.101,-0.763,1.292,0.23,0.205,0.074,9.506,327.87,34.12,9.5,0,0,41.021746,342.37,,1,1,1,1,,775.5
52976,-0.169,-0.892,1.143,-0.003,0.242,0.003,9.433,327.87,34.12,9.5,0,0,41.021746,342.37,,1,1,1,1,,776
52976.5,-0.236,-0.962,0.89,-0.228,0.258,-0.037,9.395,327.87,33.2,5.6,0,0,39.915649,338.47,,1,1,1,1,,776.5
52977,-0.294,-0.973,0.563,-0.416,0.254,-0.107,9.413,327.87,33.2,5.6,0,0,39.915649,338.47,,1,1,1,1,,777
52977.5,-0.342,-0.924,0.197,-0.56,0.238,-0.167,9.449,327.77,31.35,5.3,0,0,37.691434,338.07,,1,1,1,1,,777.5
52978,-0.379,-0.823,-0.171,-0.634,0.18,-0.218,9.56,327.77,31.35,5.3,0,0,37.691434,338.07,,1,1,1,1,,778
52978.5,-0.401,-0.686,-0.501,-0.633,0.123,-0.285,9.683,327.77,31.35,12.3,0,0,37.691434,345.07,,1,1,1,1,,778.5
52979,-0.401,-0.53,-0.758,-0.556,0.056,-0.308,9.842,327.77,31.35,12.3,0,0,37.691434,345.07,,1,1,1,1,,779
52979.5,-0.386,-0.372,-0.917,-0.422,0.007,-0.242,9.945,327.67,35.97,11.8,0,0,43.245961,344.47,,1,1,1,1,,779.5
52980,-0.355,-0.229,-0.969,-0.258,-0.038,-0.126,10.04,327.67,35.97,11.8,0,0,43.245961,344.47,,1,1,1,1,,780
52980.5,-0.315,-0.12,-0.92,-0.08,-0.065,0.027,10.085,327.77,35.97,12,0,0,43.245961,344.77,,1,1,1,1,,780.5
52981,-0.274,-0.046,-0.786,0.075,-0.065,0.118,10.081,327.77,35.97,12,0,0,43.245961,344.77,,1,1,1,1,,781
52981.5,-0.239,-0.011,-0.595,0.197,-0.056,0.194,10.041,327.77,35.97,9.2,0,0,43.245961,341.97,,1,1,1,1,,781.5
52982,-0.21,-0.014,-0.379,0.259,-0.021,0.221,9.951,327.77,35.97,9.2,0,0,43.245961,341.97,,1,1,1,1,,782
52982.5,-0.198,-0.044,-0.171,0.277,0.006,0.17,9.883,327.77,35.04,8.2,0,0,42.127842,340.97,,1,1,1,1,,782.5
52983,-0.195,-0.093,0.007,0.248,0.05,0.066,9.788,327.77,35.04,8.2,0,0,42.127842,340.97,,1,1,1,1,,783
52983.5,-0.202,-0.151,0.138,0.189,0.066,-0.06,9.738,327.77,34.12,7.4,0,0,41.021746,340.17,,1,1,1,1,,783.5
52984,-0.221,-0.209,0.218,0.114,0.083,-0.145,9.699,327.77,34.12,7.4,0,0,41.021746,340.17,,1,1,1,1,,784
52984.5,-0.247,-0.259,0.248,0.042,0.092,-0.18,9.701,327.77,33.2,5.1,0,0,39.915649,337.87,,1,1,1,1,,784.5
52985,-0.274,-0.298,0.242,-0.007,0.091,-0.186,9.723,327.77,33.2,5.1,0,0,39.915649,337.87,,1,1,1,1,,785
52985.5,-0.295,-0.323,0.215,-0.034,0.076,-0.162,9.777,327.67,33.2,8.3,0,0,39.915649,340.97,,1,1,1,1,,785.5
52986,-0.311,-0.339,0.185,-0.03,0.071,-0.149,9.831,327.67,33.2,8.3,0,0,39.915649,340.97,,1,1,1,1,,786
52986.5,-0.314,-0.35,0.165,0.002,0.059,-0.146,9.891,327.67,35.04,12.7,0,0,42.127842,345.37,,1,1,1,1,,786.5
52987,-0.309,-0.357,0.167,0.059,0.038,-0.103,9.958,327.67,35.04,12.7,0,0,42.127842,345.37,,1,1,1,1,,787
52987.5,-0.295,-0.372,0.196,0.13,0.031,-0.093,10.003,327.67,35.04,10.8,0,0,42.127842,343.47,,1,1,1,1,,787.5
52988,-0.271,-0.399,0.253,0.208,0.025,-0.069,10.035,327.67,35.04,10.8,0,0,42.127842,343.47,,1,1,1,1,,788
52988.5,-0.248,-0.441,0.332,0.27,0.024,0.008,10.019,327.67,34.12,10.1,0,0,41.021746,342.77,,1,1,1,1,,788.5
52989,-0.227,-0.497,0.417,0.299,0.039,0.104,9.961,327.67,34.12,10.1,0,0,41.021746,342.77,,1,1,1,1,,789
52989.5,-0.211,-0.559,0.484,0.276,0.075,0.141,9.847,327.77,34.12,15.8,0,0,41.021746,348.57,,1,1,1,1,,789.5
52990,-0.199,-0.619,0.512,0.203,0.098,0.156,9.743,327.77,34.12,15.8,0,0,41.021746,348.57,,1,1,1,1,,790
52990.5,-0.195,-0.669,0.482,0.082,0.13,0.091,9.622,327.77,34.12,16.8,0,0,41.021746,349.57,,1,1,1,1,,790.5
52991,-0.194,-0.696,0.385,-0.07,0.146,-0.049,9.537,327.77,34.12,16.8,0,0,41.021746,349.57,,1,1,1,1,,791
52991.5,-0.195,-0.693,0.222,-0.232,0.162,-0.153,9.473,327.67,34.12,12.7,0,0,41.021746,345.37,,1,1,1,1,,791.5
52992,-0.195,-0.654,0.006,-0.378,0.156,-0.243,9.473,327.67,34.12,12.7,0,0,41.021746,345.37,,1,1,1,1,,792
52992.5,-0.19,-0.583,-0.238,-0.484,0.133,-0.241,9.513,327.67,34.12,7,0,0,41.021746,339.67,,1,1,1,1,,792.5
52993,-0.186,-0.487,-0.482,-0.54,0.107,-0.192,9.592,327.67,34.12,7,0,0,41.021746,339.67,,1,1,1,1,,793
52993.5,-0.179,-0.374,-0.695,-0.534,0.073,-0.094,9.694,327.67,35.04,11.4,0,0,42.127842,344.07,,1,1,1,1,,793.5
52994,-0.179,-0.257,-0.852,-0.472,0.041,0.018,9.805,327.67,35.04,11.4,0,0,42.127842,344.07,,1,1,1,1,,794
52994.5,-0.181,-0.149,-0.932,-0.357,0.007,0.1,9.921,327.77,35.97,13.1,0,0,43.245961,345.87,,1,1,1,1,,794.5
52995,-0.189,-0.056,-0.925,-0.208,-0.013,0.164,10.008,327.77,35.97,13.1,0,0,43.245961,345.87,,1,1,1,1,,795
52995.5,-0.201,0.007,-0.83,-0.041,-0.033,0.145,10.083,327.77,37.07,6.3,0,0,44.568467,339.07,,1,1,1,1,,795.5
52996,-0.215,0.039,-0.657,0.132,-0.049,0.086,10.133,327.77,37.07,6.3,0,0,44.568467,339.07,,1,1,1,1,,796
52996.5,-0.234,0.033,-0.421,0.294,-0.055,0.012,10.155,327.77,35.04,5.4,0,0,42.127842,338.17,,1,1,1,1,,796.5
52997,-0.255,-0.006,-0.144,0.422,-0.042,-0.093,10.128,327.77,35.04,5.4,0,0,42.127842,338.17,,1,1,1,1,,797
52997.5,-0.274,-0.075,0.145,0.507,-0.025,-0.146,10.078,327.87,33.2,1.2,0,0,39.915649,334.07,,1,1,1,1,,797.5
52998,-0.293,-0.164,0.419,0.539,0.009,-0.16,9.991,327.87,33.2,1.2,0,0,39.915649,334.07,,1,1,1,1,,798
52998.5,-0.308,-0.268,0.649,0.515,0.046,-0.16,9.898,327.77,34.12,359.4,0,0,41.021746,332.17,,1,1,1,1,,798.5
52999,-0.322,-0.376,0.814,0.441,0.086,-0.135,9.792,327.77,34.12,359.4,0,0,41.021746,332.17,,1,1,1,1,,799
52999.5,-0.328,-0.474,0.898,0.324,0.119,-0.1,9.697,327.67,34.12,4.9,0,0,41.021746,337.57,,1,1,1,1,,799.5
53000,-0.323,-0.553,0.896,0.181,0.139,-0.063,9.627,327.67,34.12,4.9,0,0,41.021746,337.57,,1,1,1,1,,800
53000.5,-0.304,-0.61,0.813,0.034,0.141,-0.067,9.59,327.67,32.28,6.5,0,0,38.809553,339.17,,1,1,1,1,,800.5
53001,-0.271,-0.643,0.665,-0.095,0.126,-0.065,9.596,327.67,32.28,6.5,0,0,38.809553,339.17,,1,1,1,1,,801
53001.5,-0.223,-0.651,0.474,-0.199,0.115,-0.069,9.618,327.67,31.35,4.2,0,0,37.691434,336.87,,1,1,1,1,,801.5
53002,-0.173,-0.638,0.263,-0.267,0.098,-0.034,9.663,327.67,31.35,4.2,0,0,37.691434,336.87,,1,1,1,1,,802
53002.5,-0.122,-0.611,0.054,-0.3,0.085,-0.001,9.714,327.77,31.35,4,0,0,37.691434,336.77,,1,1,1,1,,802.5
53003,-0.075,-0.571,-0.132,-0.298,0.07,0.036,9.772,327.77,31.35,4,0,0,37.691434,336.77,,1,1,1,1,,803
53003.5,-0.042,-0.528,-0.282,-0.267,0.063,0.025,9.817,327.77,30.43,4.5,0,0,36.585338,337.27,,1,1,1,1,,803.5
53004,-0.028,-0.484,-0.39,-0.228,0.07,0.039,9.83,327.77,30.43,4.5,0,0,36.585338,337.27,,1,1,1,1,,804
53004.5,-0.032,-0.441,-0.458,-0.187,0.074,0.032,9.828,327.77,30.43,6.5,0,0,36.585338,339.27,,1,1,1,1,,804.5
53005,-0.05,-0.395,-0.492,-0.153,0.078,0.024,9.82,327.77,30.43,6.5,0,0,36.585338,339.27,,1,1,1,1,,805
53005.5,-0.079,-0.348,-0.5,-0.123,0.071,-0.009,9.822,327.97,29.33,4.1,0,0,35.262831,337.07,,1,1,1,1,,805.5
53006,-0.113,-0.301,-0.486,-0.093,0.067,-0.019,9.825,327.97,29.33,4.1,0,0,35.262831,337.07,,1,1,1,1,,806
53006.5,-0.15,-0.252,-0.452,-0.061,0.052,-0.043,9.836,327.97,30.43,359.9,0,0,36.585338,332.87,,1,1,1,1,,806.5
53007,-0.189,-0.203,-0.401,-0.03,0.036,-0.054,9.844,327.97,30.43,359.9,0,0,36.585338,332.87,,1,1,1,1,,807
53007.5,-0.229,-0.16,-0.337,0.001,0.018,-0.019,9.853,327.97,31.35,358.5,0,0,37.691434,331.47,,1,1,1,1,,807.5
53008,-0.263,-0.126,-0.263,0.031,0.018,-0.001,9.858,327.97,31.35,358.5,0,0,37.691434,331.47,,1,1,1,1,,808
53008.5,-0.29,-0.1,-0.182,0.059,0.011,-0.017,9.861,327.87,30.43,1.6,0,0,36.585338,334.47,,1,1,1,1,,808.5
53009,-0.306,-0.092,-0.098,0.086,0.002,-0.062,9.876,327.87,30.43,1.6,0,0,36.585338,334.47,,1,1,1,1,,809
53009.5,-0.305,-0.101,-0.011,0.115,0.004,-0.086,9.896,327.87,29.33,2.2,0,0,35.262831,335.07,,1,1,1,1,,809.5
53010,-0.278,-0.127,0.079,0.146,0.014,-0.132,9.905,327.87,29.33,2.2,0,0,35.262831,335.07,,1,1,1,1,,810
53010.5,-0.232,-0.169,0.169,0.174,0.022,-0.183,9.91,327.87,29.33,359.7,0,0,35.262831,332.57,,1,1,1,1,,810.5
53011,-0.162,-0.23,0.254,0.191,0.036,-0.152,9.892,327.87,29.33,359.7,0,0,35.262831,332.57,,1,1,1,1,,811
53011.5,-0.083,-0.297,0.327,0.191,0.056,-0.106,9.865,327.77,29.33,0.3,0,0,35.262831,333.07,,1,1,1,1,,811.5
53012,-0.006,-0.368,0.382,0.176,0.078,-0.023,9.837,327.77,29.33,0.3,0,0,35.262831,333.07,,1,1,1,1,,812
53012.5,0.064,-0.432,0.414,0.153,0.085,0.068,9.834,327.97,31.35,2.5,0,0,37.691434,335.47,,1,1,1,1,,812.5
53013,0.118,-0.49,0.425,0.134,0.086,0.097,9.839,327.97,31.35,2.5,0,0,37.691434,335.47,,1,1,1,1,,813
53013.5,0.148,-0.534,0.42,0.113,0.085,0.1,9.837,327.97,33.2,1,0,0,39.915649,333.97,,1,1,1,1,,813.5
53014,0.151,-0.566,0.399,0.093,0.083,0.116,9.83,327.97,33.2,1,0,0,39.915649,333.97,,1,1,1,1,,814
53014.5,0.125,-0.584,0.364,0.061,0.095,0.067,9.79,328.07,35.04,0.9,0,0,42.127842,333.97,,1,1,1,1,,814.5
53015,0.072,-0.584,0.31,0.016,0.102,0.051,9.753,328.07,35.04,0.9,0,0,42.127842,333.97,,1,1,1,1,,815
53015.5,-0.009,-0.571,0.235,-0.046,0.113,0.055,9.702,328.07,34.12,356.5,0,0,41.021746,329.57,,1,1,1,1,,815.5
53016,-0.111,-0.54,0.134,-0.119,0.113,0.014,9.665,328.07,34.12,356.5,0,0,41.021746,329.57,,1,1,1,1,,816
53016.5,-0.218,-0.497,0.01,-0.2,0.119,0.001,9.619,328.07,31.35,355.8,0,0,37.691434,328.87,,1,1,1,1,,816.5
53017,-0.322,-0.44,-0.134,-0.273,0.105,0.005,9.619,328.07,31.35,355.8,0,0,37.691434,328.87,,1,1,1,1,,817
53017.5,-0.412,-0.377,-0.284,-0.327,0.085,-0.017,9.635,328.17,33.2,354,0,0,39.915649,327.17,,1,1,1,1,,817.5
53018,-0.471,-0.311,-0.429,-0.352,0.062,-0.093,9.681,328.17,33.2,354,0,0,39.915649,327.17,,1,1,1,1,,818
53018.5,-0.488,-0.245,-0.549,-0.34,0.036,-0.148,9.746,328.17,35.04,356.6,0,0,42.127842,329.77,,1,1,1,1,,818.5
53019,-0.461,-0.189,-0.629,-0.292,0.016,-0.186,9.821,328.17,35.04,356.6,0,0,42.127842,329.77,,1,1,1,1,,819
53019.5,-0.393,-0.143,-0.659,-0.212,0.003,-0.221,9.894,328.17,35.04,359.1,0,0,42.127842,332.27,,1,1,1,1,,819.5
53020,-0.296,-0.11,-0.632,-0.111,0.005,-0.184,9.947,328.17,35.04,359.1,0,0,42.127842,332.27,,1,1,1,1,,820
53020.5,-0.175,-0.093,-0.549,0.007,-0.012,-0.155,10.015,328.17,37.07,2.5,0,0,44.568467,335.67,,1,1,1,1,,820.5
53021,-0.06,-0.096,-0.413,0.126,-0.009,-0.099,10.046,328.17,37.07,2.5,0,0,44.568467,335.67,,1,1,1,1,,821
53021.5,0.039,-0.116,-0.235,0.243,-0.01,-0.034,10.076,328.17,35.97,1.3,0,0,43.245961,334.47,,1,1,1,1,,821.5
53022,0.107,-0.154,-0.028,0.341,0,0.023,10.067,328.17,35.97,1.3,0,0,43.245961,334.47,,1,1,1,1,,822
53022.5,0.133,-0.208,0.188,0.41,0.009,0.055,10.036,328.17,37.07,2.1,0,0,44.568467,335.27,,1,1,1,1,,822.5
53023,0.115,-0.275,0.394,0.433,0.037,0.061,9.957,328.17,37.07,2.1,0,0,44.568467,335.27,,1,1,1,1,,823
53023.5,0.061,-0.347,0.562,0.407,0.06,0.068,9.873,328.37,35.04,2.4,0,0,42.127842,335.77,,1,1,1,1,,823.5
53024,-0.019,-0.414,0.677,0.338,0.085,0.045,9.777,328.37,35.04,2.4,0,0,42.127842,335.77,,1,1,1,1,,824
53024.5,-0.107,-0.471,0.722,0.228,0.109,0.043,9.686,328.37,35.97,2,0,0,43.245961,335.37,,1,1,1,1,,824.5
53025,-0.187,-0.514,0.695,0.098,0.121,0.117,9.621,328.37,35.97,2,0,0,43.245961,335.37,,1,1,1,1,,825
53025.5,-0.247,-0.537,0.595,-0.053,0.148,0.154,9.541,328.47,35.04,1.4,0,0,42.127842,334.87,,1,1,1,1,,825.5
53026,-0.276,-0.535,0.431,-0.196,0.147,0.185,9.527,328.47,35.04,1.4,0,0,42.127842,334.87,,1,1,1,1,,826
53026.5,-0.276,-0.507,0.221,-0.322,0.144,0.132,9.523,328.57,35.97,0.2,0,0,43.245961,333.77,,1,1,1,1,,826.5
53027,-0.245,-0.459,-0.011,-0.4,0.113,0.022,9.604,328.57,35.97,0.2,0,0,43.245961,333.77,,1,1,1,1,,827
53027.5,-0.198,-0.397,-0.231,-0.417,0.082,-0.119,9.697,328.47,35.97,1.1,0,0,43.245961,334.57,,1,1,1,1,,827.5
53028,-0.137,-0.328,-0.411,-0.373,0.029,-0.268,9.836,328.47,35.97,1.1,0,0,43.245961,334.57,,1,1,1,1,,828
53028.5,-0.069,-0.266,-0.524,-0.273,0.002,-0.337,9.936,328.37,35.04,1.3,0,0,42.127842,334.67,,1,1,1,1,,828.5
53029,0.001,-0.219,-0.558,-0.141,-0.023,-0.323,10.026,328.37,35.04,1.3,0,0,42.127842,334.67,,1,1,1,1,,829
53029.5,0.071,-0.195,-0.513,0.01,-0.046,-0.264,10.09,328.37,35.97,1.8,0,0,43.245961,335.17,,1,1,1,1,,829.5
53030,0.13,-0.193,-0.398,0.149,-0.038,-0.17,10.095,328.37,35.97,1.8,0,0,43.245961,335.17,,1,1,1,1,,830
53030.5,0.176,-0.214,-0.236,0.259,-0.012,-0.035,10.06,328.37,35.04,4.3,0,0,42.127842,337.67,,1,1,1,1,,830.5
53031,0.204,-0.259,-0.054,0.318,0.015,0.063,9.986,328.37,35.04,4.3,0,0,42.127842,337.67,,1,1,1,1,,831
53031.5,0.209,-0.313,0.12,0.331,0.035,0.179,9.909,328.47,35.04,4,0,0,42.127842,337.47,,1,1,1,1,,831.5
53032,0.19,-0.377,0.26,0.288,0.079,0.284,9.785,328.47,35.04,4,0,0,42.127842,337.47,,1,1,1,1,,832
53032.5,0.144,-0.435,0.343,0.194,0.11,0.296,9.684,328.67,34.12,3.9,0,0,41.021746,337.57,,1,1,1,1,,832.5
53033,0.08,-0.476,0.357,0.066,0.137,0.301,9.588,328.67,34.12,3.9,0,0,41.021746,337.57,,1,1,1,1,,833
53033.5,-0.003,-0.492,0.298,-0.085,0.163,0.236,9.52,328.87,35.04,4,0,0,42.127842,337.87,,1,1,1,1,,833.5
53034,-0.097,-0.477,0.175,-0.225,0.167,0.142,9.5,328.87,35.04,4,0,0,42.127842,337.87,,1,1,1,1,,834
53034.5,-0.193,-0.433,0.004,-0.347,0.153,0.029,9.52,328.97,35.04,1.9,0,0,42.127842,335.87,,1,1,1,1,,834.5
53035,-0.277,-0.36,-0.185,-0.409,0.118,-0.084,9.61,328.97,35.04,1.9,0,0,42.127842,335.87,,1,1,1,1,,835
53035.5,-0.342,-0.271,-0.359,-0.41,0.075,-0.148,9.726,328.97,34.12,1.2,0,0,41.021746,335.17,,1,1,1,1,,835.5
53036,-0.382,-0.179,-0.485,-0.337,0.022,-0.175,9.876,328.97,34.12,1.2,0,0,41.021746,335.17,,1,1,1,1,,836
53036.5,-0.398,-0.094,-0.539,-0.212,-0.013,-0.173,9.988,328.87,34.12,0.8,0,0,41.021746,334.67,,1,1,1,1,,836.5
53037,-0.387,-0.031,-0.508,-0.045,-0.065,-0.171,10.116,328.87,34.12,0.8,0,0,41.021746,334.67,,1,1,1,1,,837
53037.5,-0.359,-0.001,-0.395,0.127,-0.06,-0.187,10.143,328.77,34.12,0.3,0,0,41.021746,334.07,,1,1,1,1,,837.5
53038,-0.32,-0.005,-0.213,0.289,-0.064,-0.177,10.173,328.77,34.12,0.3,0,0,41.021746,334.07,,1,1,1,1,,838
53038.5,-0.279,-0.049,0.015,0.418,-0.051,-0.155,10.135,328.77,33.2,0.8,0,0,39.915649,334.57,,1,1,1,1,,838.5
53039,-0.24,-0.124,0.258,0.5,-0.043,-0.147,10.095,328.77,33.2,0.8,0,0,39.915649,334.57,,1,1,1,1,,839
53039.5,-0.208,-0.228,0.49,0.53,-0.007,-0.106,10,328.77,32.28,2,0,0,38.809553,335.77,,1,1,1,1,,839.5
53040,-0.193,-0.347,0.68,0.498,0.032,-0.05,9.898,328.77,32.28,2,0,0,38.809553,335.77,,1,1,1,1,,840
53040.5,-0.191,-0.471,0.808,0.418,0.074,-0.026,9.78,328.87,32.28,2,0,0,38.809553,335.87,,1,1,1,1,,840.5
53041,-0.203,-0.589,0.854,0.283,0.112,-0.003,9.664,328.87,32.28,2,0,0,38.809553,335.87,,1,1,1,1,,841
53041.5,-0.215,-0.682,0.811,0.12,0.142,0.037,9.578,329.07,33.2,1.7,0,0,39.915649,335.77,,1,1,1,1,,841.5
53042,-0.225,-0.744,0.679,-0.067,0.185,0.057,9.482,329.07,33.2,1.7,0,0,39.915649,335.77,,1,1,1,1,,842
53042.5,-0.228,-0.763,0.471,-0.248,0.197,0.063,9.451,329.17,32.28,2.9,0,0,38.809553,337.07,,1,1,1,1,,842.5
53043,-0.222,-0.739,0.204,-0.411,0.2,0.054,9.44,329.17,32.28,2.9,0,0,38.809553,337.07,,1,1,1,1,,843
53043.5,-0.203,-0.672,-0.095,-0.533,0.181,0.057,9.483,329.27,31.35,1.7,0,0,37.691434,335.97,,1,1,1,1,,843.5
53044,-0.181,-0.568,-0.396,-0.61,0.169,0.048,9.524,329.27,31.35,1.7,0,0,37.691434,335.97,,1,1,1,1,,844
53044.5,-0.156,-0.433,-0.671,-0.629,0.125,0.035,9.625,329.27,31.35,359.5,0,0,37.691434,333.77,,1,1,1,1,,844.5
53045,-0.13,-0.284,-0.892,-0.592,0.088,-0.004,9.717,329.27,31.35,359.5,0,0,37.691434,333.77,,1,1,1,1,,845
53045.5,-0.109,-0.133,-1.039,-0.498,0.029,-0.049,9.845,329.27,31.35,2.4,0,0,37.691434,336.67,,1,1,1,1,,845.5
53046,-0.096,0.006,-1.093,-0.356,-0.016,-0.085,9.955,329.27,31.35,2.4,0,0,37.691434,336.67,,1,1,1,1,,846
53046.5,-0.086,0.118,-1.048,-0.172,-0.069,-0.1,10.086,329.17,33.2,0.8,0,0,39.915649,334.97,,1,1,1,1,,846.5
53047,-0.08,0.188,-0.899,0.046,-0.105,-0.083,10.192,329.17,33.2,0.8,0,0,39.915649,334.97,,1,1,1,1,,847
53047.5,-0.076,0.212,-0.653,0.272,-0.127,-0.048,10.264,329.17,32.28,0.6,0,0,38.809553,334.77,,1,1,1,1,,847.5
53048,-0.075,0.182,-0.331,0.479,-0.136,0.007,10.285,329.17,32.28,0.6,0,0,38.809553,334.77,,1,1,1,1,,848
53048.5,-0.077,0.1,0.036,0.637,-0.107,0.006,10.242,329.17,31.35,4,0,0,37.691434,338.17,,1,1,1,1,,848.5
53049,-0.085,-0.023,0.409,0.728,-0.061,0.017,10.141,329.17,31.35,4,0,0,37.691434,338.17,,1,1,1,1,,849
53049.5,-0.097,-0.175,0.745,0.738,-0.011,0.013,10.014,329.27,31.35,2.1,0,0,37.691434,336.37,,1,1,1,1,,849.5
53050,-0.116,-0.338,1.009,0.666,0.058,-0.014,9.852,329.27,31.35,2.1,0,0,37.691434,336.37,,1,1,1,1,,850
53050.5,-0.137,-0.494,1.168,0.521,0.121,-0.03,9.698,329.37,31.35,2.2,0,0,37.691434,336.57,,1,1,1,1,,850.5
53051,-0.158,-0.63,1.208,0.329,0.168,-0.037,9.575,329.37,31.35,2.2,0,0,37.691434,336.57,,1,1,1,1,,851
53051.5,-0.179,-0.73,1.127,0.109,0.201,-0.02,9.486,329.37,29.33,359.4,0,0,35.262831,333.77,,1,1,1,1,,851.5
53052,-0.192,-0.79,0.94,-0.104,0.202,-0.027,9.452,329.37,29.33,359.4,0,0,35.262831,333.77,,1,1,1,1,,852
53052.5,-0.195,-0.805,0.67,-0.299,0.21,-0.049,9.428,329.47,30.43,0.1,0,0,36.585338,334.57,,1,1,1,1,,852.5
53053,-0.188,-0.775,0.347,-0.457,0.193,-0.047,9.448,329.47,30.43,0.1,0,0,36.585338,334.57,,1,1,1,1,,853
53053.5,-0.178,-0.703,-0.001,-0.577,0.181,-0.031,9.478,329.47,32.28,359.4,0,0,38.809553,333.87,,1,1,1,1,,853.5
53054,-0.171,-0.599,-0.342,-0.638,0.147,-0.026,9.566,329.47,32.28,359.4,0,0,38.809553,333.87,,1,1,1,1,,854
53054.5,-0.175,-0.47,-0.644,-0.641,0.105,0.019,9.66,329.47,32.28,359,0,0,38.809553,333.47,,1,1,1,1,,854.5
53055,-0.198,-0.332,-0.881,-0.584,0.065,0.032,9.772,329.47,32.28,359,0,0,38.809553,333.47,,1,1,1,1,,855
53055.5,-0.241,-0.193,-1.032,-0.48,0.029,0.028,9.864,329.57,31.35,357.2,0,0,37.691434,331.77,,1,1,1,1,,855.5
53056,-0.299,-0.071,-1.089,-0.335,-0.026,0.006,9.973,329.57,31.35,357.2,0,0,37.691434,331.77,,1,1,1,1,,856
53056.5,-0.364,0.026,-1.046,-0.16,-0.059,-0.036,10.064,329.67,30.43,3.1,0,0,36.585338,337.77,,1,1,1,1,,856.5
53057,-0.425,0.088,-0.91,0.024,-0.074,-0.066,10.117,329.67,30.43,3.1,0,0,36.585338,337.77,,1,1,1,1,,857
53057.5,-0.472,0.114,-0.696,0.202,-0.09,-0.083,10.153,329.57,30.43,4.7,0,0,36.585338,339.27,,1,1,1,1,,857.5
53058,-0.5,0.1,-0.424,0.356,-0.079,-0.101,10.152,329.57,30.43,4.7,0,0,36.585338,339.27,,1,1,1,1,,858
53058.5,-0.496,0.049,-0.118,0.482,-0.07,-0.095,10.137,329.57,31.35,5.3,0,0,37.691434,339.87,,1,1,1,1,,858.5
53059,-0.458,-0.032,0.194,0.561,-0.045,-0.087,10.087,329.57,31.35,5.3,0,0,37.691434,339.87,,1,1,1,1,,859
53059.5,-0.387,-0.136,0.483,0.589,0.002,-0.125,10.007,329.47,31.35,4.5,0,0,37.691434,338.97,,1,1,1,1,,859.5
53060,-0.291,-0.255,0.724,0.559,0.048,-0.128,9.898,329.47,31.35,4.5,0,0,37.691434,338.97,,1,1,1,1,,860
53060.5,-0.182,-0.374,0.892,0.472,0.088,-0.112,9.791,329.47,30.43,3,0,0,36.585338,337.47,,1,1,1,1,,860.5
53061,-0.072,-0.483,0.971,0.337,0.135,-0.11,9.671,329.47,30.43,3,0,0,36.585338,337.47,,1,1,1,1,,861
53061.5,0.025,-0.575,0.952,0.166,0.167,-0.084,9.577,329.47,31.35,2.3,0,0,37.691434,336.77,,1,1,1,1,,861.5
53062,0.098,-0.637,0.839,-0.015,0.182,-0.022,9.517,329.47,31.35,2.3,0,0,37.691434,336.77,,1,1,1,1,,862
53062.5,0.137,-0.666,0.648,-0.185,0.186,0.037,9.499,329.57,32.28,2.9,0,0,38.809553,337.47,,1,1,1,1,,862.5
53063,0.139,-0.662,0.403,-0.32,0.163,0.085,9.527,329.57,32.28,2.9,0,0,38.809553,337.47,,1,1,1,1,,863
53063.5,0.104,-0.628,0.134,-0.411,0.129,0.104,9.587,329.67,32.28,0,0,0,38.809553,334.67,,1,1,1,1,,863.5
53064,0.04,-0.569,-0.128,-0.449,0.105,0.105,9.659,329.67,32.28,0,0,0,38.809553,334.67,,1,1,1,1,,864
53064.5,-0.048,-0.494,-0.357,-0.437,0.061,0.084,9.75,329.77,33.2,1.4,0,0,39.915649,336.17,,1,1,1,1,,864.5
53065,-0.147,-0.413,-0.531,-0.381,0.031,0.065,9.829,329.77,33.2,1.4,0,0,39.915649,336.17,,1,1,1,1,,865
53065.5,-0.241,-0.333,-0.64,-0.297,0.018,0.052,9.888,329.77,33.2,3.8,0,0,39.915649,338.57,,1,1,1,1,,865.5
53066,-0.318,-0.261,-0.679,-0.189,-0.003,0.044,9.954,329.77,33.2,3.8,0,0,39.915649,338.57,,1,1,1,1,,866
53066.5,-0.365,-0.205,-0.652,-0.08,0.003,0.049,9.969,329.77,34.12,2.9,0,0,41.021746,337.67,,1,1,1,1,,866.5
53067,-0.375,-0.163,-0.57,0.017,0.008,0.025,9.966,329.77,34.12,2.9,0,0,41.021746,337.67,,1,1,1,1,,867
53067.5,-0.348,-0.14,-0.452,0.092,0.021,-0.057,9.936,329.67,34.12,2.5,0,0,41.021746,337.17,,1,1,1,1,,867.5
53068,-0.289,-0.133,-0.316,0.139,0.026,-0.13,9.913,329.67,34.12,2.5,0,0,41.021746,337.17,,1,1,1,1,,868
53068.5,-0.217,-0.141,-0.178,0.166,0.032,-0.19,9.88,329.57,34.12,2.6,0,0,41.021746,337.17,,1,1,1,1,,868.5
53069,-0.139,-0.16,-0.05,0.169,0.041,-0.222,9.843,329.57,34.12,2.6,0,0,41.021746,337.17,,1,1,1,1,,869
53069.5,-0.071,-0.184,0.058,0.155,0.046,-0.218,9.813,329.57,34.12,3.6,0,0,41.021746,338.17,,1,1,1,1,,869.5
53070,-0.022,-0.21,0.139,0.125,0.053,-0.15,9.788,329.57,34.12,3.6,0,0,41.021746,338.17,,1,1,1,1,,870
53070.5,0.007,-0.232,0.193,0.095,0.064,-0.055,9.782,329.57,33.2,6.4,0,0,39.915649,340.97,,1,1,1,1,,870.5
53071,0.012,-0.254,0.222,0.067,0.064,0.038,9.786,329.57,33.2,6.4,0,0,39.915649,340.97,,1,1,1,1,,871
53071.5,0.005,-0.27,0.233,0.049,0.065,0.115,9.806,329.67,31.35,2.4,0,0,37.691434,337.07,,1,1,1,1,,871.5
53072,-0.015,-0.287,0.234,0.041,0.073,0.142,9.817,329.67,31.35,2.4,0,0,37.691434,337.07,,1,1,1,1,,872
53072.5,-0.042,-0.303,0.23,0.045,0.058,0.144,9.852,329.67,33.2,6.2,0,0,39.915649,340.87,,1,1,1,1,,872.5
53073,-0.064,-0.322,0.228,0.058,0.05,0.135,9.871,329.67,33.2,6.2,0,0,39.915649,340.87,,1,1,1,1,,873
53073.5,-0.085,-0.344,0.23,0.08,0.037,0.094,9.9,329.77,34.12,6.6,0,0,41.021746,341.37,,1,1,1,1,,873.5
53074,-0.104,-0.372,0.241,0.105,0.035,0.047,9.906,329.77,34.12,6.6,0,0,41.021746,341.37,,1,1,1,1,,874
53074.5,-0.122,-0.404,0.257,0.126,0.034,-0.006,9.904,329.77,34.12,4.8,0,0,41.021746,339.57,,1,1,1,1,,874.5
53075,-0.138,-0.443,0.274,0.136,0.03,-0.027,9.887,329.77,34.12,4.8,0,0,41.021746,339.57,,1,1,1,1,,875
53075.5,-0.151,-0.483,0.285,0.124,0.051,-0.054,9.837,329.67,34.12,3.2,0,0,41.021746,337.87,,1,1,1,1,,875.5
53076,-0.156,-0.52,0.278,0.086,0.073,-0.059,9.777,329.67,34.12,3.2,0,0,41.021746,337.87,,1,1,1,1,,876
53076.5,-0.155,-0.549,0.243,0.02,0.095,-0.101,9.71,329.57,34.12,2.9,0,0,41.021746,337.47,,1,1,1,1,,876.5
53077,-0.139,-0.562,0.175,-0.061,0.114,-0.15,9.66,329.57,34.12,2.9,0,0,41.021746,337.47,,1,1,1,1,,877
53077.5,-0.112,-0.556,0.074,-0.15,0.127,-0.151,9.621,329.57,33.2,3.2,0,0,39.915649,337.77,,1,1,1,1,,877.5
53078,-0.066,-0.527,-0.055,-0.233,0.135,-0.14,9.612,329.57,33.2,3.2,0,0,39.915649,337.77,,1,1,1,1,,878
53078.5,-0.012,-0.48,-0.201,-0.305,0.141,-0.081,9.606,329.57,34.12,3.2,0,0,41.021746,337.77,,1,1,1,1,,878.5
53079,0.047,-0.416,-0.352,-0.356,0.127,-0.02,9.632,329.57,34.12,3.2,0,0,41.021746,337.77,,1,1,1,1,,879
53079.5,0.109,-0.337,-0.493,-0.381,0.116,0.059,9.663,329.57,34.12,4.7,0,0,41.021746,339.27,,1,1,1,1,,879.5
53080,0.172,-0.252,-0.611,-0.368,0.082,0.106,9.735,329.57,34.12,4.7,0,0,41.021746,339.27,,1,1,1,1,,880
53080.5,0.228,-0.166,-0.687,-0.315,0.046,0.152,9.82,329.57,34.12,4.1,0,0,41.021746,338.67,,1,1,1,1,,880.5
53081,0.273,-0.092,-0.707,-0.22,0.008,0.17,9.921,329.57,34.12,4.1,0,0,41.021746,338.67,,1,1,1,1,,881
53081.5,0.296,-0.041,-0.661,-0.09,-0.027,0.144,10.012,329.57,34.12,5,0,0,41.021746,339.57,,1,1,1,1,,881.5
53082,0.298,-0.014,-0.545,0.065,-0.064,0.136,10.099,329.57,34.12,5,0,0,41.021746,339.57,,1,1,1,1,,882
53082.5,0.275,-0.018,-0.362,0.229,-0.092,0.126,10.16,329.57,34.12,4,0,0,41.021746,338.57,,1,1,1,1,,882.5
53083,0.226,-0.053,-0.127,0.378,-0.087,0.077,10.175,329.57,34.12,4,0,0,41.021746,338.57,,1,1,1,1,,883
53083.5,0.158,-0.117,0.141,0.5,-0.068,0.062,10.157,329.57,34.12,3,0,0,41.021746,337.57,,1,1,1,1,,883.5
53084,0.078,-0.205,0.416,0.578,-0.037,0.018,10.096,329.57,34.12,3,0,0,41.021746,337.57,,1,1,1,1,,884
53084.5,-0.005,-0.311,0.668,0.598,-0.001,-0.032,10.013,329.47,34.12,4.4,0,0,41.021746,338.87,,1,1,1,1,,884.5
53085,-0.078,-0.423,0.869,0.551,0.07,-0.078,9.868,329.47,34.12,4.4,0,0,41.021746,338.87,,1,1,1,1,,885
53085.5,-0.127,-0.531,0.987,0.429,0.14,-0.102,9.704,329.47,32.28,3.8,0,0,38.809553,338.27,,1,1,1,1,,885.5
53086,-0.144,-0.617,1.002,0.24,0.198,-0.151,9.531,329.47,32.28,3.8,0,0,38.809553,338.27,,1,1,1,1,,886
53086.5,-0.126,-0.672,0.898,-0.002,0.241,-0.117,9.386,329.47,31.35,4.5,0,0,37.691434,338.97,,1,1,1,1,,886.5
53087,-0.074,-0.685,0.677,-0.261,0.262,-0.073,9.296,329.47,31.35,4.5,0,0,37.691434,338.97,,1,1,1,1,,887
53087.5,0.001,-0.648,0.361,-0.496,0.241,-0.06,9.293,329.47,32.28,6.6,0,0,38.809553,341.07,,1,1,1,1,,887.5
53088,0.091,-0.569,-0.01,-0.663,0.187,-0.001,9.381,329.47,32.28,6.6,0,0,38.809553,341.07,,1,1,1,1,,888
53088.5,0.172,-0.462,-0.383,-0.735,0.111,0.053,9.535,329.37,32.28,4.6,0,0,38.809553,338.97,,1,1,1,1,,888.5
53089,0.235,-0.344,-0.705,-0.697,0.022,0.067,9.742,329.37,32.28,4.6,0,0,38.809553,338.97,,1,1,1,1,,889
53089.5,0.269,-0.228,-0.93,-0.565,-0.033,0.083,9.922,329.37,31.35,3.9,0,0,37.691434,338.27,,1,1,1,1,,889.5
53090,0.272,-0.13,-1.028,-0.353,-0.089,0.069,10.119,329.37,31.35,3.9,0,0,37.691434,338.27,,1,1,1,1,,890
53090.5,0.244,-0.07,-0.984,-0.086,-0.122,0.033,10.262,329.37,31.35,3.8,0,0,37.691434,338.17,,1,1,1,1,,890.5
53091,0.191,-0.051,-0.804,0.186,-0.13,0.024,10.334,329.37,31.35,3.8,0,0,37.691434,338.17,,1,1,1,1,,891
53091.5,0.123,-0.079,-0.517,0.435,-0.116,0.085,10.352,329.37,30.43,4.1,0,0,36.585338,338.47,,1,1,1,1,,891.5
53092,0.047,-0.152,-0.162,0.611,-0.045,0.116,10.242,329.37,30.43,4.1,0,0,36.585338,338.47,,1,1,1,1,,892
53092.5,-0.025,-0.252,0.203,0.69,0.018,0.141,10.099,329.47,29.33,3.5,0,0,35.262831,337.97,,1,1,1,1,,892.5
53093,-0.087,-0.365,0.525,0.66,0.091,0.148,9.883,329.47,29.33,3.5,0,0,35.262831,337.97,,1,1,1,1,,893
53093.5,-0.132,-0.475,0.752,0.524,0.146,0.062,9.681,329.47,28.4,3.2,0,0,34.144712,337.67,,1,1,1,1,,893.5
53094,-0.147,-0.56,0.853,0.309,0.203,-0.018,9.484,329.47,28.4,3.2,0,0,34.144712,337.67,,1,1,1,1,,894
53094.5,-0.135,-0.603,0.814,0.047,0.223,-0.123,9.364,329.37,28.4,6.1,0,0,34.144712,340.47,,1,1,1,1,,894.5
53095,-0.09,-0.599,0.649,-0.205,0.216,-0.178,9.324,329.37,28.4,6.1,0,0,34.144712,340.47,,1,1,1,1,,895
53095.5,-0.024,-0.549,0.388,-0.416,0.188,-0.173,9.364,329.27,29.33,6.7,0,0,35.262831,340.97,,1,1,1,1,,895.5
53096,0.06,-0.463,0.08,-0.542,0.127,-0.152,9.492,329.27,29.33,6.7,0,0,35.262831,340.97,,1,1,1,1,,896
53096.5,0.148,-0.352,-0.224,-0.582,0.073,-0.072,9.636,329.17,29.33,7,0,0,35.262831,341.17,,1,1,1,1,,896.5
53097,0.23,-0.238,-0.476,-0.529,0.014,-0.035,9.804,329.17,29.33,7,0,0,35.262831,341.17,,1,1,1,1,,897
53097.5,0.293,-0.137,-0.643,-0.406,-0.033,0.04,9.952,329.17,31.35,9.8,0,0,37.691434,343.97,,1,1,1,1,,897.5
53098,0.329,-0.065,-0.706,-0.226,-0.068,0.042,10.088,329.17,31.35,9.8,0,0,37.691434,343.97,,1,1,1,1,,898
53098.5,0.341,-0.032,-0.66,-0.024,-0.067,0.06,10.163,329.17,31.35,10.9,0,0,37.691434,345.07,,1,1,1,1,,898.5
53099,0.327,-0.043,-0.517,0.17,-0.06,0.118,10.187,329.17,31.35,10.9,0,0,37.691434,345.07,,1,1,1,1,,899
53099.5,0.296,-0.093,-0.305,0.324,-0.035,0.136,10.153,329.17,31.35,9.2,0,0,37.691434,343.37,,1,1,1,1,,899.5
53100,0.253,-0.176,-0.061,0.421,0.008,0.205,10.065,329.17,31.35,9.2,0,0,37.691434,343.37,,1,1,1,1,,900
53100.5,0.201,-0.278,0.178,0.447,0.046,0.242,9.945,329.27,30.43,6.6,0,0,36.585338,340.87,,1,1,1,1,,900.5
53101,0.147,-0.385,0.376,0.405,0.08,0.244,9.821,329.27,30.43,6.6,0,0,36.585338,340.87,,1,1,1,1,,901
53101.5,0.088,-0.481,0.505,0.302,0.125,0.199,9.687,329.27,31.35,7.4,0,0,37.691434,341.67,,1,1,1,1,,901.5
53102,0.034,-0.549,0.551,0.161,0.143,0.153,9.604,329.27,31.35,7.4,0,0,37.691434,341.67,,1,1,1,1,,902
53102.5,-0.016,-0.583,0.514,0.013,0.152,0.019,9.568,329.17,31.35,8.2,0,0,37.691434,342.37,,1,1,1,1,,902.5
53103,-0.059,-0.581,0.41,-0.116,0.151,-0.129,9.582,329.17,31.35,8.2,0,0,37.691434,342.37,,1,1,1,1,,903
53103.5,-0.091,-0.545,0.264,-0.205,0.133,-0.257,9.627,329.07,30.43,8.1,0,0,36.585338,342.17,,1,1,1,1,,903.5
53104,-0.106,-0.483,0.103,-0.251,0.104,-0.314,9.7,329.07,30.43,8.1,0,0,36.585338,342.17,,1,1,1,1,,904
53104.5,-0.1,-0.406,-0.046,-0.249,0.068,-0.297,9.785,328.97,32.28,10.2,0,0,38.809553,344.17,,1,1,1,1,,904.5
53105,-0.077,-0.329,-0.162,-0.207,0.044,-0.26,9.862,328.97,32.28,10.2,0,0,38.809553,344.17,,1,1,1,1,,905
53105.5,-0.037,-0.26,-0.23,-0.127,0.009,-0.126,9.95,328.87,31.35,5.1,0,0,37.691434,338.97,,1,1,1,1,,905.5
53106,0.006,-0.212,-0.245,-0.035,0.003,0.018,9.978,328.87,31.35,5.1,0,0,37.691434,338.97,,1,1,1,1,,906
53106.5,0.047,-0.19,-0.211,0.057,-0.012,0.109,9.999,328.97,30.43,9.3,0,0,36.585338,343.27,,1,1,1,1,,906.5
53107,0.074,-0.197,-0.141,0.123,0.001,0.192,9.961,328.97,30.43,9.3,0,0,36.585338,343.27,,1,1,1,1,,907
53107.5,0.072,-0.229,-0.055,0.16,0.014,0.191,9.911,329.07,30.43,7.5,0,0,36.585338,341.57,,1,1,1,1,,907.5
53108,0.043,-0.278,0.026,0.154,0.044,0.18,9.827,329.07,30.43,7.5,0,0,36.585338,341.57,,1,1,1,1,,908
53108.5,-0.014,-0.334,0.083,0.107,0.066,0.161,9.75,329.07,30.43,355.8,0,0,36.585338,329.87,,1,1,1,1,,908.5
53109,-0.106,-0.388,0.1,0.029,0.096,0.13,9.665,329.07,30.43,355.8,0,0,36.585338,329.87,,1,1,1,1,,909
53109.5,-0.222,-0.43,0.073,-0.066,0.114,0.144,9.614,329.07,30.43,5,0,0,36.585338,339.07,,1,1,1,1,,909.5
53110,-0.35,-0.449,0.003,-0.16,0.119,0.11,9.602,329.07,30.43,5,0,0,36.585338,339.07,,1,1,1,1,,910
53110.5,-0.478,-0.445,-0.097,-0.24,0.122,0.032,9.61,328.97,28.4,0.8,0,0,34.144712,334.77,,1,1,1,1,,910.5
53111,-0.588,-0.412,-0.211,-0.28,0.103,-0.111,9.677,328.97,28.4,0.8,0,0,34.144712,334.77,,1,1,1,1,,911
53111.5,-0.665,-0.361,-0.311,-0.267,0.076,-0.286,9.786,328.87,28.4,1.7,0,0,34.144712,335.57,,1,1,1,1,,911.5
53112,-0.692,-0.301,-0.371,-0.192,0.034,-0.422,9.921,328.87,28.4,1.7,0,0,34.144712,335.57,,1,1,1,1,,912
53112.5,-0.667,-0.242,-0.37,-0.067,0.007,-0.49,10.033,328.87,29.33,0.3,0,0,35.262831,334.17,,1,1,1,1,,912.5
53113,-0.591,-0.198,-0.298,0.085,-0.016,-0.442,10.115,328.87,29.33,0.3,0,0,35.262831,334.17,,1,1,1,1,,913
53113.5,-0.477,-0.179,-0.16,0.235,-0.023,-0.307,10.146,328.67,32.28,2.3,0,0,38.809553,335.97,,1,1,1,1,,913.5
53114,-0.339,-0.186,0.025,0.36,-0.017,-0.187,10.13,328.67,32.28,2.3,0,0,38.809553,335.97,,1,1,1,1,,914
53114.5,-0.193,-0.221,0.231,0.437,0.001,-0.016,10.055,328.77,31.35,3,0,0,37.691434,336.77,,1,1,1,1,,914.5
53115,-0.054,-0.282,0.426,0.453,0.017,0.123,9.955,328.77,31.35,3,0,0,37.691434,336.77,,1,1,1,1,,915
53115.5,0.069,-0.359,0.577,0.397,0.063,0.165,9.801,328.77,31.35,4.3,0,0,37.691434,338.07,,1,1,1,1,,915.5
53116,0.165,-0.441,0.657,0.279,0.096,0.178,9.666,328.77,31.35,4.3,0,0,37.691434,338.07,,1,1,1,1,,916
53116.5,0.23,-0.515,0.648,0.109,0.134,0.225,9.531,328.77,29.33,2.3,0,0,35.262831,336.07,,1,1,1,1,,916.5
53117,0.262,-0.565,0.543,-0.09,0.159,0.217,9.441,328.77,29.33,2.3,0,0,35.262831,336.07,,1,1,1,1,,917
53117.5,0.254,-0.588,0.351,-0.288,0.184,0.217,9.385,328.97,30.43,1.9,0,0,36.585338,335.87,,1,1,1,1,,917.5
53118,0.214,-0.572,0.096,-0.456,0.173,0.19,9.417,328.97,30.43,1.9,0,0,36.585338,335.87,,1,1,1,1,,918
53118.5,0.143,-0.524,-0.188,-0.558,0.145,0.111,9.509,328.87,30.43,3.7,0,0,36.585338,337.57,,1,1,1,1,,918.5
53119,0.05,-0.448,-0.458,-0.583,0.108,0.059,9.645,328.87,30.43,3.7,0,0,36.585338,337.57,,1,1,1,1,,919
53119.5,-0.049,-0.352,-0.674,-0.523,0.06,-0.019,9.805,328.87,31.35,3.2,0,0,37.691434,337.07,,1,1,1,1,,919.5
53120,-0.137,-0.253,-0.804,-0.395,0.022,-0.071,9.953,328.87,31.35,3.2,0,0,37.691434,337.07,,1,1,1,1,,920
53120.5,-0.196,-0.162,-0.831,-0.212,-0.014,-0.117,10.081,328.77,30.43,4.4,0,0,36.585338,338.17,,1,1,1,1,,920.5
53121,-0.218,-0.089,-0.751,-0.013,-0.036,-0.168,10.158,328.77,30.43,4.4,0,0,36.585338,338.17,,1,1,1,1,,921
53121.5,-0.198,-0.044,-0.579,0.187,-0.048,-0.176,10.201,328.67,30.43,4.7,0,0,36.585338,338.37,,1,1,1,1,,921.5
53122,-0.144,-0.027,-0.336,0.353,-0.037,-0.145,10.177,328.67,30.43,4.7,0,0,36.585338,338.37,,1,1,1,1,,922
53122.5,-0.063,-0.042,-0.054,0.48,-0.038,-0.1,10.151,328.57,30.43,4.8,0,0,36.585338,338.37,,1,1,1,1,,922.5
53123,0.024,-0.09,0.235,0.553,-0.014,-0.007,10.071,328.57,30.43,4.8,0,0,36.585338,338.37,,1,1,1,1,,923
53123.5,0.109,-0.164,0.499,0.571,-0.001,-0.002,9.998,328.57,31.35,3.9,0,0,37.691434,337.47,,1,1,1,1,,923.5
53124,0.177,-0.261,0.714,0.531,0.033,-0.006,9.88,328.57,31.35,3.9,0,0,37.691434,337.47,,1,1,1,1,,924
53124.5,0.224,-0.367,0.857,0.439,0.057,-0.004,9.782,328.47,29.33,3.3,0,0,35.262831,336.77,,1,1,1,1,,924.5
53125,0.247,-0.481,0.915,0.312,0.077,-0.012,9.691,328.47,29.33,3.3,0,0,35.262831,336.77,,1,1,1,1,,925
53125.5,0.243,-0.59,0.885,0.156,0.107,-0.015,9.607,328.57,30.43,2.3,0,0,36.585338,335.87,,1,1,1,1,,925.5
53126,0.213,-0.683,0.77,-0.013,0.141,0.012,9.536,328.57,30.43,2.3,0,0,36.585338,335.87,,1,1,1,1,,926
53126.5,0.157,-0.752,0.579,-0.187,0.178,0.097,9.479,328.77,29.33,5.5,0,0,35.262831,339.27,,1,1,1,1,,926.5
53127,0.076,-0.785,0.329,-0.346,0.188,0.15,9.47,328.77,29.33,5.5,0,0,35.262831,339.27,,1,1,1,1,,927
53127.5,-0.022,-0.777,0.042,-0.477,0.19,0.213,9.479,328.87,29.33,6.4,0,0,35.262831,340.27,,1,1,1,1,,927.5
53128,-0.128,-0.728,-0.257,-0.57,0.182,0.26,9.513,328.87,29.33,6.4,0,0,35.262831,340.27,,1,1,1,1,,928
53128.5,-0.236,-0.638,-0.544,-0.62,0.158,0.247,9.57,328.87,30.43,4.9,0,0,36.585338,338.77,,1,1,1,1,,928.5
53129,-0.327,-0.509,-0.792,-0.617,0.125,0.21,9.658,328.87,30.43,4.9,0,0,36.585338,338.77,,1,1,1,1,,929
53129.5,-0.389,-0.357,-0.979,-0.558,0.076,0.101,9.764,328.87,31.35,1.3,0,0,37.691434,335.17,,1,1,1,1,,929.5
53130,-0.416,-0.194,-1.085,-0.447,0.032,-0.029,9.881,328.87,31.35,1.3,0,0,37.691434,335.17,,1,1,1,1,,930
53130.5,-0.396,-0.037,-1.097,-0.291,-0.005,-0.187,9.989,328.57,32.28,2.5,0,0,38.809553,336.07,,1,1,1,1,,930.5
53131,-0.328,0.104,-1.011,-0.107,-0.036,-0.29,10.084,328.57,32.28,2.5,0,0,38.809553,336.07,,1,1,1,1,,931
53131.5,-0.221,0.207,-0.831,0.101,-0.076,-0.348,10.185,328.37,30.43,4.4,0,0,36.585338,337.77,,1,1,1,1,,931.5
53132,-0.092,0.262,-0.566,0.314,-0.107,-0.388,10.259,328.37,30.43,4.4,0,0,36.585338,337.77,,1,1,1,1,,932
53132.5,0.049,0.256,-0.232,0.518,-0.12,-0.309,10.298,328.17,30.43,3.7,0,0,36.585338,336.87,,1,1,1,1,,932.5
53133,0.188,0.187,0.144,0.683,-0.116,-0.226,10.277,328.17,30.43,3.7,0,0,36.585338,336.87,,1,1,1,1,,933
53133.5,0.312,0.06,0.53,0.794,-0.101,-0.114,10.218,328.17,30.43,7.5,0,0,36.585338,340.67,,1,1,1,1,,933.5
53134,0.409,-0.119,0.889,0.835,-0.066,0.019,10.103,328.17,30.43,7.5,0,0,36.585338,340.67,,1,1,1,1,,934
53134.5,0.472,-0.329,1.182,0.791,-0.011,0.134,9.95,328.27,29.33,5.9,0,0,35.262831,339.17,,1,1,1,1,,934.5
53135,0.499,-0.551,1.377,0.664,0.057,0.219,9.772,328.27,29.33,5.9,0,0,35.262831,339.17,,1,1,1,1,,935
53135.5,0.489,-0.759,1.445,0.459,0.135,0.292,9.582,328.37,29.33,5.8,0,0,35.262831,339.17,,1,1,1,1,,935.5
53136,0.444,-0.931,1.372,0.197,0.204,0.377,9.427,328.37,29.33,5.8,0,0,35.262831,339.17,,1,1,1,1,,936
53136.5,0.368,-1.051,1.159,-0.097,0.269,0.396,9.293,328.57,28.4,3.5,0,0,34.144712,337.07,,1,1,1,1,,936.5
53137,0.265,-1.104,0.821,-0.388,0.302,0.375,9.229,328.57,28.4,3.5,0,0,34.144712,337.07,,1,1,1,1,,937
53137.5,0.149,-1.083,0.392,-0.641,0.305,0.329,9.227,328.67,27.48,3.6,0,0,33.038616,337.27,,1,1,1,1,,937.5
53138,0.033,-0.99,-0.087,-0.837,0.277,0.199,9.285,328.67,27.48,3.6,0,0,33.038616,337.27,,1,1,1,1,,938
53138.5,-0.07,-0.832,-0.569,-0.952,0.232,0.066,9.379,328.47,28.4,1.3,0,0,34.144712,334.77,,1,1,1,1,,938.5
53139,-0.148,-0.629,-1.009,-0.984,0.174,-0.064,9.508,328.47,28.4,1.3,0,0,34.144712,334.77,,1,1,1,1,,939
53139.5,-0.189,-0.396,-1.364,-0.921,0.091,-0.213,9.686,328.27,30.43,4.9,0,0,36.585338,338.17,,1,1,1,1,,939.5
53140,-0.188,-0.154,-1.598,-0.771,0.01,-0.305,9.874,328.27,30.43,4.9,0,0,36.585338,338.17,,1,1,1,1,,940
53140.5,-0.152,0.075,-1.686,-0.543,-0.049,-0.336,10.048,328.07,30.43,3.7,0,0,36.585338,336.77,,1,1,1,1,,940.5
53141,-0.083,0.265,-1.618,-0.264,-0.108,-0.294,10.203,328.07,30.43,3.7,0,0,36.585338,336.77,,1,1,1,1,,941
53141.5,-0.003,0.401,-1.397,0.049,-0.174,-0.198,10.353,327.87,30.43,8.2,0,0,36.585338,341.07,,1,1,1,1,,941.5
53142,0.07,0.468,-1.04,0.362,-0.188,-0.078,10.421,327.77,31.35,6.3,0,0,37.691434,339.07,,1,1,1,1,,942
53142.5,0.122,0.461,-0.577,0.655,-0.214,0.034,10.477,327.77,31.35,6.3,0,0,37.691434,339.07,,1,1,1,1,,942.5
53143,0.138,0.375,-0.045,0.896,-0.194,0.12,10.446,327.77,31.35,6.3,0,0,37.691434,339.07,,1,1,1,1,,943
53143.5,0.114,0.219,0.508,1.067,-0.169,0.167,10.384,327.87,31.35,8.3,0,0,37.691434,341.17,,1,1,1,1,,943.5
53144,0.049,0.005,1.032,1.138,-0.092,0.138,10.221,327.87,31.35,8.3,0,0,37.691434,341.17,,1,1,1,1,,944
53144.5,-0.045,-0.248,1.473,1.1,-0.022,0.104,10.042,327.97,31.35,10.2,0,0,37.691434,343.17,,1,1,1,1,,944.5
53145,-0.15,-0.519,1.786,0.949,0.078,0.071,9.798,327.97,31.35,10.2,0,0,37.691434,343.17,,1,1,1,1,,945
53145.5,-0.259,-0.775,1.93,0.686,0.173,0.038,9.554,327.97,32.28,9.9,0,0,38.809553,342.87,,1,1,1,1,,945.5
53146,-0.355,-0.994,1.885,0.346,0.264,0.014,9.322,327.97,32.28,9.9,0,0,38.809553,342.87,,1,1,1,1,,946
53146.5,-0.433,-1.152,1.645,-0.044,0.32,-0.044,9.152,327.97,32.28,9.5,0,0,38.809553,342.47,,1,1,1,1,,946.5
53147,-0.484,-1.232,1.233,-0.431,0.345,-0.115,9.057,327.97,32.28,9.5,0,0,38.809553,342.47,,1,1,1,1,,947
53147.5,-0.506,-1.222,0.688,-0.787,0.351,-0.161,9.022,327.87,31.35,5.4,0,0,37.691434,338.27,,1,1,1,1,,947.5
53148,-0.5,-1.123,0.062,-1.059,0.316,-0.178,9.099,327.87,31.35,5.4,0,0,37.691434,338.27,,1,1,1,1,,948
53148.5,-0.472,-0.947,-0.579,-1.233,0.265,-0.177,9.216,327.77,31.35,5.4,0,0,37.691434,338.17,,1,1,1,1,,948.5
53149,-0.427,-0.704,-1.17,-1.271,0.179,-0.137,9.441,327.77,31.35,5.4,0,0,37.691434,338.17,,1,1,1,1,,949
53149.5,-0.377,-0.425,-1.648,-1.186,0.104,-0.086,9.663,327.77,32.28,10.7,0,0,38.809553,343.47,,1,1,1,1,,949.5
53150,-0.327,-0.136,-1.965,-0.974,-0.006,-0.054,9.94,327.77,32.28,10.7,0,0,38.809553,343.47,,1,1,1,1,,950
53150.5,-0.281,0.131,-2.082,-0.657,-0.096,-0.028,10.184,327.67,31.35,8.4,0,0,37.691434,341.07,,1,1,1,1,,950.5
53151,-0.242,0.351,-1.988,-0.271,-0.181,-0.025,10.409,327.67,31.35,8.4,0,0,37.691434,341.07,,1,1,1,1,,951
53151.5,-0.209,0.498,-1.688,0.147,-0.228,-0.026,10.545,327.57,31.35,8.3,0,0,37.691434,340.87,,1,1,1,1,,951.5
53152,-0.179,0.563,-1.215,0.544,-0.258,-0.009,10.615,327.57,31.35,8.3,0,0,37.691434,340.87,,1,1,1,1,,952
53152.5,-0.145,0.534,-0.617,0.886,-0.255,0.006,10.594,327.57,31.35,7.8,0,0,37.691434,340.37,,1,1,1,1,,952.5
53153,-0.109,0.42,0.037,1.114,-0.196,-0.017,10.455,327.57,31.35,7.8,0,0,37.691434,340.37,,1,1,1,1,,953
53153.5,-0.068,0.236,0.679,1.23,-0.13,-0.029,10.297,327.47,30.43,9.3,0,0,36.585338,341.77,,1,1,1,1,,953.5
53154,-0.019,0.001,1.24,1.208,-0.036,-0.02,10.062,327.47,30.43,9.3,0,0,36.585338,341.77,,1,1,1,1,,954
53154.5,0.036,-0.255,1.666,1.074,0.042,-0.05,9.858,327.37,30.43,9.5,0,0,36.585338,341.87,,1,1,1,1,,954.5
53155,0.098,-0.513,1.918,0.829,0.149,-0.044,9.598,327.37,30.43,9.5,0,0,36.585338,341.87,,1,1,1,1,,955
53155.5,0.159,-0.746,1.973,0.517,0.21,0.001,9.433,327.37,30.43,9.7,0,0,36.585338,342.07,,1,1,1,1,,955.5
53156,0.209,-0.931,1.837,0.163,0.27,0.018,9.267,327.37,30.43,9.7,0,0,36.585338,342.07,,1,1,1,1,,956
53156.5,0.249,-1.053,1.526,-0.191,0.289,0.04,9.204,327.27,29.33,4.6,0,0,35.262831,336.87,,1,1,1,1,,956.5
53157,0.269,-1.104,1.08,-0.509,0.302,0.064,9.166,327.27,29.33,4.6,0,0,35.262831,336.87,,1,1,1,1,,957
53157.5,0.274,-1.084,0.547,-0.765,0.275,0.072,9.23,327.27,28.4,7.1,0,0,34.144712,339.37,,1,1,1,1,,957.5
53158,0.265,-0.999,-0.017,-0.933,0.239,0.076,9.322,327.27,28.4,7.1,0,0,34.144712,339.37,,1,1,1,1,,958
53158.5,0.244,-0.858,-0.558,-1.012,0.191,0.077,9.455,327.27,28.4,9,0,0,34.144712,341.27,,1,1,1,1,,958.5
53159,0.221,-0.681,-1.027,-0.991,0.138,0.053,9.615,327.27,28.4,9,0,0,34.144712,341.27,,1,1,1,1,,959
53159.5,0.188,-0.481,-1.386,-0.891,0.088,0.02,9.771,327.27,29.33,9.9,0,0,35.262831,342.17,,1,1,1,1,,959.5
53160,0.152,-0.276,-1.606,-0.704,0.013,0.029,9.959,327.27,29.33,9.9,0,0,35.262831,342.17,,1,1,1,1,,960
53160.5,0.111,-0.085,-1.671,-0.467,-0.037,0.008,10.086,327.27,29.33,4.2,0,0,35.262831,336.47,,1,1,1,1,,960.5
53161,0.064,0.077,-1.582,-0.192,-0.1,-0.018,10.222,327.27,29.33,4.2,0,0,35.262831,336.47,,1,1,1,1,,961
53161.5,0.018,0.196,-1.353,0.085,-0.126,-0.002,10.279,327.27,28.4,4.4,0,0,34.144712,336.67,,1,1,1,1,,961.5
53162,-0.031,0.266,-1.012,0.344,-0.143,0.012,10.323,327.27,28.4,4.4,0,0,34.144712,336.67,,1,1,1,1,,962
53162.5,-0.076,0.283,-0.592,0.562,-0.131,0.025,10.293,327.27,28.4,4.7,0,0,34.144712,336.97,,1,1,1,1,,962.5
53163,-0.116,0.247,-0.135,0.722,-0.121,0.024,10.251,327.27,28.4,4.7,0,0,34.144712,336.97,,1,1,1,1,,963
53163.5,-0.144,0.164,0.317,0.81,-0.087,0.023,10.144,327.17,27.48,8,0,0,33.038616,340.17,,1,1,1,1,,963.5
53164,-0.16,0.04,0.721,0.812,-0.035,0.006,10.011,327.17,27.48,8,0,0,33.038616,340.17,,1,1,1,1,,964
53164.5,-0.163,-0.111,1.04,0.741,0.021,-0.003,9.868,326.97,27.48,8.2,0,0,33.038616,340.17,,1,1,1,1,,964.5
53165,-0.164,-0.27,1.249,0.6,0.069,-0.002,9.737,326.97,27.48,8.2,0,0,33.038616,340.17,,1,1,1,1,,965
53165.5,-0.163,-0.429,1.334,0.423,0.111,-0.017,9.632,326.97,27.48,9.9,0,0,33.038616,341.87,,1,1,1,1,,965.5
53166,-0.16,-0.574,1.297,0.213,0.155,-0.049,9.535,326.97,27.48,9.9,0,0,33.038616,341.87,,1,1,1,1,,966
53166.5,-0.16,-0.695,1.149,0.007,0.179,-0.084,9.49,326.87,27.48,10.5,0,0,33.038616,342.37,,1,1,1,1,,966.5
53167,-0.158,-0.784,0.91,-0.193,0.2,-0.109,9.456,326.87,27.48,10.5,0,0,33.038616,342.37,,1,1,1,1,,967
53167.5,-0.162,-0.836,0.607,-0.355,0.194,-0.129,9.486,326.97,28.4,10.4,0,0,34.144712,342.37,,1,1,1,1,,967.5
53168,-0.168,-0.848,0.271,-0.482,0.2,-0.168,9.5,326.97,28.4,10.4,0,0,34.144712,342.37,,1,1,1,1,,968
53168.5,-0.177,-0.823,-0.069,-0.557,0.177,-0.179,9.571,326.97,28.4,8.6,0,0,34.144712,340.57,,1,1,1,1,,968.5
53169,-0.184,-0.759,-0.384,-0.591,0.167,-0.156,9.613,326.97,28.4,8.6,0,0,34.144712,340.57,,1,1,1,1,,969
53169.5,-0.189,-0.662,-0.654,-0.577,0.129,-0.104,9.706,327.07,27.48,6.7,0,0,33.038616,338.77,,1,1,1,1,,969.5
53170,-0.191,-0.54,-0.86,-0.526,0.11,-0.034,9.753,327.07,27.48,6.7,0,0,33.038616,338.77,,1,1,1,1,,970
53170.5,-0.19,-0.399,-0.994,-0.447,0.071,0.048,9.828,327.17,28.4,11.7,0,0,34.144712,343.87,,1,1,1,1,,970.5
53171,-0.184,-0.25,-1.05,-0.34,0.04,0.109,9.884,327.17,28.4,11.7,0,0,34.144712,343.87,,1,1,1,1,,971
53171.5,-0.177,-0.102,-1.029,-0.212,-0.013,0.124,9.969,327.17,28.4,13.1,0,0,34.144712,345.27,,1,1,1,1,,971.5
53172,-0.17,0.029,-0.93,-0.06,-0.058,0.158,10.041,327.17,28.4,13.1,0,0,34.144712,345.27,,1,1,1,1,,972
53172.5,-0.163,0.135,-0.757,0.104,-0.095,0.11,10.114,327.27,27.48,5.8,0,0,33.038616,338.07,,1,1,1,1,,972.5
53173,-0.154,0.201,-0.518,0.276,-0.117,0.029,10.164,327.27,27.48,5.8,0,0,33.038616,338.07,,1,1,1,1,,973
53173.5,-0.149,0.218,-0.229,0.435,-0.134,-0.012,10.201,327.07,28.4,12.7,0,0,34.144712,344.77,,1,1,1,1,,973.5
53174,-0.137,0.181,0.093,0.574,-0.127,-0.055,10.201,327.07,28.4,12.7,0,0,34.144712,344.77,,1,1,1,1,,974
53174.5,-0.123,0.089,0.421,0.663,-0.089,-0.089,10.15,326.97,29.33,7.4,0,0,35.262831,339.37,,1,1,1,1,,974.5
53175,-0.099,-0.052,0.727,0.699,-0.033,-0.113,10.049,326.97,29.33,7.4,0,0,35.262831,339.37,,1,1,1,1,,975
53175.5,-0.06,-0.229,0.977,0.658,0.021,-0.163,9.919,326.97,29.33,4.5,0,0,35.262831,336.47,,1,1,1,1,,975.5
53176,-0.009,-0.425,1.139,0.538,0.095,-0.223,9.74,326.97,29.33,4.5,0,0,35.262831,336.47,,1,1,1,1,,976
53176.5,0.057,-0.614,1.186,0.341,0.167,-0.231,9.562,326.97,28.4,5.7,0,0,34.144712,337.67,,1,1,1,1,,976.5
53177,0.132,-0.775,1.105,0.094,0.224,-0.16,9.405,326.97,28.4,5.7,0,0,34.144712,337.67,,1,1,1,1,,977
53177.5,0.212,-0.887,0.895,-0.182,0.262,-0.067,9.295,326.97,28.4,1.2,0,0,34.144712,333.17,,1,1,1,1,,977.5
53178,0.289,-0.934,0.576,-0.443,0.277,0.038,9.255,326.97,28.4,1.2,0,0,34.144712,333.17,,1,1,1,1,,978
53178.5,0.357,-0.911,0.181,-0.66,0.262,0.187,9.286,327.07,28.4,0.3,0,0,34.144712,332.37,,1,1,1,1,,978.5
53179,0.411,-0.819,-0.242,-0.796,0.215,0.264,9.398,327.07,28.4,0.3,0,0,34.144712,332.37,,1,1,1,1,,979
53179.5,0.434,-0.67,-0.644,-0.842,0.168,0.31,9.534,327.27,29.33,1.2,0,0,35.262831,333.47,,1,1,1,1,,979.5
53180,0.425,-0.481,-0.977,-0.788,0.095,0.357,9.72,327.27,29.33,1.2,0,0,35.262831,333.47,,1,1,1,1,,980
53180.5,0.385,-0.273,-1.201,-0.64,0.024,0.313,9.916,327.27,28.4,4.2,0,0,34.144712,336.47,,1,1,1,1,,980.5
53181,0.314,-0.073,-1.286,-0.411,-0.06,0.18,10.119,327.27,28.4,4.2,0,0,34.144712,336.47,,1,1,1,1,,981
53181.5,0.224,0.096,-1.22,-0.13,-0.119,0.059,10.271,327.37,28.4,9.1,0,0,34.144712,341.47,,1,1,1,1,,981.5
53182,0.121,0.212,-1.009,0.17,-0.159,-0.043,10.37,327.37,28.4,9.1,0,0,34.144712,341.47,,1,1,1,1,,982
53182.5,0.02,0.268,-0.677,0.45,-0.181,-0.12,10.405,327.27,26.56,7.1,0,0,31.932519,339.37,,1,1,1,1,,982.5
53183,-0.074,0.252,-0.263,0.679,-0.172,-0.142,10.368,327.27,26.56,7.1,0,0,31.932519,339.37,,1,1,1,1,,983
53183.5,-0.151,0.168,0.185,0.828,-0.139,-0.159,10.267,327.27,28.4,2.9,0,0,34.144712,335.17,,1,1,1,1,,983.5
53184,-0.204,0.026,0.614,0.884,-0.087,-0.18,10.124,327.27,28.4,2.9,0,0,34.144712,335.17,,1,1,1,1,,984
53184.5,-0.226,-0.155,0.973,0.833,-0.003,-0.205,9.921,327.17,28.4,8,0,0,34.144712,340.17,,1,1,1,1,,984.5
53185,-0.213,-0.356,1.22,0.685,0.07,-0.149,9.727,327.17,28.4,8,0,0,34.144712,340.17,,1,1,1,1,,985
53185.5,-0.169,-0.554,1.324,0.453,0.152,-0.085,9.519,327.27,26.56,5.3,0,0,31.932519,337.57,,1,1,1,1,,985.5
53186,-0.093,-0.721,1.271,0.163,0.213,-0.029,9.359,327.27,26.56,5.3,0,0,31.932519,337.57,,1,1,1,1,,986
53186.5,0.005,-0.841,1.066,-0.147,0.265,0.011,9.243,327.27,25.64,2.8,0,0,30.826423,335.07,,1,1,1,1,,986.5
53187,0.118,-0.899,0.731,-0.444,0.283,0.036,9.2,327.27,25.64,2.8,0,0,30.826423,335.07,,1,1,1,1,,987
53187.5,0.226,-0.886,0.307,-0.687,0.275,0.067,9.237,327.37,28.4,12,0,0,34.144712,344.37,,1,1,1,1,,987.5
53188,0.314,-0.805,-0.157,-0.855,0.254,0.131,9.325,327.37,28.4,12,0,0,34.144712,344.37,,1,1,1,1,,988
53188.5,0.367,-0.667,-0.606,-0.914,0.191,0.163,9.502,327.47,27.48,13.8,0,0,33.038616,346.27,,1,1,1,1,,988.5
53189,0.375,-0.487,-0.984,-0.867,0.122,0.121,9.697,327.47,27.48,13.8,0,0,33.038616,346.27,,1,1,1,1,,989
53189.5,0.344,-0.292,-1.245,-0.709,0.031,0.093,9.924,327.57,27.48,13.2,0,0,33.038616,345.77,,1,1,1,1,,989.5
53190,0.278,-0.102,-1.359,-0.48,-0.035,0.049,10.09,327.57,27.48,13.2,0,0,33.038616,345.77,,1,1,1,1,,990
53190.5,0.198,0.061,-1.318,-0.198,-0.105,0.03,10.253,327.57,27.48,10.7,0,0,33.038616,343.27,,1,1,1,1,,990.5
53191,0.114,0.179,-1.126,0.098,-0.147,0.064,10.338,327.57,27.48,10.7,0,0,33.038616,343.27,,1,1,1,1,,991
53191.5,0.044,0.243,-0.81,0.379,-0.169,0.095,10.386,327.57,27.48,14.7,0,0,33.038616,347.27,,1,1,1,1,,991.5
53192,-0.006,0.243,-0.406,0.612,-0.161,0.095,10.348,327.57,27.48,14.7,0,0,33.038616,347.27,,1,1,1,1,,992
53192.5,-0.029,0.183,0.038,0.777,-0.151,0.097,10.293,327.67,27.48,17.5,0,0,33.038616,350.17,,1,1,1,1,,992.5
53193,-0.027,0.071,0.478,0.864,-0.1,0.055,10.172,327.67,27.48,17.5,0,0,33.038616,350.17,,1,1,1,1,,993
53193.5,-0.004,-0.086,0.867,0.862,-0.04,0.009,10.028,327.57,26.56,17.3,0,0,31.932519,349.87,,1,1,1,1,,993.5
53194,0.031,-0.269,1.168,0.776,0.023,-0.047,9.867,327.57,26.56,17.3,0,0,31.932519,349.87,,1,1,1,1,,994
53194.5,0.07,-0.459,1.349,0.61,0.093,-0.134,9.698,327.57,25.64,16.2,0,0,30.826423,348.77,,1,1,1,1,,994.5
53195,0.106,-0.638,1.395,0.392,0.153,-0.177,9.56,327.57,25.64,16.2,0,0,30.826423,348.77,,1,1,1,1,,995
53195.5,0.14,-0.788,1.302,0.134,0.215,-0.191,9.421,327.47,25.64,8.7,0,0,30.826423,341.17,,1,1,1,1,,995.5
53196,0.169,-0.893,1.079,-0.134,0.242,-0.156,9.344,327.47,25.64,8.7,0,0,30.826423,341.17,,1,1,1,1,,996
53196.5,0.198,-0.944,0.75,-0.392,0.264,-0.111,9.285,327.57,25.64,3.9,0,0,30.826423,336.47,,1,1,1,1,,996.5
53197,0.218,-0.931,0.343,-0.61,0.252,-0.009,9.306,327.57,25.64,3.9,0,0,30.826423,336.47,,1,1,1,1,,997
53197.5,0.231,-0.863,-0.099,-0.775,0.235,0.081,9.343,327.67,28.4,4.5,0,0,34.144712,337.17,,1,1,1,1,,997.5
53198,0.233,-0.742,-0.539,-0.868,0.185,0.158,9.449,327.67,28.4,4.5,0,0,34.144712,337.17,,1,1,1,1,,998
53198.5,0.209,-0.582,-0.931,-0.88,0.141,0.204,9.568,327.87,30.43,3.4,0,0,36.585338,336.27,,1,1,1,1,,998.5
53199,0.16,-0.397,-1.241,-0.81,0.077,0.23,9.733,327.87,30.43,3.4,0,0,36.585338,336.27,,1,1,1,1,,999
53199.5,0.083,-0.207,-1.436,-0.662,0.023,0.227,9.883,327.97,31.35,4.2,0,0,37.691434,337.17,,1,1,1,1,,999.5
53200,-0.02,-0.026,-1.501,-0.461,-0.037,0.182,10.028,327.97,31.35,4.2,0,0,37.691434,337.17,,1,1,1,1,,1000
53200.5,-0.139,0.131,-1.43,-0.217,-0.088,0.135,10.148,328.07,31.35,4.4,0,0,37.691434,337.47,,1,1,1,1,,1000.5
53201,-0.259,0.249,-1.232,0.036,-0.124,0.08,10.235,328.07,31.35,4.4,0,0,37.691434,337.47,,1,1,1,1,,1001
53201.5,-0.361,0.317,-0.925,0.289,-0.15,-0.02,10.297,327.97,30.43,4.3,0,0,36.585338,337.27,,1,1,1,1,,1001.5
53202,-0.435,0.331,-0.537,0.512,-0.15,-0.096,10.304,327.97,30.43,4.3,0,0,36.585338,337.27,,1,1,1,1,,1002
53202.5,-0.463,0.292,-0.1,0.7,-0.152,-0.18,10.307,327.97,30.43,3.3,0,0,36.585338,336.27,,1,1,1,1,,1002.5
53203,-0.447,0.196,0.353,0.836,-0.126,-0.242,10.255,327.97,30.43,3.3,0,0,36.585338,336.27,,1,1,1,1,,1003
53203.5,-0.389,0.056,0.786,0.914,-0.091,-0.258,10.194,327.87,29.33,4.2,0,0,35.262831,337.07,,1,1,1,1,,1003.5
53204,-0.307,-0.123,1.166,0.922,-0.025,-0.249,10.073,327.87,29.33,4.2,0,0,35.262831,337.07,,1,1,1,1,,1004
53204.5,-0.216,-0.328,1.46,0.852,0.038,-0.228,9.932,327.77,30.43,5.4,0,0,36.585338,338.17,,1,1,1,1,,1004.5
53205,-0.132,-0.542,1.64,0.702,0.108,-0.179,9.757,327.77,30.43,5.4,0,0,36.585338,338.17,,1,1,1,1,,1005
53205.5,-0.07,-0.746,1.681,0.471,0.189,-0.107,9.55,327.77,28.4,6.7,0,0,34.144712,339.47,,1,1,1,1,,1005.5
53206,-0.032,-0.915,1.567,0.176,0.244,-0.03,9.365,327.77,28.4,6.7,0,0,34.144712,339.47,,1,1,1,1,,1006
53206.5,-0.025,-1.029,1.299,-0.159,0.293,0.033,9.201,327.97,29.33,10.1,0,0,35.262831,343.07,,1,1,1,1,,1006.5
53207,-0.045,-1.074,0.888,-0.505,0.317,0.087,9.1,327.97,29.33,10.1,0,0,35.262831,343.07,,1,1,1,1,,1007
53207.5,-0.073,-1.041,0.372,-0.807,0.299,0.081,9.099,328.07,28.4,8.6,0,0,34.144712,341.67,,1,1,1,1,,1007.5
53208,-0.108,-0.931,-0.201,-1.032,0.256,0.096,9.187,328.07,28.4,8.6,0,0,34.144712,341.67,,1,1,1,1,,1008
53208.5,-0.137,-0.756,-0.768,-1.14,0.177,0.068,9.372,328.27,27.48,8.1,0,0,33.038616,341.37,,1,1,1,1,,1008.5
53209,-0.155,-0.535,-1.262,-1.118,0.099,0.021,9.59,328.27,27.48,8.1,0,0,33.038616,341.37,,1,1,1,1,,1009
53209.5,-0.161,-0.29,-1.625,-0.963,0,-0.012,9.862,328.27,27.48,7.7,0,0,33.038616,340.97,,1,1,1,1,,1009.5
53210,-0.148,-0.058,-1.813,-0.697,-0.091,-0.024,10.108,328.27,27.48,7.7,0,0,33.038616,340.97,,1,1,1,1,,1010
53210.5,-0.124,0.145,-1.804,-0.355,-0.156,-0.028,10.323,328.27,28.4,11.4,0,0,34.144712,344.67,,1,1,1,1,,1010.5
53211,-0.095,0.293,-1.6,0.025,-0.191,-0.013,10.462,328.27,28.4,11.4,0,0,34.144712,344.67,,1,1,1,1,,1011
53211.5,-0.07,0.372,-1.226,0.391,-0.2,0.021,10.521,328.27,28.4,9.6,0,0,34.144712,342.87,,1,1,1,1,,1011.5
53212,-0.058,0.378,-0.729,0.701,-0.185,0.05,10.498,328.27,28.4,9.6,0,0,34.144712,342.87,,1,1,1,1,,1012
53212.5,-0.064,0.314,-0.17,0.915,-0.134,0.049,10.376,328.27,29.33,7.2,0,0,35.262831,340.47,,1,1,1,1,,1012.5
53213,-0.089,0.189,0.385,1.011,-0.072,0.053,10.198,328.27,29.33,7.2,0,0,35.262831,340.47,,1,1,1,1,,1013
53213.5,-0.132,0.019,0.87,0.981,0.002,0.069,9.974,328.27,29.33,9.1,0,0,35.262831,342.37,,1,1,1,1,,1013.5
53214,-0.183,-0.171,1.231,0.835,0.076,0.11,9.745,328.27,29.33,9.1,0,0,35.262831,342.37,,1,1,1,1,,1014
53214.5,-0.231,-0.357,1.432,0.598,0.141,0.094,9.547,328.27,28.4,10.7,0,0,34.144712,343.97,,1,1,1,1,,1014.5
53215,-0.269,-0.525,1.459,0.308,0.19,0.031,9.395,328.27,28.4,10.7,0,0,34.144712,343.97,,1,1,1,1,,1015
53215.5,-0.283,-0.654,1.322,0.005,0.213,-0.062,9.309,328.17,28.4,11.4,0,0,34.144712,344.57,,1,1,1,1,,1015.5
53216,-0.271,-0.736,1.047,-0.276,0.222,-0.184,9.289,328.17,28.4,11.4,0,0,34.144712,344.57,,1,1,1,1,,1016
53216.5,-0.236,-0.762,0.679,-0.497,0.204,-0.255,9.35,328.17,29.33,12.6,0,0,35.262831,345.77,,1,1,1,1,,1016.5
53217,-0.184,-0.742,0.27,-0.634,0.175,-0.298,9.458,328.17,29.33,12.6,0,0,35.262831,345.77,,1,1,1,1,,1017
53217.5,-0.121,-0.677,-0.127,-0.677,0.122,-0.291,9.62,328.07,29.33,14.2,0,0,35.262831,347.27,,1,1,1,1,,1017.5
53218,-0.058,-0.579,-0.464,-0.634,0.082,-0.244,9.766,328.07,29.33,14.2,0,0,35.262831,347.27,,1,1,1,1,,1018
53218.5,-0.002,-0.471,-0.708,-0.517,0.04,-0.114,9.913,328.07,30.43,20.9,0,0,36.585338,353.97,,1,1,1,1,,1018.5
53219,0.036,-0.36,-0.841,-0.353,0.007,0.014,10.026,328.07,30.43,20.9,0,0,36.585338,353.97,,1,1,1,1,,1019
53219.5,0.045,-0.259,-0.86,-0.167,-0.02,0.124,10.098,328.27,29.33,16.3,0,0,35.262831,349.57,,1,1,1,1,,1019.5
53220,0.022,-0.176,-0.777,0.018,-0.034,0.24,10.132,328.27,29.33,16.3,0,0,35.262831,349.57,,1,1,1,1,,1020
53220.5,-0.034,-0.116,-0.613,0.18,-0.034,0.279,10.124,328.37,30.43,12,0,0,36.585338,345.37,,1,1,1,1,,1020.5
53221,-0.116,-0.086,-0.398,0.302,-0.024,0.253,10.075,328.37,30.43,12,0,0,36.585338,345.37,,1,1,1,1,,1021
53221.5,-0.212,-0.082,-0.164,0.364,-0.004,0.201,9.977,328.57,30.43,11.9,0,0,36.585338,345.47,,1,1,1,1,,1021.5
53222,-0.312,-0.1,0.054,0.365,0.01,0.111,9.88,328.57,30.43,11.9,0,0,36.585338,345.47,,1,1,1,1,,1022
53222.5,-0.4,-0.132,0.226,0.312,0.033,0.026,9.771,328.47,29.33,13.1,0,0,35.262831,346.57,,1,1,1,1,,1022.5
53223,-0.473,-0.167,0.337,0.222,0.052,-0.037,9.696,328.47,29.33,13.1,0,0,35.262831,346.57,,1,1,1,1,,1023
53223.5,-0.516,-0.206,0.381,0.118,0.061,-0.067,9.657,328.47,28.4,15.8,0,0,34.144712,349.27,,1,1,1,1,,1023.5
53224,-0.526,-0.24,0.365,0.019,0.06,-0.171,9.66,328.47,28.4,15.8,0,0,34.144712,349.27,,1,1,1,1,,1024
53224.5,-0.497,-0.268,0.305,-0.057,0.072,-0.258,9.679,328.27,26.56,17.8,0,0,31.932519,351.07,,1,1,1,1,,1024.5
53225,-0.43,-0.296,0.22,-0.109,0.07,-0.321,9.717,328.27,26.56,17.8,0,0,31.932519,351.07,,1,1,1,1,,1025
53225.5,-0.328,-0.32,0.127,-0.132,0.071,-0.321,9.764,328.17,27.48,16.7,0,0,33.038616,349.87,,1,1,1,1,,1025.5
53226,-0.203,-0.341,0.04,-0.133,0.08,-0.292,9.796,328.17,27.48,16.7,0,0,33.038616,349.87,,1,1,1,1,,1026
53226.5,-0.067,-0.362,-0.031,-0.113,0.081,-0.205,9.833,328.07,28.4,15.2,0,0,34.144712,348.27,,1,1,1,1,,1026.5
53227,0.066,-0.383,-0.08,-0.087,0.086,-0.045,9.846,328.07,28.4,15.2,0,0,34.144712,348.27,,1,1,1,1,,1027
53227.5,0.179,-0.4,-0.107,-0.053,0.071,0.072,9.87,328.07,27.48,14.9,0,0,33.038616,347.97,,1,1,1,1,,1027.5
53228,0.259,-0.414,-0.112,-0.017,0.059,0.143,9.885,328.07,27.48,14.9,0,0,33.038616,347.97,,1,1,1,1,,1028
53228.5,0.292,-0.424,-0.097,0.024,0.051,0.212,9.901,328.27,27.48,11.7,0,0,33.038616,344.97,,1,1,1,1,,1028.5
53229,0.283,-0.429,-0.063,0.066,0.034,0.219,9.915,328.27,27.48,11.7,0,0,33.038616,344.97,,1,1,1,1,,1029
53229.5,0.232,-0.432,-0.015,0.101,0.029,0.173,9.911,328.37,27.48,16.6,0,0,33.038616,349.97,,1,1,1,1,,1029.5
53230,0.148,-0.428,0.04,0.12,0.041,0.162,9.875,328.37,27.48,16.6,0,0,33.038616,349.97,,1,1,1,1,,1030
53230.5,0.043,-0.421,0.088,0.112,0.049,0.115,9.831,328.37,26.56,13.8,0,0,31.932519,347.17,,1,1,1,1,,1030.5
53231,-0.069,-0.403,0.119,0.08,0.068,0.056,9.774,328.37,26.56,13.8,0,0,31.932519,347.17,,1,1,1,1,,1031
53231.5,-0.167,-0.377,0.122,0.02,0.09,0.006,9.709,328.47,28.4,11,0,0,34.144712,344.47,,1,1,1,1,,1031.5
53232,-0.245,-0.342,0.091,-0.051,0.095,-0.018,9.668,328.47,28.4,11,0,0,34.144712,344.47,,1,1,1,1,,1032
53232.5,-0.283,-0.296,0.028,-0.132,0.102,-0.068,9.631,328.47,29.33,10.3,0,0,35.262831,343.77,,1,1,1,1,,1032.5
53233,-0.282,-0.242,-0.063,-0.205,0.101,-0.08,9.624,328.47,29.33,10.3,0,0,35.262831,343.77,,1,1,1,1,,1033
53233.5,-0.243,-0.182,-0.17,-0.26,0.091,-0.113,9.647,328.37,31.35,10.2,0,0,37.691434,343.57,,1,1,1,1,,1033.5
53234,-0.17,-0.12,-0.275,-0.273,0.056,-0.099,9.728,328.37,31.35,10.2,0,0,37.691434,343.57,,1,1,1,1,,1034
53234.5,-0.08,-0.068,-0.358,-0.244,0.034,-0.092,9.808,328.27,31.35,11.9,0,0,37.691434,345.17,,1,1,1,1,,1034.5
53235,0.026,-0.032,-0.4,-0.175,0.006,-0.082,9.898,328.27,31.35,11.9,0,0,37.691434,345.17,,1,1,1,1,,1035
53235.5,0.127,-0.019,-0.389,-0.07,-0.024,-0.098,9.987,328.17,31.35,12.3,0,0,37.691434,345.47,,1,1,1,1,,1035.5
53236,0.212,-0.035,-0.319,0.055,-0.046,-0.094,10.055,328.17,31.35,12.3,0,0,37.691434,345.47,,1,1,1,1,,1036
53236.5,0.265,-0.082,-0.196,0.177,-0.045,0.017,10.067,328.17,30.43,12.8,0,0,36.585338,345.97,,1,1,1,1,,1036.5
53237,0.276,-0.152,-0.037,0.274,-0.019,0.122,10.051,328.17,30.43,12.8,0,0,36.585338,345.97,,1,1,1,1,,1037
53237.5,0.247,-0.241,0.14,0.346,0.007,0.195,10.024,328.27,31.35,18.1,0,0,37.691434,351.37,,1,1,1,1,,1037.5
53238,0.178,-0.338,0.315,0.385,0.03,0.246,9.984,328.27,31.35,18.1,0,0,37.691434,351.37,,1,1,1,1,,1038
53238.5,0.081,-0.44,0.472,0.393,0.045,0.244,9.944,328.37,32.28,15.9,0,0,38.809553,349.27,,1,1,1,1,,1038.5
53239,-0.035,-0.533,0.594,0.367,0.075,0.166,9.877,328.37,32.28,15.9,0,0,38.809553,349.27,,1,1,1,1,,1039
53239.5,-0.148,-0.612,0.673,0.315,0.095,0.061,9.824,328.37,32.28,15.5,0,0,38.809553,348.87,,1,1,1,1,,1039.5
53240,-0.246,-0.67,0.699,0.232,0.112,-0.066,9.743,328.37,32.28,15.5,0,0,38.809553,348.87,,1,1,1,1,,1040
53240.5,-0.316,-0.704,0.663,0.116,0.128,-0.172,9.66,328.37,30.43,16.7,0,0,36.585338,350.07,,1,1,1,1,,1040.5
53241,-0.349,-0.706,0.562,-0.031,0.167,-0.284,9.545,328.37,30.43,16.7,0,0,36.585338,350.07,,1,1,1,1,,1041
53241.5,-0.342,-0.675,0.393,-0.196,0.176,-0.307,9.482,328.37,30.43,14.4,0,0,36.585338,347.77,,1,1,1,1,,1041.5
53242,-0.303,-0.607,0.166,-0.358,0.181,-0.272,9.434,328.37,30.43,14.4,0,0,36.585338,347.77,,1,1,1,1,,1042
53242.5,-0.236,-0.507,-0.104,-0.501,0.161,-0.186,9.444,328.27,29.33,10.5,0,0,35.262831,343.77,,1,1,1,1,,1042.5
53243,-0.149,-0.386,-0.389,-0.595,0.129,-0.093,9.497,328.27,29.33,10.5,0,0,35.262831,343.77,,1,1,1,1,,1043
53243.5,-0.043,-0.249,-0.659,-0.633,0.084,-0.019,9.594,328.27,27.48,11.3,0,0,33.038616,344.57,,1,1,1,1,,1043.5
53244,0.061,-0.115,-0.879,-0.586,0.019,0.044,9.756,328.27,27.48,11.3,0,0,33.038616,344.57,,1,1,1,1,,1044
53244.5,0.152,0.001,-1.015,-0.469,-0.027,0.131,9.901,328.27,27.48,8.7,0,0,33.038616,341.97,,1,1,1,1,,1044.5
53245,0.221,0.086,-1.046,-0.284,-0.087,0.209,10.069,328.27,27.48,8.7,0,0,33.038616,341.97,,1,1,1,1,,1045
53245.5,0.251,0.13,-0.963,-0.074,-0.092,0.284,10.144,328.27,26.56,11.8,0,0,31.932519,345.07,,1,1,1,1,,1045.5
53246,0.24,0.132,-0.778,0.147,-0.105,0.329,10.227,328.27,26.56,11.8,0,0,31.932519,345.07,,1,1,1,1,,1046
53246.5,0.19,0.089,-0.507,0.347,-0.081,0.322,10.217,328.37,28.4,13.4,0,0,34.144712,346.77,,1,1,1,1,,1046.5
53247,0.108,0.008,-0.186,0.504,-0.063,0.248,10.206,328.37,28.4,13.4,0,0,34.144712,346.77,,1,1,1,1,,1047
53247.5,0.008,-0.104,0.153,0.6,-0.01,0.117,10.099,328.37,29.33,15.5,0,0,35.262831,348.87,,1,1,1,1,,1047.5
53248,-0.096,-0.226,0.466,0.615,0.037,-0.042,9.981,328.37,29.33,15.5,0,0,35.262831,348.87,,1,1,1,1,,1048
53248.5,-0.175,-0.351,0.719,0.561,0.09,-0.203,9.84,328.27,29.33,11.2,0,0,35.262831,344.47,,1,1,1,1,,1048.5
53249,-0.216,-0.461,0.882,0.433,0.14,-0.328,9.693,328.27,29.33,11.2,0,0,35.262831,344.47,,1,1,1,1,,1049
53249.5,-0.214,-0.542,0.939,0.266,0.168,-0.348,9.582,328.17,29.33,12.5,0,0,35.262831,345.67,,1,1,1,1,,1049.5
53250,-0.172,-0.583,0.888,0.066,0.193,-0.31,9.488,328.17,29.33,12.5,0,0,35.262831,345.67,,1,1,1,1,,1050
53250.5,-0.096,-0.587,0.741,-0.119,0.182,-0.233,9.482,328.07,30.43,14.9,0,0,36.585338,347.97,,1,1,1,1,,1050.5
53251,0.004,-0.551,0.523,-0.277,0.176,-0.111,9.491,328.07,30.43,14.9,0,0,36.585338,347.97,,1,1,1,1,,1051
53251.5,0.111,-0.488,0.27,-0.372,0.125,0.007,9.595,327.97,30.43,12.6,0,0,36.585338,345.57,,1,1,1,1,,1051.5
53252,0.215,-0.407,0.019,-0.406,0.087,0.104,9.692,327.97,30.43,12.6,0,0,36.585338,345.57,,1,1,1,1,,1052
53252.5,0.303,-0.322,-0.194,-0.361,0.018,0.161,9.858,327.97,28.4,18.9,0,0,34.144712,351.87,,1,1,1,1,,1052.5
53253,0.365,-0.247,-0.337,-0.253,-0.02,0.177,9.977,327.97,28.4,18.9,0,0,34.144712,351.87,,1,1,1,1,,1053
53253.5,0.393,-0.198,-0.392,-0.094,-0.073,0.181,10.118,328.07,30.43,23.1,0,0,36.585338,356.17,,1,1,1,1,,1053.5
53254,0.383,-0.188,-0.352,0.084,-0.086,0.206,10.166,328.07,30.43,23.1,0,0,36.585338,356.17,,1,1,1,1,,1054
53254.5,0.338,-0.216,-0.235,0.244,-0.092,0.168,10.185,328.17,29.33,10.2,0,0,35.262831,343.37,,1,1,1,1,,1054.5
53255,0.263,-0.283,-0.065,0.361,-0.053,0.152,10.104,328.17,29.33,10.2,0,0,35.262831,343.37,,1,1,1,1,,1055
53255.5,0.17,-0.374,0.119,0.403,0,0.124,9.987,328.17,27.48,10.7,0,0,33.038616,343.87,,1,1,1,1,,1055.5
53256,0.067,-0.478,0.275,0.365,0.07,0.037,9.812,328.17,27.48,10.7,0,0,33.038616,343.87,,1,1,1,1,,1056
53256.5,-0.031,-0.575,0.364,0.229,0.151,-0.049,9.6,328.27,24.71,4.5,0,0,29.708304,337.77,,1,1,1,1,,1056.5
53257,-0.114,-0.645,0.353,0.023,0.213,-0.095,9.416,328.27,24.71,4.5,0,0,29.708304,337.77,,1,1,1,1,,1057
53257.5,-0.175,-0.668,0.228,-0.237,0.267,-0.085,9.255,328.27,24.71,11.4,0,0,29.708304,344.67,,1,1,1,1,,1057.5
53258,-0.205,-0.631,-0.005,-0.498,0.279,-0.074,9.203,328.27,24.71,11.4,0,0,29.708304,344.67,,1,1,1,1,,1058
53258.5,-0.201,-0.531,-0.32,-0.722,0.273,-0.028,9.211,328.27,25.64,14.5,0,0,30.826423,347.77,,1,1,1,1,,1058.5
53259,-0.165,-0.375,-0.668,-0.851,0.197,0.05,9.374,328.27,25.64,14.5,0,0,30.826423,347.77,,1,1,1,1,,1059
53259.5,-0.101,-0.18,-0.988,-0.859,0.111,0.085,9.586,328.17,28.4,9.7,0,0,34.144712,342.87,,1,1,1,1,,1059.5
53260,-0.026,0.028,-1.22,-0.727,-0.005,0.087,9.884,328.17,28.4,9.7,0,0,34.144712,342.87,,1,1,1,1,,1060
53260.5,0.05,0.218,-1.305,-0.461,-0.117,0.023,10.182,327.97,31.35,12.3,0,0,37.691434,345.27,,1,1,1,1,,1060.5
53261,0.117,0.357,-1.21,-0.101,-0.202,-0.072,10.438,327.97,31.35,12.3,0,0,37.691434,345.27,,1,1,1,1,,1061
53261.5,0.169,0.427,-0.932,0.299,-0.242,-0.126,10.595,327.97,32.28,14.5,0,0,38.809553,347.47,,1,1,1,1,,1061.5
53262,0.201,0.411,-0.493,0.686,-0.258,-0.171,10.657,327.97,32.28,14.5,0,0,38.809553,347.47,,1,1,1,1,,1062
53262.5,0.21,0.308,0.052,0.991,-0.222,-0.143,10.591,327.87,30.43,11.9,0,0,36.585338,344.77,,1,1,1,1,,1062.5
53263,0.194,0.125,0.636,1.187,-0.149,-0.09,10.424,327.87,30.43,11.9,0,0,36.585338,344.77,,1,1,1,1,,1063
53263.5,0.157,-0.116,1.181,1.221,-0.047,-0.01,10.167,327.97,30.43,15.5,0,0,36.585338,348.47,,1,1,1,1,,1063.5
53264,0.099,-0.382,1.613,1.117,0.049,0.056,9.902,327.97,30.43,15.5,0,0,36.585338,348.47,,1,1,1,1,,1064
53264.5,0.033,-0.646,1.876,0.867,0.162,0.094,9.589,328.07,28.4,14.6,0,0,34.144712,347.67,,1,1,1,1,,1064.5
53265,-0.033,-0.874,1.934,0.525,0.234,0.116,9.37,328.07,28.4,14.6,0,0,34.144712,347.67,,1,1,1,1,,1065
53265.5,-0.091,-1.043,1.78,0.122,0.309,0.097,9.157,328.27,26.56,13.5,0,0,31.932519,346.77,,1,1,1,1,,1065.5
53266,-0.126,-1.133,1.431,-0.284,0.331,0.082,9.082,328.27,26.56,13.5,0,0,31.932519,346.77,,1,1,1,1,,1066
53266.5,-0.138,-1.136,0.931,-0.648,0.341,0.061,9.048,328.27,26.56,9,0,0,31.932519,342.27,,1,1,1,1,,1066.5
53267,-0.129,-1.051,0.337,-0.927,0.295,0.026,9.156,328.27,26.56,9,0,0,31.932519,342.27,,1,1,1,1,,1067
53267.5,-0.105,-0.898,-0.279,-1.088,0.235,0.004,9.301,328.37,25.64,5.4,0,0,30.826423,338.77,,1,1,1,1,,1067.5
53268,-0.07,-0.692,-0.85,-1.128,0.153,-0.001,9.506,328.37,25.64,5.4,0,0,30.826423,338.77,,1,1,1,1,,1068
53268.5,-0.036,-0.463,-1.314,-1.036,0.056,-0.008,9.74,328.27,27.48,1.7,0,0,33.038616,334.97,,1,1,1,1,,1068.5
53269,-0.006,-0.233,-1.626,-0.843,-0.02,-0.007,9.958,328.27,27.48,1.7,0,0,33.038616,334.97,,1,1,1,1,,1069
53269.5,0.016,-0.03,-1.757,-0.56,-0.099,-0.017,10.167,328.17,28.4,5.1,0,0,34.144712,338.27,,1,1,1,1,,1069.5
53270,0.029,0.127,-1.703,-0.248,-0.131,-0.043,10.27,328.17,28.4,5.1,0,0,34.144712,338.27,,1,1,1,1,,1070
53270.5,0.035,0.228,-1.485,0.069,-0.153,-0.067,10.349,328.07,29.33,10,0,0,35.262831,343.07,,1,1,1,1,,1070.5
53271,0.045,0.262,-1.139,0.335,-0.129,-0.091,10.303,328.07,29.33,10,0,0,35.262831,343.07,,1,1,1,1,,1071
53271.5,0.061,0.243,-0.718,0.533,-0.107,-0.094,10.245,328.07,31.35,7.1,0,0,37.691434,340.17,,1,1,1,1,,1071.5
53272,0.084,0.176,-0.275,0.64,-0.045,-0.056,10.094,328.07,31.35,7.1,0,0,37.691434,340.17,,1,1,1,1,,1072
53272.5,0.112,0.08,0.137,0.659,-0.004,0.005,9.966,328.17,30.43,9.6,0,0,36.585338,342.77,,1,1,1,1,,1072.5
53273,0.141,-0.033,0.478,0.595,0.054,0.104,9.807,328.17,30.43,9.6,0,0,36.585338,342.77,,1,1,1,1,,1073
53273.5,0.17,-0.142,0.719,0.473,0.095,0.184,9.703,328.27,28.4,14.9,0,0,34.144712,348.17,,1,1,1,1,,1073.5
53274,0.198,-0.238,0.852,0.326,0.126,0.194,9.636,328.27,28.4,14.9,0,0,34.144712,348.17,,1,1,1,1,,1074
53274.5,0.22,-0.316,0.885,0.186,0.125,0.144,9.648,328.27,28.4,13.2,0,0,34.144712,346.47,,1,1,1,1,,1074.5
53275,0.235,-0.375,0.845,0.083,0.114,0.057,9.697,328.27,28.4,13.2,0,0,34.144712,346.47,,1,1,1,1,,1075
53275.5,0.242,-0.418,0.76,0.021,0.091,-0.032,9.765,328.27,28.4,16.1,0,0,34.144712,349.37,,1,1,1,1,,1075.5
53276,0.241,-0.453,0.659,0.006,0.061,-0.085,9.842,328.27,28.4,16.1,0,0,34.144712,349.37,,1,1,1,1,,1076
53276.5,0.228,-0.487,0.561,0.01,0.046,-0.042,9.876,328.27,29.33,11,0,0,35.262831,344.27,,1,1,1,1,,1076.5
53277,0.199,-0.523,0.474,0.029,0.045,-0.002,9.895,328.27,29.33,11,0,0,35.262831,344.27,,1,1,1,1,,1077
53277.5,0.156,-0.562,0.399,0.03,0.065,0.041,9.844,328.37,30.43,12.5,0,0,36.585338,345.87,,1,1,1,1,,1077.5
53278,0.1,-0.597,0.324,0.015,0.067,0.08,9.817,328.37,30.43,12.5,0,0,36.585338,345.87,,1,1,1,1,,1078
53278.5,0.036,-0.624,0.24,-0.034,0.106,0.081,9.722,328.27,29.33,12.4,0,0,35.262831,345.67,,1,1,1,1,,1078.5
53279,-0.03,-0.635,0.135,-0.107,0.127,0.056,9.663,328.27,29.33,12.4,0,0,35.262831,345.67,,1,1,1,1,,1079
53279.5,-0.089,-0.625,0.003,-0.204,0.154,0.012,9.576,328.37,27.48,12.2,0,0,33.038616,345.57,,1,1,1,1,,1079.5
53280,-0.133,-0.582,-0.159,-0.308,0.149,-0.031,9.553,328.37,27.48,12.2,0,0,33.038616,345.57,,1,1,1,1,,1080
53280.5,-0.161,-0.509,-0.341,-0.403,0.157,-0.063,9.525,328.47,27.48,7,0,0,33.038616,340.47,,1,1,1,1,,1080.5
53281,-0.171,-0.409,-0.531,-0.468,0.129,-0.037,9.574,328.47,27.48,7,0,0,33.038616,340.47,,1,1,1,1,,1081
53281.5,-0.163,-0.286,-0.706,-0.487,0.099,0.018,9.645,328.47,26.56,10.1,0,0,31.932519,343.57,,1,1,1,1,,1081.5
53282,-0.143,-0.155,-0.842,-0.452,0.056,0.005,9.766,328.47,26.56,10.1,0,0,31.932519,343.57,,1,1,1,1,,1082
53282.5,-0.113,-0.026,-0.913,-0.348,0.004,0,9.903,328.47,26.56,8.3,0,0,31.932519,341.77,,1,1,1,1,,1082.5
53283,-0.083,0.083,-0.899,-0.192,-0.048,-0.044,10.039,328.47,26.56,8.3,0,0,31.932519,341.77,,1,1,1,1,,1083
53283.5,-0.058,0.156,-0.791,0.007,-0.096,-0.088,10.162,328.47,26.56,9,0,0,31.932519,342.47,,1,1,1,1,,1083.5
53284,-0.045,0.184,-0.589,0.218,-0.128,-0.057,10.236,328.47,26.56,9,0,0,31.932519,342.47,,1,1,1,1,,1084
53284.5,-0.045,0.159,-0.311,0.418,-0.131,-0.021,10.26,328.37,28.4,6.5,0,0,34.144712,339.87,,1,1,1,1,,1084.5
53285,-0.059,0.082,0.016,0.573,-0.107,0.014,10.221,328.37,28.4,6.5,0,0,34.144712,339.87,,1,1,1,1,,1085
53285.5,-0.08,-0.039,0.356,0.673,-0.076,0.029,10.15,328.37,29.33,10.3,0,0,35.262831,343.67,,1,1,1,1,,1085.5
53286,-0.101,-0.193,0.67,0.694,-0.013,0.031,10.02,328.37,29.33,10.3,0,0,35.262831,343.67,,1,1,1,1,,1086
53286.5,-0.12,-0.365,0.922,0.644,0.046,0.01,9.894,328.37,30.43,11.1,0,0,36.585338,344.47,,1,1,1,1,,1086.5
53287,-0.13,-0.536,1.084,0.518,0.119,-0.035,9.722,328.37,30.43,11.1,0,0,36.585338,344.47,,1,1,1,1,,1087
53287.5,-0.127,-0.685,1.132,0.329,0.176,-0.062,9.574,328.37,29.33,6.9,0,0,35.262831,340.27,,1,1,1,1,,1087.5
53288,-0.111,-0.797,1.056,0.089,0.238,-0.098,9.415,328.37,29.33,6.9,0,0,35.262831,340.27,,1,1,1,1,,1088
53288.5,-0.08,-0.856,0.858,-0.168,0.261,-0.098,9.336,328.47,29.33,7.8,0,0,35.262831,341.27,,1,1,1,1,,1088.5
53289,-0.037,-0.853,0.558,-0.412,0.27,-0.052,9.295,328.47,29.33,7.8,0,0,35.262831,341.27,,1,1,1,1,,1089
53289.5,0.016,-0.79,0.188,-0.61,0.247,-0.002,9.338,328.57,29.33,6.1,0,0,35.262831,339.67,,1,1,1,1,,1089.5
53290,0.074,-0.672,-0.207,-0.733,0.2,0.031,9.43,328.57,29.33,6.1,0,0,35.262831,339.67,,1,1,1,1,,1090
53290.5,0.13,-0.513,-0.58,-0.772,0.133,0.082,9.582,328.67,31.35,7.8,0,0,37.691434,341.47,,1,1,1,1,,1090.5
53291,0.182,-0.328,-0.886,-0.713,0.063,0.111,9.752,328.67,31.35,7.8,0,0,37.691434,341.47,,1,1,1,1,,1091
53291.5,0.227,-0.147,-1.088,-0.566,-0.024,0.124,9.95,328.67,31.35,12.5,0,0,37.691434,346.17,,1,1,1,1,,1091.5
53292,0.259,0.014,-1.157,-0.343,-0.094,0.145,10.13,328.67,31.35,12.5,0,0,37.691434,346.17,,1,1,1,1,,1092
53292.5,0.277,0.131,-1.085,-0.08,-0.138,0.136,10.254,328.57,31.35,9.7,0,0,37.691434,343.27,,1,1,1,1,,1092.5
53293,0.279,0.193,-0.881,0.192,-0.165,0.097,10.327,328.57,31.35,9.7,0,0,37.691434,343.27,,1,1,1,1,,1093
53293.5,0.27,0.194,-0.574,0.426,-0.156,0.048,10.313,328.47,30.43,6.5,0,0,36.585338,339.97,,1,1,1,1,,1093.5
53294,0.256,0.133,-0.208,0.594,-0.114,0.014,10.226,328.47,30.43,6.5,0,0,36.585338,339.97,,1,1,1,1,,1094
53294.5,0.243,0.025,0.165,0.667,-0.043,-0.022,10.07,328.47,27.48,13.7,0,0,33.038616,347.17,,1,1,1,1,,1094.5
53295,0.23,-0.113,0.493,0.643,0.019,-0.014,9.904,328.47,27.48,13.7,0,0,33.038616,347.17,,1,1,1,1,,1095
53295.5,0.22,-0.259,0.735,0.53,0.095,0.012,9.724,328.47,28.4,14.1,0,0,34.144712,347.57,,1,1,1,1,,1095.5
53296,0.209,-0.395,0.862,0.356,0.149,0.014,9.589,328.47,28.4,14.1,0,0,34.144712,347.57,,1,1,1,1,,1096
53296.5,0.193,-0.509,0.871,0.152,0.179,0.032,9.498,328.47,28.4,13.8,0,0,34.144712,347.27,,1,1,1,1,,1096.5
53297,0.172,-0.586,0.769,-0.048,0.187,0.037,9.47,328.47,28.4,13.8,0,0,34.144712,347.27,,1,1,1,1,,1097
53297.5,0.141,-0.622,0.585,-0.217,0.182,0.042,9.497,328.57,29.33,11.9,0,0,35.262831,345.47,,1,1,1,1,,1097.5
53298,0.101,-0.618,0.352,-0.33,0.161,0.031,9.574,328.57,29.33,11.9,0,0,35.262831,345.47,,1,1,1,1,,1098
53298.5,0.056,-0.581,0.112,-0.372,0.12,0.044,9.694,328.57,30.43,12.2,0,0,36.585338,345.77,,1,1,1,1,,1098.5
53299,0.013,-0.52,-0.098,-0.345,0.073,0.022,9.821,328.57,30.43,12.2,0,0,36.585338,345.77,,1,1,1,1,,1099
53299.5,-0.028,-0.457,-0.251,-0.264,0.039,0.016,9.928,328.57,29.33,9.6,0,0,35.262831,343.17,,1,1,1,1,,1099.5
53300,-0.055,-0.397,-0.332,-0.149,0.016,0.045,10.001,328.57,29.33,9.6,0,0,35.262831,343.17,,1,1,1,1,,1100
53300.5,-0.076,-0.354,-0.34,-0.029,0.01,0.037,10.018,328.57,29.33,7.5,0,0,35.262831,341.07,,1,1,1,1,,1100.5
53301,-0.095,-0.328,-0.292,0.069,0.011,0,9.992,328.57,29.33,7.5,0,0,35.262831,341.07,,1,1,1,1,,1101
53301.5,-0.112,-0.319,-0.212,0.113,0.049,-0.039,9.886,328.57,30.43,6.6,0,0,36.585338,340.17,,1,1,1,1,,1101.5
53302,-0.132,-0.313,-0.134,0.107,0.067,-0.062,9.801,328.57,30.43,6.6,0,0,36.585338,340.17,,1,1,1,1,,1102
53302.5,-0.159,-0.302,-0.079,0.055,0.081,-0.093,9.701,328.57,31.35,4.7,0,0,37.691434,338.27,,1,1,1,1,,1102.5
53303,-0.194,-0.284,-0.062,-0.022,0.081,-0.056,9.653,328.57,31.35,4.7,0,0,37.691434,338.27,,1,1,1,1,,1103
53303.5,-0.229,-0.254,-0.083,-0.102,0.074,0.007,9.627,328.67,30.43,6.1,0,0,36.585338,339.77,,1,1,1,1,,1103.5
53304,-0.272,-0.213,-0.134,-0.165,0.047,0.044,9.667,328.67,30.43,6.1,0,0,36.585338,339.77,,1,1,1,1,,1104
53304.5,-0.312,-0.161,-0.196,-0.186,0.035,0.048,9.739,328.67,30.43,3.2,0,0,36.585338,336.87,,1,1,1,1,,1104.5
53305,-0.35,-0.111,-0.244,-0.158,0.012,-0.041,9.843,328.67,30.43,3.2,0,0,36.585338,336.87,,1,1,1,1,,1105
53305.5,-0.375,-0.072,-0.254,-0.074,-0.018,-0.165,9.961,328.57,30.43,4.9,0,0,36.585338,338.47,,1,1,1,1,,1105.5
53306,-0.376,-0.057,-0.213,0.037,-0.021,-0.229,10.036,328.57,30.43,4.9,0,0,36.585338,338.47,,1,1,1,1,,1106
53306.5,-0.352,-0.071,-0.119,0.159,-0.015,-0.249,10.071,328.47,30.43,4.6,0,0,36.585338,338.07,,1,1,1,1,,1106.5
53307,-0.297,-0.116,0.015,0.258,-0.002,-0.217,10.055,328.47,30.43,4.6,0,0,36.585338,338.07,,1,1,1,1,,1107
53307.5,-0.214,-0.193,0.169,0.329,-0.001,-0.092,10.032,328.57,30.43,9.1,0,0,36.585338,342.67,,1,1,1,1,,1107.5
53308,-0.111,-0.294,0.322,0.351,0.029,0.034,9.933,328.57,30.43,9.1,0,0,36.585338,342.67,,1,1,1,1,,1108
53308.5,0.008,-0.407,0.445,0.324,0.049,0.125,9.85,328.47,31.35,7.9,0,0,37.691434,341.37,,1,1,1,1,,1108.5
53309,0.137,-0.518,0.52,0.245,0.095,0.186,9.725,328.47,31.35,7.9,0,0,37.691434,341.37,,1,1,1,1,,1109
53309.5,0.26,-0.613,0.53,0.128,0.119,0.224,9.645,328.47,31.35,5.7,0,0,37.691434,339.17,,1,1,1,1,,1109.5
53310,0.368,-0.68,0.47,-0.016,0.171,0.169,9.546,328.47,31.35,5.7,0,0,37.691434,339.17,,1,1,1,1,,1110
53310.5,0.445,-0.707,0.34,-0.172,0.192,0.139,9.496,328.47,29.33,4.2,0,0,35.262831,337.67,,1,1,1,1,,1110.5
53311,0.48,-0.683,0.153,-0.32,0.205,0.087,9.463,328.47,29.33,4.2,0,0,35.262831,337.67,,1,1,1,1,,1111
53311.5,0.469,-0.612,-0.075,-0.444,0.194,0.061,9.49,328.47,29.33,2.8,0,0,35.262831,336.27,,1,1,1,1,,1111.5
53312,0.414,-0.497,-0.314,-0.517,0.172,0.037,9.55,328.47,29.33,2.8,0,0,35.262831,336.27,,1,1,1,1,,1112
53312.5,0.33,-0.35,-0.537,-0.535,0.136,0.02,9.65,328.47,32.28,1.7,0,0,38.809553,335.17,,1,1,1,1,,1112.5
53313,0.224,-0.186,-0.709,-0.47,0.047,-0.006,9.824,328.47,32.28,1.7,0,0,38.809553,335.17,,1,1,1,1,,1113
53313.5,0.119,-0.027,-0.799,-0.334,-0.038,-0.049,9.996,328.47,31.35,2.8,0,0,37.691434,336.27,,1,1,1,1,,1113.5
53314,0.032,0.106,-0.781,-0.118,-0.122,-0.093,10.198,328.47,31.35,2.8,0,0,37.691434,336.27,,1,1,1,1,,1114
53314.5,-0.024,0.187,-0.642,0.138,-0.173,-0.077,10.318,328.57,32.28,7.9,0,0,38.809553,341.47,,1,1,1,1,,1114.5
53315,-0.05,0.207,-0.39,0.41,-0.22,-0.067,10.43,328.57,32.28,7.9,0,0,38.809553,341.47,,1,1,1,1,,1115
53315.5,-0.047,0.146,-0.048,0.641,-0.197,-0.03,10.387,328.47,32.28,8.4,0,0,38.809553,341.87,,1,1,1,1,,1115.5
53316,-0.02,0.017,0.337,0.802,-0.162,-0.001,10.315,328.47,32.28,8.4,0,0,38.809553,341.87,,1,1,1,1,,1116
53316.5,0.017,-0.174,0.716,0.867,-0.079,0.07,10.135,328.47,31.35,8.2,0,0,37.691434,341.67,,1,1,1,1,,1116.5
53317,0.055,-0.4,1.03,0.807,0.015,0.11,9.919,328.47,31.35,8.2,0,0,37.691434,341.67,,1,1,1,1,,1117
53317.5,0.082,-0.634,1.23,0.632,0.134,0.129,9.647,328.37,32.28,7.7,0,0,38.809553,341.07,,1,1,1,1,,1117.5
53318,0.089,-0.845,1.272,0.338,0.246,0.076,9.366,328.37,32.28,7.7,0,0,38.809553,341.07,,1,1,1,1,,1118
53318.5,0.074,-0.998,1.134,-0.025,0.323,0.064,9.148,328.37,31.35,14,0,0,37.691434,347.37,,1,1,1,1,,1118.5
53319,0.036,-1.071,0.819,-0.425,0.381,0.035,8.989,328.37,31.35,14,0,0,37.691434,347.37,,1,1,1,1,,1119
53319.5,-0.018,-1.047,0.358,-0.784,0.368,-0.023,8.987,328.37,32.28,13.6,0,0,38.809553,346.97,,1,1,1,1,,1119.5
53320,-0.088,-0.928,-0.194,-1.067,0.338,0,9.053,328.37,32.28,13.6,0,0,38.809553,346.97,,1,1,1,1,,1120
53320.5,-0.161,-0.717,-0.764,-1.211,0.245,0.048,9.274,328.47,33.2,5.4,0,0,39.915649,338.87,,1,1,1,1,,1120.5
53321,-0.231,-0.448,-1.273,-1.205,0.147,0.079,9.53,328.47,33.2,5.4,0,0,39.915649,338.87,,1,1,1,1,,1121
53321.5,-0.294,-0.146,-1.65,-1.039,0.012,0.029,9.866,328.37,33.2,7,0,0,39.915649,340.37,,1,1,1,1,,1121.5
53322,-0.347,0.148,-1.836,-0.73,-0.105,-0.047,10.179,328.37,33.2,7,0,0,39.915649,340.37,,1,1,1,1,,1122
53322.5,-0.385,0.402,-1.798,-0.31,-0.22,-0.145,10.49,328.37,35.04,6.6,0,0,42.127842,339.97,,1,1,1,1,,1122.5
53323,-0.405,0.576,-1.525,0.172,-0.28,-0.263,10.685,328.37,35.04,6.6,0,0,42.127842,339.97,,1,1,1,1,,1123
53323.5,-0.406,0.642,-1.046,0.639,-0.313,-0.298,10.776,328.27,34.12,6.8,0,0,41.021746,340.07,,1,1,1,1,,1123.5
53324,-0.391,0.598,-0.417,1.028,-0.285,-0.299,10.707,328.27,34.12,6.8,0,0,41.021746,340.07,,1,1,1,1,,1124
53324.5,-0.363,0.45,0.278,1.285,-0.242,-0.251,10.561,328.27,33.2,8.8,0,0,39.915649,342.07,,1,1,1,1,,1124.5
53325,-0.33,0.213,0.956,1.395,-0.156,-0.162,10.32,328.27,33.2,8.8,0,0,39.915649,342.07,,1,1,1,1,,1125
53325.5,-0.284,-0.079,1.533,1.336,-0.051,-0.022,10.037,328.27,33.2,11.1,0,0,39.915649,344.37,,1,1,1,1,,1125.5
53326,-0.235,-0.401,1.945,1.137,0.048,0.073,9.754,328.27,33.2,11.1,0,0,39.915649,344.37,,1,1,1,1,,1126
53326.5,-0.175,-0.709,2.144,0.803,0.166,0.109,9.446,328.37,32.28,12.6,0,0,38.809553,345.97,,1,1,1,1,,1126.5
53327,-0.107,-0.973,2.108,0.396,0.251,0.09,9.233,328.37,32.28,12.6,0,0,38.809553,345.97,,1,1,1,1,,1127
53327.5,-0.026,-1.167,1.846,-0.052,0.333,0.005,9.044,328.37,33.2,9.4,0,0,39.915649,342.77,,1,1,1,1,,1127.5
53328,0.065,-1.271,1.388,-0.483,0.358,-0.054,8.989,328.37,33.2,9.4,0,0,39.915649,342.77,,1,1,1,1,,1128
53328.5,0.163,-1.275,0.785,-0.861,0.383,-0.039,8.969,328.37,32.28,8.1,0,0,38.809553,341.47,,1,1,1,1,,1128.5
53329,0.257,-1.179,0.102,-1.139,0.346,0.01,9.09,328.37,32.28,8.1,0,0,38.809553,341.47,,1,1,1,1,,1129
53329.5,0.34,-1,-0.585,-1.292,0.292,0.119,9.243,328.37,31.35,12.8,0,0,37.691434,346.17,,1,1,1,1,,1129.5
53330,0.401,-0.754,-1.205,-1.308,0.189,0.187,9.492,328.37,31.35,12.8,0,0,37.691434,346.17,,1,1,1,1,,1130
53330.5,0.435,-0.471,-1.694,-1.189,0.11,0.244,9.72,328.27,32.28,11.3,0,0,38.809553,344.57,,1,1,1,1,,1130.5
53331,0.439,-0.18,-2.006,-0.958,0.008,0.218,9.974,328.27,32.28,11.3,0,0,38.809553,344.57,,1,1,1,1,,1131
53331.5,0.411,0.09,-2.113,-0.632,-0.089,0.19,10.197,328.27,32.28,14,0,0,38.809553,347.27,,1,1,1,1,,1131.5
53332,0.362,0.315,-2.009,-0.256,-0.164,0.102,10.383,328.27,32.28,14,0,0,38.809553,347.27,,1,1,1,1,,1132
53332.5,0.299,0.473,-1.708,0.144,-0.217,0.021,10.504,328.27,33.2,12.7,0,0,39.915649,345.97,,1,1,1,1,,1132.5
53333,0.226,0.546,-1.246,0.51,-0.242,-0.04,10.538,328.27,33.2,12.7,0,0,39.915649,345.97,,1,1,1,1,,1133
53333.5,0.15,0.539,-0.672,0.821,-0.247,-0.053,10.518,328.27,31.35,15.1,0,0,37.691434,348.37,,1,1,1,1,,1133.5
53334,0.075,0.451,-0.048,1.03,-0.205,-0.075,10.396,328.27,31.35,15.1,0,0,37.691434,348.37,,1,1,1,1,,1134
53334.5,0.006,0.297,0.559,1.131,-0.147,-0.076,10.245,328.17,31.35,13.3,0,0,37.691434,346.47,,1,1,1,1,,1134.5
53335,-0.051,0.096,1.091,1.11,-0.054,-0.085,10.033,328.17,31.35,13.3,0,0,37.691434,346.47,,1,1,1,1,,1135
53335.5,-0.09,-0.135,1.495,0.982,0.026,-0.066,9.84,328.07,33.2,13.8,0,0,39.915649,346.87,,1,1,1,1,,1135.5
53336,-0.11,-0.37,1.739,0.765,0.116,-0.062,9.632,328.07,33.2,13.8,0,0,39.915649,346.87,,1,1,1,1,,1136
53336.5,-0.111,-0.588,1.804,0.479,0.188,-0.064,9.463,328.07,31.35,8.7,0,0,37.691434,341.77,,1,1,1,1,,1136.5
53337,-0.095,-0.77,1.692,0.16,0.252,0.001,9.318,328.07,31.35,8.7,0,0,37.691434,341.77,,1,1,1,1,,1137
53337.5,-0.068,-0.899,1.418,-0.168,0.281,0.009,9.24,328.17,31.35,3.8,0,0,37.691434,336.97,,1,1,1,1,,1137.5
53338,-0.037,-0.962,1.017,-0.462,0.283,0.038,9.224,328.17,31.35,3.8,0,0,37.691434,336.97,,1,1,1,1,,1138
53338.5,-0.012,-0.959,0.533,-0.701,0.265,0.044,9.271,328.17,30.43,8.2,0,0,36.585338,341.37,,1,1,1,1,,1138.5
53339,-0.003,-0.892,0.022,-0.843,0.222,0.01,9.395,328.17,30.43,8.2,0,0,36.585338,341.37,,1,1,1,1,,1139
53339.5,-0.007,-0.771,-0.462,-0.893,0.17,-0.011,9.539,328.27,30.43,8.3,0,0,36.585338,341.57,,1,1,1,1,,1139.5
53340,-0.028,-0.613,-0.87,-0.841,0.101,-0.051,9.725,328.27,30.43,8.3,0,0,36.585338,341.57,,1,1,1,1,,1140
53340.5,-0.065,-0.44,-1.162,-0.711,0.045,-0.065,9.873,328.17,32.28,5.5,0,0,38.809553,338.67,,1,1,1,1,,1140.5
53341,-0.118,-0.265,-1.319,-0.511,-0.014,-0.079,10.04,328.17,32.28,5.5,0,0,38.809553,338.67,,1,1,1,1,,1141
53341.5,-0.181,-0.109,-1.33,-0.273,-0.059,-0.051,10.149,328.27,33.2,4.9,0,0,39.915649,338.17,,1,1,1,1,,1141.5
53342,-0.249,0.018,-1.207,-0.024,-0.087,0.012,10.227,328.27,33.2,4.9,0,0,39.915649,338.17,,1,1,1,1,,1142
53342.5,-0.314,0.1,-0.97,0.212,-0.101,0.058,10.252,328.27,34.12,8.8,0,0,41.021746,342.07,,1,1,1,1,,1142.5
53343,-0.373,0.137,-0.651,0.408,-0.097,0.079,10.236,328.27,34.12,8.8,0,0,41.021746,342.07,,1,1,1,1,,1143
53343.5,-0.418,0.126,-0.288,0.553,-0.088,0.056,10.174,328.27,34.12,9.1,0,0,41.021746,342.37,,1,1,1,1,,1143.5
53344,-0.441,0.074,0.077,0.621,-0.058,-0.028,10.062,328.27,34.12,9.1,0,0,41.021746,342.37,,1,1,1,1,,1144
53344.5,-0.438,-0.012,0.402,0.614,-0.021,-0.082,9.933,328.27,35.04,9.4,0,0,42.127842,342.67,,1,1,1,1,,1144.5
53345,-0.405,-0.119,0.655,0.533,0.032,-0.124,9.785,328.27,35.04,9.4,0,0,42.127842,342.67,,1,1,1,1,,1145
53345.5,-0.342,-0.23,0.811,0.398,0.07,-0.161,9.672,328.17,37.07,9.4,0,0,44.568467,342.57,,1,1,1,1,,1145.5
53346,-0.259,-0.339,0.86,0.224,0.116,-0.173,9.566,328.17,37.07,9.4,0,0,44.568467,342.57,,1,1,1,1,,1146
53346.5,-0.156,-0.429,0.805,0.043,0.14,-0.157,9.523,328.17,35.97,5.4,0,0,43.245961,338.57,,1,1,1,1,,1146.5
53347,-0.049,-0.495,0.665,-0.123,0.15,-0.127,9.52,328.17,35.97,5.4,0,0,43.245961,338.57,,1,1,1,1,,1147
53347.5,0.054,-0.536,0.469,-0.243,0.135,-0.102,9.586,328.17,37.07,7.2,0,0,44.568467,340.37,,1,1,1,1,,1147.5
53348,0.143,-0.553,0.251,-0.31,0.126,-0.073,9.651,328.17,37.07,7.2,0,0,44.568467,340.37,,1,1,1,1,,1148
53348.5,0.214,-0.543,0.04,-0.329,0.103,-0.04,9.732,328.17,35.97,7.5,0,0,43.245961,340.67,,1,1,1,1,,1148.5
53349,0.259,-0.517,-0.14,-0.306,0.084,0.007,9.797,328.17,35.97,7.5,0,0,43.245961,340.67,,1,1,1,1,,1149
53349.5,0.277,-0.475,-0.275,-0.257,0.068,0.041,9.852,328.27,35.97,6.6,0,0,43.245961,339.87,,1,1,1,1,,1149.5
53350,0.261,-0.425,-0.359,-0.19,0.054,0.125,9.882,328.27,35.97,6.6,0,0,43.245961,339.87,,1,1,1,1,,1150
53350.5,0.215,-0.373,-0.395,-0.125,0.049,0.187,9.89,328.37,34.12,7.2,0,0,41.021746,340.57,,1,1,1,1,,1150.5
53351,0.146,-0.317,-0.391,-0.064,0.047,0.258,9.889,328.37,34.12,7.2,0,0,41.021746,340.57,,1,1,1,1,,1151
53351.5,0.057,-0.262,-0.357,-0.015,0.047,0.254,9.877,328.37,34.12,8.1,0,0,41.021746,341.47,,1,1,1,1,,1151.5
53352,-0.037,-0.212,-0.301,0.026,0.034,0.192,9.883,328.37,34.12,8.1,0,0,41.021746,341.47,,1,1,1,1,,1152
53352.5,-0.123,-0.17,-0.232,0.058,0.03,0.125,9.868,328.37,33.2,5,0,0,39.915649,338.37,,1,1,1,1,,1152.5
53353,-0.2,-0.144,-0.158,0.078,0.023,0.044,9.866,328.37,33.2,5,0,0,39.915649,338.37,,1,1,1,1,,1153
53353.5,-0.255,-0.131,-0.084,0.094,0.019,-0.066,9.861,328.37,33.2,7.9,0,0,39.915649,341.27,,1,1,1,1,,1153.5
53354,-0.285,-0.136,-0.011,0.11,0.006,-0.145,9.874,328.37,33.2,7.9,0,0,39.915649,341.27,,1,1,1,1,,1154
53354.5,-0.286,-0.157,0.06,0.125,0.005,-0.217,9.871,328.27,35.04,8.3,0,0,42.127842,341.57,,1,1,1,1,,1154.5
53355,-0.259,-0.195,0.123,0.126,0.018,-0.247,9.85,328.27,35.04,8.3,0,0,42.127842,341.57,,1,1,1,1,,1155
53355.5,-0.207,-0.246,0.174,0.119,0.031,-0.242,9.834,328.17,33.2,4.5,0,0,39.915649,337.67,,1,1,1,1,,1155.5
53356,-0.141,-0.301,0.209,0.101,0.044,-0.16,9.814,328.17,33.2,4.5,0,0,39.915649,337.67,,1,1,1,1,,1156
53356.5,-0.076,-0.354,0.227,0.082,0.043,-0.08,9.82,328.17,31.35,4.1,0,0,37.691434,337.27,,1,1,1,1,,1156.5
53357,-0.021,-0.403,0.23,0.058,0.066,-0.005,9.8,328.17,31.35,4.1,0,0,37.691434,337.27,,1,1,1,1,,1157
53357.5,0.014,-0.44,0.218,0.036,0.074,0.006,9.802,328.17,31.35,8.1,0,0,37.691434,341.27,,1,1,1,1,,1157.5
53358,0.019,-0.464,0.195,0.017,0.077,0.02,9.797,328.17,31.35,8.1,0,0,37.691434,341.27,,1,1,1,1,,1158
53358.5,-0.003,-0.474,0.163,-0.005,0.073,0.036,9.795,328.27,28.4,7,0,0,34.144712,340.27,,1,1,1,1,,1158.5
53359,-0.052,-0.469,0.122,-0.029,0.087,0.057,9.771,328.27,28.4,7,0,0,34.144712,340.27,,1,1,1,1,,1159
53359.5,-0.122,-0.451,0.073,-0.056,0.085,0.073,9.764,328.37,29.33,9.3,0,0,35.262831,342.67,,1,1,1,1,,1159.5
53360,-0.204,-0.421,0.02,-0.077,0.077,0.064,9.768,328.37,29.33,9.3,0,0,35.262831,342.67,,1,1,1,1,,1160
53360.5,-0.282,-0.381,-0.037,-0.097,0.082,0.056,9.76,328.47,30.43,7.1,0,0,36.585338,340.57,,1,1,1,1,,1160.5
53361,-0.349,-0.337,-0.093,-0.111,0.077,0.043,9.768,328.47,30.43,7.1,0,0,36.585338,340.57,,1,1,1,1,,1161
53361.5,-0.398,-0.292,-0.147,-0.13,0.087,0.015,9.741,328.47,28.4,6.7,0,0,34.144712,340.17,,1,1,1,1,,1161.5
53362,-0.423,-0.249,-0.2,-0.148,0.083,-0.02,9.736,328.47,28.4,6.7,0,0,34.144712,340.17,,1,1,1,1,,1162
53362.5,-0.422,-0.212,-0.251,-0.169,0.082,-0.055,9.718,328.37,28.4,355.7,0,0,34.144712,329.07,,1,1,1,1,,1162.5
53363,-0.405,-0.177,-0.301,-0.185,0.071,-0.1,9.726,328.37,28.4,355.7,0,0,34.144712,329.07,,1,1,1,1,,1163
53363.5,-0.379,-0.149,-0.344,-0.189,0.058,-0.151,9.735,328.37,28.4,5,0,0,34.144712,338.37,,1,1,1,1,,1163.5
53364,-0.341,-0.126,-0.373,-0.169,0.018,-0.157,9.809,328.37,28.4,5,0,0,34.144712,338.37,,1,1,1,1,,1164
53364.5,-0.303,-0.11,-0.374,-0.112,-0.013,-0.122,9.891,328.27,27.48,6.7,0,0,33.038616,339.97,,1,1,1,1,,1164.5
53365,-0.262,-0.105,-0.335,-0.023,-0.031,-0.117,9.974,328.27,27.48,6.7,0,0,33.038616,339.97,,1,1,1,1,,1165
53365.5,-0.218,-0.113,-0.245,0.099,-0.057,-0.116,10.062,328.27,27.48,5.1,0,0,33.038616,338.37,,1,1,1,1,,1165.5
53366,-0.176,-0.139,-0.104,0.236,-0.079,-0.094,10.129,328.27,27.48,5.1,0,0,33.038616,338.37,,1,1,1,1,,1166
53366.5,-0.139,-0.182,0.081,0.367,-0.072,-0.075,10.164,328.17,26.56,3.7,0,0,31.932519,336.87,,1,1,1,1,,1166.5
53367,-0.104,-0.244,0.295,0.471,-0.022,-0.044,10.121,328.17,26.56,3.7,0,0,31.932519,336.87,,1,1,1,1,,1167
53367.5,-0.075,-0.322,0.512,0.529,0.008,0.003,10.059,328.27,26.56,6.8,0,0,31.932519,340.07,,1,1,1,1,,1167.5
53368,-0.048,-0.411,0.703,0.526,0.05,0.009,9.949,328.27,26.56,6.8,0,0,31.932519,340.07,,1,1,1,1,,1168
53368.5,-0.026,-0.501,0.837,0.447,0.105,0.005,9.795,328.37,27.48,8.5,0,0,33.038616,341.87,,1,1,1,1,,1168.5
53369,-0.014,-0.581,0.886,0.299,0.16,0.035,9.622,328.37,27.48,8.5,0,0,33.038616,341.87,,1,1,1,1,,1169
53369.5,-0.015,-0.639,0.832,0.094,0.192,0.035,9.478,328.37,28.4,15.5,0,0,34.144712,348.87,,1,1,1,1,,1169.5
53370,-0.034,-0.665,0.669,-0.139,0.21,0.04,9.368,328.37,28.4,15.5,0,0,34.144712,348.87,,1,1,1,1,,1170
53370.5,-0.075,-0.65,0.41,-0.375,0.206,0.088,9.314,328.37,30.43,12.5,0,0,36.585338,345.87,,1,1,1,1,,1170.5
53371,-0.135,-0.596,0.079,-0.574,0.192,0.107,9.324,328.37,30.43,12.5,0,0,36.585338,345.87,,1,1,1,1,,1171
53371.5,-0.208,-0.501,-0.285,-0.71,0.146,0.096,9.412,328.47,29.33,6.3,0,0,35.262831,339.77,,1,1,1,1,,1171.5
53372,-0.281,-0.382,-0.635,-0.754,0.084,0.032,9.572,328.47,29.33,6.3,0,0,35.262831,339.77,,1,1,1,1,,1172
53372.5,-0.349,-0.249,-0.923,-0.701,0.03,-0.063,9.753,328.47,29.33,6,0,0,35.262831,339.47,,1,1,1,1,,1172.5
53373,-0.398,-0.122,-1.107,-0.55,-0.031,-0.166,9.954,328.47,29.33,6,0,0,35.262831,339.47,,1,1,1,1,,1173
53373.5,-0.426,-0.019,-1.162,-0.331,-0.073,-0.213,10.118,328.37,30.43,2.8,0,0,36.585338,336.17,,1,1,1,1,,1173.5
53374,-0.423,0.051,-1.078,-0.071,-0.104,-0.239,10.246,328.37,30.43,2.8,0,0,36.585338,336.17,,1,1,1,1,,1174
53374.5,-0.391,0.074,-0.87,0.183,-0.095,-0.208,10.278,328.37,33.2,7.2,0,0,39.915649,340.57,,1,1,1,1,,1174.5
53375,-0.34,0.056,-0.568,0.402,-0.088,-0.105,10.272,328.37,33.2,7.2,0,0,39.915649,340.57,,1,1,1,1,,1175
53375.5,-0.274,-0.004,-0.214,0.555,-0.053,-0.051,10.19,328.27,32.28,3.9,0,0,38.809553,337.17,,1,1,1,1,,1175.5
53376,-0.203,-0.091,0.146,0.63,-0.013,-0.058,10.077,328.27,32.28,3.9,0,0,38.809553,337.17,,1,1,1,1,,1176
53376.5,-0.136,-0.191,0.469,0.628,0.024,-0.012,9.944,328.37,31.35,10,0,0,37.691434,343.37,,1,1,1,1,,1176.5
53377,-0.076,-0.295,0.72,0.553,0.056,0.015,9.819,328.37,31.35,10,0,0,37.691434,343.37,,1,1,1,1,,1177
53377.5,-0.039,-0.387,0.877,0.425,0.099,0.051,9.691,328.37,31.35,4.8,0,0,37.691434,338.17,,1,1,1,1,,1177.5
53378,-0.027,-0.456,0.93,0.258,0.13,0.111,9.598,328.37,31.35,4.8,0,0,37.691434,338.17,,1,1,1,1,,1178
53378.5,-0.047,-0.499,0.88,0.08,0.14,0.12,9.541,328.47,30.43,4.7,0,0,36.585338,338.17,,1,1,1,1,,1178.5
53379,-0.09,-0.512,0.741,-0.097,0.154,0.077,9.509,328.47,30.43,4.7,0,0,36.585338,338.17,,1,1,1,1,,1179
53379.5,-0.157,-0.494,0.536,-0.241,0.148,0.011,9.533,328.47,30.43,355.2,0,0,36.585338,328.67,,1,1,1,1,,1179.5
53380,-0.233,-0.457,0.295,-0.346,0.141,-0.081,9.567,328.47,30.43,355.2,0,0,36.585338,328.67,,1,1,1,1,,1180
53380.5,-0.3,-0.403,0.048,-0.394,0.1,-0.146,9.666,328.47,30.43,357.7,0,0,36.585338,331.17,,1,1,1,1,,1180.5
53381,-0.355,-0.347,-0.174,-0.386,0.067,-0.156,9.76,328.47,30.43,357.7,0,0,36.585338,331.17,,1,1,1,1,,1181
53381.5,-0.384,-0.297,-0.345,-0.323,0.026,-0.133,9.875,328.57,31.35,2.5,0,0,37.691434,336.07,,1,1,1,1,,1181.5
53382,-0.386,-0.264,-0.446,-0.22,0,-0.105,9.953,328.57,31.35,2.5,0,0,37.691434,336.07,,1,1,1,1,,1182
53382.5,-0.358,-0.254,-0.475,-0.103,-0.024,-0.065,10.001,328.57,29.33,358,0,0,35.262831,331.57,,1,1,1,1,,1182.5
53383,-0.309,-0.266,-0.44,0.002,-0.015,-0.017,9.991,328.57,29.33,358,0,0,35.262831,331.57,,1,1,1,1,,1183
53383.5,-0.252,-0.292,-0.363,0.076,0.013,-0.023,9.945,328.47,29.33,7.2,0,0,35.262831,340.67,,1,1,1,1,,1183.5
53384,-0.194,-0.323,-0.263,0.122,0.023,-0.018,9.907,328.47,29.33,7.2,0,0,35.262831,340.67,,1,1,1,1,,1184
53384.5,-0.153,-0.352,-0.159,0.139,0.029,-0.053,9.869,328.47,29.33,5.5,0,0,35.262831,338.97,,1,1,1,1,,1184.5
53385,-0.127,-0.37,-0.066,0.135,0.049,-0.071,9.834,328.47,29.33,5.5,0,0,35.262831,338.97,,1,1,1,1,,1185
53385.5,-0.122,-0.374,0.009,0.111,0.079,-0.075,9.788,328.57,28.4,355.7,0,0,34.144712,329.27,,1,1,1,1,,1185.5
53386,-0.137,-0.364,0.058,0.073,0.091,-0.04,9.755,328.57,28.4,355.7,0,0,34.144712,329.27,,1,1,1,1,,1186
53386.5,-0.168,-0.337,0.079,0.021,0.106,-0.008,9.713,328.67,29.33,355.5,0,0,35.262831,329.17,,1,1,1,1,,1186.5
53387,-0.21,-0.293,0.068,-0.041,0.112,0.026,9.69,328.67,29.33,355.5,0,0,35.262831,329.17,,1,1,1,1,,1187
53387.5,-0.254,-0.237,0.03,-0.098,0.108,0.071,9.681,328.67,31.35,1.9,0,0,37.691434,335.57,,1,1,1,1,,1187.5
53388,-0.3,-0.175,-0.026,-0.141,0.088,0.001,9.707,328.67,31.35,1.9,0,0,37.691434,335.57,,1,1,1,1,,1188
53388.5,-0.345,-0.114,-0.087,-0.154,0.06,-0.047,9.748,328.67,31.35,0.7,0,0,37.691434,334.37,,1,1,1,1,,1188.5
53389,-0.386,-0.064,-0.137,-0.138,0.02,-0.079,9.819,328.67,31.35,0.7,0,0,37.691434,334.37,,1,1,1,1,,1189
53389.5,-0.422,-0.035,-0.161,-0.082,-0.023,-0.084,9.907,328.77,32.28,3.9,0,0,38.809553,337.67,,1,1,1,1,,1189.5
53390,-0.445,-0.034,-0.147,0.002,-0.05,-0.097,9.982,328.77,32.28,3.9,0,0,38.809553,337.67,,1,1,1,1,,1190
53390.5,-0.451,-0.066,-0.087,0.109,-0.067,-0.071,10.047,328.77,32.28,11.8,0,0,38.809553,345.57,,1,1,1,1,,1190.5
53391,-0.437,-0.129,0.016,0.213,-0.066,-0.053,10.065,328.77,32.28,11.8,0,0,38.809553,345.57,,1,1,1,1,,1191
53391.5,-0.408,-0.218,0.15,0.304,-0.059,-0.102,10.075,328.77,31.35,13.5,0,0,37.691434,347.27,,1,1,1,1,,1191.5
53392,-0.359,-0.326,0.297,0.36,-0.011,-0.123,10.011,328.77,31.35,13.5,0,0,37.691434,347.27,,1,1,1,1,,1192
53392.5,-0.299,-0.442,0.434,0.37,0.039,-0.146,9.931,328.77,30.43,6.1,0,0,36.585338,339.87,,1,1,1,1,,1192.5
53393,-0.232,-0.553,0.537,0.324,0.106,-0.154,9.808,328.77,30.43,6.1,0,0,36.585338,339.87,,1,1,1,1,,1193
53393.5,-0.163,-0.64,0.58,0.214,0.163,-0.124,9.675,328.77,30.43,10.2,0,0,36.585338,343.97,,1,1,1,1,,1193.5
53394,-0.107,-0.693,0.545,0.058,0.212,-0.044,9.541,328.77,30.43,10.2,0,0,36.585338,343.97,,1,1,1,1,,1194
53394.5,-0.066,-0.703,0.427,-0.13,0.228,0.055,9.446,328.87,31.35,11.4,0,0,37.691434,345.27,,1,1,1,1,,1194.5
53395,-0.047,-0.662,0.231,-0.312,0.207,0.126,9.418,328.87,31.35,11.4,0,0,37.691434,345.27,,1,1,1,1,,1195
53395.5,-0.056,-0.576,-0.019,-0.467,0.179,0.135,9.429,328.97,29.33,4.2,0,0,35.262831,338.17,,1,1,1,1,,1195.5
53396,-0.082,-0.448,-0.291,-0.56,0.12,0.13,9.523,328.97,29.33,4.2,0,0,35.262831,338.17,,1,1,1,1,,1196
53396.5,-0.129,-0.297,-0.548,-0.582,0.068,0.091,9.636,329.07,28.4,4.5,0,0,34.144712,338.57,,1,1,1,1,,1196.5
53397,-0.184,-0.138,-0.75,-0.523,0.003,0.028,9.805,329.07,28.4,4.5,0,0,34.144712,338.57,,1,1,1,1,,1197
53397.5,-0.233,0.007,-0.867,-0.388,-0.05,-0.034,9.958,329.07,29.33,9.8,0,0,35.262831,343.87,,1,1,1,1,,1197.5
53398,-0.275,0.114,-0.877,-0.195,-0.102,-0.073,10.119,329.07,29.33,9.8,0,0,35.262831,343.87,,1,1,1,1,,1198
53398.5,-0.29,0.174,-0.774,0.03,-0.109,-0.142,10.206,329.07,30.43,11.1,0,0,36.585338,345.17,,1,1,1,1,,1198.5
53399,-0.285,0.178,-0.571,0.244,-0.109,-0.216,10.246,329.07,30.43,11.1,0,0,36.585338,345.17,,1,1,1,1,,1199
53399.5,-0.25,0.126,-0.293,0.436,-0.105,-0.221,10.25,329.07,30.43,13.1,0,0,36.585338,347.17,,1,1,1,1,,1199.5
53400,-0.186,0.025,0.024,0.561,-0.057,-0.213,10.162,329.07,30.43,13.1,0,0,36.585338,347.17,,1,1,1,1,,1200
53400.5,-0.106,-0.114,0.339,0.626,-0.023,-0.143,10.079,329.07,30.43,11.7,0,0,36.585338,345.77,,1,1,1,1,,1200.5
53401,-0.014,-0.272,0.615,0.603,0.045,-0.055,9.916,329.07,30.43,11.7,0,0,36.585338,345.77,,1,1,1,1,,1201
53401.5,0.075,-0.428,0.814,0.51,0.094,0.003,9.778,329.07,28.4,10.6,0,0,34.144712,344.67,,1,1,1,1,,1201.5
53402,0.15,-0.563,0.913,0.344,0.163,0.065,9.593,329.07,28.4,10.6,0,0,34.144712,344.67,,1,1,1,1,,1202
53402.5,0.2,-0.66,0.895,0.14,0.183,0.135,9.501,329.17,28.4,7.7,0,0,34.144712,341.87,,1,1,1,1,,1202.5
53403,0.213,-0.708,0.768,-0.083,0.213,0.197,9.399,329.17,28.4,7.7,0,0,34.144712,341.87,,1,1,1,1,,1203
53403.5,0.184,-0.701,0.544,-0.292,0.206,0.247,9.401,329.27,28.4,4.3,0,0,34.144712,338.57,,1,1,1,1,,1203.5
53404,0.118,-0.646,0.258,-0.458,0.195,0.257,9.418,329.27,28.4,4.3,0,0,34.144712,338.57,,1,1,1,1,,1204
53404.5,0.021,-0.542,-0.056,-0.564,0.147,0.201,9.521,329.47,29.33,10.2,0,0,35.262831,344.67,,1,1,1,1,,1204.5
53405,-0.088,-0.409,-0.353,-0.583,0.092,0.152,9.661,329.47,29.33,10.2,0,0,35.262831,344.67,,1,1,1,1,,1205
53405.5,-0.196,-0.261,-0.592,-0.523,0.032,0.074,9.824,329.47,32.28,6.9,0,0,38.809553,341.37,,1,1,1,1,,1205.5
53406,-0.283,-0.124,-0.74,-0.381,-0.029,-0.042,9.987,329.47,32.28,6.9,0,0,38.809553,341.37,,1,1,1,1,,1206
53406.5,-0.339,-0.013,-0.78,-0.199,-0.067,-0.182,10.103,329.37,35.04,8.1,0,0,42.127842,342.47,,1,1,1,1,,1206.5
53407,-0.353,0.055,-0.709,0.015,-0.105,-0.272,10.205,329.37,35.04,8.1,0,0,42.127842,342.47,,1,1,1,1,,1207
53407.5,-0.328,0.072,-0.542,0.206,-0.087,-0.343,10.185,329.27,35.04,7.5,0,0,42.127842,341.77,,1,1,1,1,,1207.5
53408,-0.27,0.039,-0.311,0.36,-0.081,-0.341,10.16,329.27,35.04,7.5,0,0,42.127842,341.77,,1,1,1,1,,1208
53408.5,-0.194,-0.038,-0.052,0.445,-0.038,-0.27,10.045,329.27,34.12,11,0,0,41.021746,345.27,,1,1,1,1,,1208.5
53409,-0.11,-0.147,0.193,0.46,-0.003,-0.176,9.937,329.27,34.12,11,0,0,41.021746,345.27,,1,1,1,1,,1209
53409.5,-0.033,-0.273,0.39,0.403,0.057,-0.069,9.781,329.27,34.12,9.7,0,0,41.021746,343.97,,1,1,1,1,,1209.5
53410,0.03,-0.391,0.511,0.281,0.1,0.016,9.656,329.27,34.12,9.7,0,0,41.021746,343.97,,1,1,1,1,,1210
53410.5,0.068,-0.487,0.541,0.123,0.15,0.096,9.548,329.47,33.2,9.1,0,0,39.915649,343.57,,1,1,1,1,,1210.5
53411,0.08,-0.546,0.481,-0.049,0.17,0.166,9.496,329.47,33.2,9.1,0,0,39.915649,343.57,,1,1,1,1,,1211
53411.5,0.065,-0.563,0.346,-0.198,0.161,0.234,9.513,329.57,34.12,2.6,0,0,41.021746,337.17,,1,1,1,1,,1211.5
53412,0.023,-0.537,0.165,-0.309,0.156,0.273,9.566,329.57,34.12,2.6,0,0,41.021746,337.17,,1,1,1,1,,1212
53412.5,-0.041,-0.472,-0.029,-0.352,0.114,0.268,9.678,329.77,35.04,1.9,0,0,42.127842,336.67,,1,1,1,1,,1212.5
53413,-0.116,-0.385,-0.2,-0.336,0.076,0.239,9.787,329.77,35.04,1.9,0,0,42.127842,336.67,,1,1,1,1,,1213
53413.5,-0.194,-0.285,-0.321,-0.257,0.025,0.107,9.912,329.77,34.12,1,0,0,41.021746,335.77,,1,1,1,1,,1213.5
53414,-0.264,-0.192,-0.375,-0.146,-0.006,-0.037,9.987,329.77,34.12,1,0,0,41.021746,335.77,,1,1,1,1,,1214
53414.5,-0.311,-0.117,-0.358,-0.014,-0.032,-0.166,10.052,329.67,35.97,1.1,0,0,43.245961,335.77,,1,1,1,1,,1214.5
53415,-0.328,-0.069,-0.278,0.109,-0.034,-0.284,10.052,329.67,35.97,1.1,0,0,43.245961,335.77,,1,1,1,1,,1215
53415.5,-0.315,-0.055,-0.153,0.211,-0.045,-0.324,10.041,329.57,35.97,5.7,0,0,43.245961,340.27,,1,1,1,1,,1215.5
53416,-0.273,-0.077,-0.005,0.27,-0.023,-0.278,9.962,329.57,35.97,5.7,0,0,43.245961,340.27,,1,1,1,1,,1216
53416.5,-0.211,-0.126,0.136,0.279,-0.001,-0.179,9.892,329.47,37.07,7.7,0,0,44.568467,342.17,,1,1,1,1,,1216.5
53417,-0.131,-0.193,0.249,0.244,0.031,-0.074,9.801,329.47,37.07,7.7,0,0,44.568467,342.17,,1,1,1,1,,1217
53417.5,-0.043,-0.268,0.316,0.173,0.059,-0.019,9.735,329.47,37.07,8.2,0,0,44.568467,342.67,,1,1,1,1,,1217.5
53418,0.045,-0.341,0.334,0.09,0.086,0.025,9.692,329.47,37.07,8.2,0,0,44.568467,342.67,,1,1,1,1,,1218
53418.5,0.126,-0.404,0.303,0.002,0.099,0.015,9.676,329.57,37.07,6.7,0,0,44.568467,341.27,,1,1,1,1,,1218.5
53419,0.185,-0.449,0.234,-0.076,0.111,0.014,9.669,329.57,37.07,6.7,0,0,44.568467,341.27,,1,1,1,1,,1219
53419.5,0.213,-0.473,0.136,-0.146,0.126,0.029,9.666,329.67,37.07,7.5,0,0,44.568467,342.17,,1,1,1,1,,1219.5
53420,0.21,-0.474,0.023,-0.194,0.115,0.093,9.695,329.67,37.07,7.5,0,0,44.568467,342.17,,1,1,1,1,,1220
53420.5,0.176,-0.451,-0.092,-0.224,0.105,0.137,9.717,329.77,35.97,8.2,0,0,43.245961,342.97,,1,1,1,1,,1220.5
53421,0.114,-0.41,-0.197,-0.222,0.089,0.194,9.77,329.77,35.97,8.2,0,0,43.245961,342.97,,1,1,1,1,,1221
53421.5,0.031,-0.354,-0.276,-0.195,0.065,0.205,9.815,329.87,34.12,7.5,0,0,41.021746,342.37,,1,1,1,1,,1221.5
53422,-0.058,-0.292,-0.321,-0.141,0.023,0.173,9.892,329.87,34.12,7.5,0,0,41.021746,342.37,,1,1,1,1,,1222
53422.5,-0.145,-0.233,-0.326,-0.074,0.021,0.111,9.91,329.87,34.12,8.8,0,0,41.021746,343.67,,1,1,1,1,,1222.5
53423,-0.217,-0.181,-0.292,0.001,-0.004,0.042,9.948,329.87,34.12,8.8,0,0,41.021746,343.67,,1,1,1,1,,1223
53423.5,-0.271,-0.142,-0.225,0.072,-0.015,-0.05,9.949,329.97,33.2,7.7,0,0,39.915649,342.67,,1,1,1,1,,1223.5
53424,-0.297,-0.117,-0.134,0.129,-0.015,-0.095,9.946,329.97,33.2,7.7,0,0,39.915649,342.67,,1,1,1,1,,1224
53424.5,-0.298,-0.113,-0.031,0.168,-0.002,-0.119,9.92,329.77,33.2,5.2,0,0,39.915649,339.97,,1,1,1,1,,1224.5
53425,-0.282,-0.124,0.072,0.191,0.005,-0.148,9.905,329.77,33.2,5.2,0,0,39.915649,339.97,,1,1,1,1,,1225
53425.5,-0.247,-0.153,0.166,0.198,0.019,-0.172,9.877,329.77,33.2,6.8,0,0,39.915649,341.57,,1,1,1,1,,1225.5
53426,-0.201,-0.197,0.243,0.188,0.032,-0.195,9.857,329.77,33.2,6.8,0,0,39.915649,341.57,,1,1,1,1,,1226
53426.5,-0.146,-0.254,0.299,0.168,0.046,-0.185,9.827,329.67,34.12,7.9,0,0,41.021746,342.57,,1,1,1,1,,1226.5
53427,-0.088,-0.317,0.329,0.129,0.06,-0.143,9.793,329.67,34.12,7.9,0,0,41.021746,342.57,,1,1,1,1,,1227
53427.5,-0.037,-0.381,0.329,0.08,0.082,-0.089,9.752,329.67,33.2,6.7,0,0,39.915649,341.37,,1,1,1,1,,1227.5
53428,0.005,-0.437,0.298,0.015,0.099,-0.033,9.705,329.67,33.2,6.7,0,0,39.915649,341.37,,1,1,1,1,,1228
53428.5,0.031,-0.481,0.234,-0.059,0.109,0.031,9.681,329.77,33.2,7.4,0,0,39.915649,342.17,,1,1,1,1,,1228.5
53429,0.05,-0.504,0.14,-0.136,0.128,0.062,9.648,329.77,33.2,7.4,0,0,39.915649,342.17,,1,1,1,1,,1229
53429.5,0.057,-0.509,0.022,-0.208,0.129,0.076,9.631,329.87,34.12,7.9,0,0,41.021746,342.77,,1,1,1,1,,1229.5
53430,0.057,-0.487,-0.111,-0.273,0.128,0.087,9.624,329.87,34.12,7.9,0,0,41.021746,342.77,,1,1,1,1,,1230
53430.5,0.044,-0.438,-0.251,-0.323,0.117,0.079,9.64,329.97,34.12,9.1,0,0,41.021746,344.07,,1,1,1,1,,1230.5
53431,0.021,-0.363,-0.385,-0.345,0.096,0.099,9.679,329.97,34.12,9.1,0,0,41.021746,344.07,,1,1,1,1,,1231
53431.5,-0.008,-0.268,-0.495,-0.329,0.061,0.144,9.754,329.97,33.2,10.3,0,0,39.915649,345.27,,1,1,1,1,,1231.5
53432,-0.042,-0.163,-0.564,-0.264,0.012,0.196,9.869,329.97,33.2,10.3,0,0,39.915649,345.27,,1,1,1,1,,1232
53432.5,-0.072,-0.062,-0.572,-0.148,-0.028,0.167,9.987,329.97,34.12,10.9,0,0,41.021746,345.87,,1,1,1,1,,1232.5
53433,-0.101,0.02,-0.504,0.014,-0.073,0.125,10.117,329.97,34.12,10.9,0,0,41.021746,345.87,,1,1,1,1,,1233
53433.5,-0.116,0.068,-0.356,0.202,-0.102,0.007,10.204,329.87,33.2,9.2,0,0,39.915649,344.07,,1,1,1,1,,1233.5
53434,-0.117,0.072,-0.136,0.388,-0.115,-0.115,10.251,329.87,33.2,9.2,0,0,39.915649,344.07,,1,1,1,1,,1234
53434.5,-0.097,0.026,0.137,0.548,-0.107,-0.175,10.241,329.77,32.28,0.1,0,0,38.809553,334.87,,1,1,1,1,,1234.5
53435,-0.061,-0.068,0.43,0.65,-0.076,-0.203,10.172,329.77,32.28,0.1,0,0,38.809553,334.87,,1,1,1,1,,1235
53435.5,-0.013,-0.203,0.706,0.68,-0.017,-0.219,10.041,329.77,30.43,8.8,0,0,36.585338,343.57,,1,1,1,1,,1235.5
53436,0.038,-0.364,0.925,0.622,0.048,-0.211,9.873,329.77,30.43,8.8,0,0,36.585338,343.57,,1,1,1,1,,1236
53436.5,0.083,-0.535,1.052,0.483,0.101,-0.147,9.705,329.67,30.43,8.5,0,0,36.585338,343.17,,1,1,1,1,,1236.5
53437,0.116,-0.7,1.063,0.266,0.171,-0.092,9.493,329.67,30.43,8.5,0,0,36.585338,343.17,,1,1,1,1,,1237
53437.5,0.134,-0.83,0.939,-0.014,0.227,-0.026,9.322,329.77,31.35,14.8,0,0,37.691434,349.57,,1,1,1,1,,1237.5
53438,0.135,-0.906,0.682,-0.316,0.269,0.073,9.195,329.77,31.35,14.8,0,0,37.691434,349.57,,1,1,1,1,,1238
53438.5,0.115,-0.912,0.31,-0.611,0.278,0.106,9.144,329.87,31.35,15.2,0,0,37.691434,350.07,,1,1,1,1,,1238.5
53439,0.079,-0.843,-0.138,-0.85,0.261,0.204,9.181,329.87,31.35,15.2,0,0,37.691434,350.07,,1,1,1,1,,1239
53439.5,0.029,-0.7,-0.614,-1.01,0.236,0.246,9.272,330.07,32.28,8.8,0,0,38.809553,343.87,,1,1,1,1,,1239.5
53440,-0.033,-0.495,-1.061,-1.056,0.163,0.273,9.465,330.07,32.28,8.8,0,0,38.809553,343.87,,1,1,1,1,,1240
53440.5,-0.1,-0.25,-1.424,-0.989,0.093,0.235,9.676,330.17,32.28,9.3,0,0,38.809553,344.47,,1,1,1,1,,1240.5
53441,-0.167,0.008,-1.653,-0.799,0,0.182,9.944,330.17,32.28,9.3,0,0,38.809553,344.47,,1,1,1,1,,1241
53441.5,-0.23,0.251,-1.712,-0.507,-0.084,0.045,10.189,330.07,31.35,7.6,0,0,37.691434,342.67,,1,1,1,1,,1241.5
53442,-0.28,0.452,-1.582,-0.136,-0.173,-0.117,10.424,330.07,31.35,7.6,0,0,37.691434,342.67,,1,1,1,1,,1242
53442.5,-0.303,0.584,-1.264,0.265,-0.225,-0.215,10.567,329.97,32.28,4.4,0,0,38.809553,339.37,,1,1,1,1,,1242.5
53443,-0.297,0.628,-0.787,0.66,-0.271,-0.295,10.664,329.97,32.28,4.4,0,0,38.809553,339.37,,1,1,1,1,,1243
53443.5,-0.257,0.576,-0.191,1.007,-0.275,-0.31,10.66,329.77,34.12,11.4,0,0,41.021746,346.17,,1,1,1,1,,1243.5
53444,-0.185,0.426,0.463,1.26,-0.247,-0.246,10.573,329.77,34.12,11.4,0,0,41.021746,346.17,,1,1,1,1,,1244
53444.5,-0.095,0.192,1.108,1.39,-0.18,-0.158,10.386,329.67,33.2,13.9,0,0,39.915649,348.57,,1,1,1,1,,1244.5
53445,0.005,-0.102,1.668,1.366,-0.077,-0.096,10.125,329.67,33.2,13.9,0,0,39.915649,348.57,,1,1,1,1,,1245
53445.5,0.097,-0.427,2.08,1.2,0.025,-0.027,9.84,329.77,34.12,12.8,0,0,41.021746,347.57,,1,1,1,1,,1245.5
53446,0.172,-0.748,2.291,0.895,0.141,0.022,9.53,329.77,34.12,12.8,0,0,41.021746,347.57,,1,1,1,1,,1246
53446.5,0.219,-1.029,2.271,0.491,0.255,0.07,9.261,329.87,33.2,11.6,0,0,39.915649,346.47,,1,1,1,1,,1246.5
53447,0.229,-1.242,2.015,0.018,0.355,0.104,9.017,329.87,33.2,11.6,0,0,39.915649,346.47,,1,1,1,1,,1247
53447.5,0.205,-1.361,1.54,-0.468,0.41,0.15,8.878,329.97,32.28,8.4,0,0,38.809553,343.37,,1,1,1,1,,1247.5
53448,0.151,-1.372,0.89,-0.92,0.426,0.185,8.821,329.97,32.28,8.4,0,0,38.809553,343.37,,1,1,1,1,,1248
53448.5,0.072,-1.268,0.127,-1.286,0.404,0.184,8.879,330.07,33.2,8.7,0,0,39.915649,343.77,,1,1,1,1,,1248.5
53449,-0.013,-1.066,-0.671,-1.524,0.348,0.152,9.032,330.07,33.2,8.7,0,0,39.915649,343.77,,1,1,1,1,,1249
53449.5,-0.095,-0.784,-1.419,-1.602,0.23,0.097,9.302,330.17,32.28,6.4,0,0,38.809553,341.57,,1,1,1,1,,1249.5
53450,-0.158,-0.449,-2.035,-1.507,0.109,0.051,9.611,330.17,32.28,6.4,0,0,38.809553,341.57,,1,1,1,1,,1250
53450.5,-0.196,-0.097,-2.45,-1.253,-0.008,0.036,9.935,330.17,32.28,6.1,0,0,38.809553,341.27,,1,1,1,1,,1250.5
53451,-0.212,0.234,-2.621,-0.87,-0.132,0.007,10.244,330.17,32.28,6.1,0,0,38.809553,341.27,,1,1,1,1,,1251
53451.5,-0.214,0.514,-2.527,-0.395,-0.24,-0.085,10.516,330.17,31.35,7.9,0,0,37.691434,343.07,,1,1,1,1,,1251.5
53452,-0.206,0.714,-2.177,0.115,-0.295,-0.132,10.685,330.17,31.35,7.9,0,0,37.691434,343.07,,1,1,1,1,,1252
53452.5,-0.193,0.814,-1.61,0.611,-0.341,-0.15,10.795,329.97,32.28,12.8,0,0,38.809553,347.77,,1,1,1,1,,1252.5
53453,-0.182,0.803,-0.881,1.046,-0.337,-0.166,10.785,329.97,32.28,12.8,0,0,38.809553,347.77,,1,1,1,1,,1253
53453.5,-0.17,0.687,-0.066,1.368,-0.298,-0.194,10.687,329.97,33.2,11.2,0,0,39.915649,346.17,,1,1,1,1,,1253.5
53454,-0.155,0.478,0.753,1.553,-0.23,-0.173,10.493,329.97,33.2,11.2,0,0,39.915649,346.17,,1,1,1,1,,1254
53454.5,-0.128,0.191,1.491,1.571,-0.129,-0.149,10.219,329.97,33.2,9.5,0,0,39.915649,344.47,,1,1,1,1,,1254.5
53455,-0.092,-0.134,2.072,1.423,-0.006,-0.112,9.909,329.97,33.2,9.5,0,0,39.915649,344.47,,1,1,1,1,,1255
53455.5,-0.041,-0.47,2.433,1.121,0.133,-0.04,9.564,329.97,32.28,7.1,0,0,38.809553,342.07,,1,1,1,1,,1255.5
53456,0.024,-0.775,2.538,0.706,0.238,0.019,9.285,329.97,32.28,7.1,0,0,38.809553,342.07,,1,1,1,1,,1256
53456.5,0.098,-1.025,2.379,0.219,0.329,0.045,9.045,330.07,31.35,8.4,0,0,37.691434,343.47,,1,1,1,1,,1256.5
53457,0.175,-1.187,1.975,-0.281,0.384,0.109,8.909,330.07,31.35,8.4,0,0,37.691434,343.47,,1,1,1,1,,1257
53457.5,0.249,-1.25,1.376,-0.735,0.406,0.196,8.879,330.17,31.35,4.8,0,0,37.691434,339.97,,1,1,1,1,,1257.5
53458,0.315,-1.212,0.654,-1.084,0.362,0.254,8.999,330.17,31.35,4.8,0,0,37.691434,339.97,,1,1,1,1,,1258
53458.5,0.372,-1.082,-0.104,-1.288,0.302,0.23,9.19,330.27,32.28,4.5,0,0,38.809553,339.77,,1,1,1,1,,1258.5
53459,0.415,-0.878,-0.812,-1.341,0.219,0.157,9.438,330.27,32.28,4.5,0,0,38.809553,339.77,,1,1,1,1,,1259
53459.5,0.438,-0.633,-1.395,-1.242,0.116,0.078,9.706,330.27,34.12,4.8,0,0,41.021746,340.07,,1,1,1,1,,1259.5
53460,0.441,-0.37,-1.799,-1.021,0.017,-0.006,9.963,330.27,34.12,4.8,0,0,41.021746,340.07,,1,1,1,1,,1260
53460.5,0.425,-0.12,-1.993,-0.706,-0.069,-0.036,10.183,330.17,34.12,5.7,0,0,41.021746,340.87,,1,1,1,1,,1260.5
53461,0.396,0.092,-1.97,-0.341,-0.142,-0.024,10.346,330.17,34.12,5.7,0,0,41.021746,340.87,,1,1,1,1,,1261
53461.5,0.359,0.25,-1.749,0.034,-0.194,-0.001,10.445,330.17,35.97,6.8,0,0,43.245961,341.97,,1,1,1,1,,1261.5
53462,0.323,0.345,-1.365,0.376,-0.207,0.05,10.465,330.17,35.97,6.8,0,0,43.245961,341.97,,1,1,1,1,,1262
53462.5,0.294,0.367,-0.87,0.659,-0.2,0.094,10.428,330.17,35.97,2.6,0,0,43.245961,337.77,,1,1,1,1,,1262.5
53463,0.273,0.324,-0.322,0.846,-0.156,0.105,10.299,330.17,35.97,2.6,0,0,43.245961,337.77,,1,1,1,1,,1263
53463.5,0.262,0.223,0.214,0.923,-0.1,0.105,10.136,330.17,35.04,6.3,0,0,42.127842,341.47,,1,1,1,1,,1263.5
53464,0.262,0.086,0.68,0.891,-0.025,0.114,9.942,330.17,35.04,6.3,0,0,42.127842,341.47,,1,1,1,1,,1264
53464.5,0.272,-0.074,1.031,0.759,0.05,0.109,9.754,330.27,35.97,6.2,0,0,43.245961,341.47,,1,1,1,1,,1264.5
53465,0.285,-0.238,1.238,0.556,0.113,0.083,9.594,330.27,35.97,6.2,0,0,43.245961,341.47,,1,1,1,1,,1265
53465.5,0.292,-0.384,1.29,0.305,0.177,0.06,9.453,330.27,35.97,4.8,0,0,43.245961,340.07,,1,1,1,1,,1265.5
53466,0.283,-0.502,1.196,0.043,0.2,0.032,9.387,330.27,35.97,4.8,0,0,43.245961,340.07,,1,1,1,1,,1266
53466.5,0.259,-0.579,0.979,-0.198,0.21,-0.005,9.374,330.27,35.04,4.8,0,0,42.127842,340.07,,1,1,1,1,,1266.5
53467,0.219,-0.614,0.679,-0.387,0.2,0.001,9.431,330.27,35.04,4.8,0,0,42.127842,340.07,,1,1,1,1,,1267
53467.5,0.165,-0.608,0.34,-0.502,0.174,0.019,9.529,330.27,35.04,5.4,0,0,42.127842,340.67,,1,1,1,1,,1267.5
53468,0.105,-0.569,0.01,-0.538,0.127,0.042,9.665,330.27,35.04,5.4,0,0,42.127842,340.67,,1,1,1,1,,1268
53468.5,0.041,-0.506,-0.27,-0.497,0.083,0.041,9.796,330.27,34.12,5.2,0,0,41.021746,340.47,,1,1,1,1,,1268.5
53469,-0.021,-0.433,-0.474,-0.398,0.044,0.06,9.914,330.27,34.12,5.2,0,0,41.021746,340.47,,1,1,1,1,,1269
53469.5,-0.078,-0.359,-0.586,-0.259,0.003,0.029,10.015,330.27,35.04,5.6,0,0,42.127842,340.87,,1,1,1,1,,1269.5
53470,-0.13,-0.294,-0.605,-0.106,-0.01,0.015,10.064,330.27,35.04,5.6,0,0,42.127842,340.87,,1,1,1,1,,1270
53470.5,-0.179,-0.247,-0.541,0.043,-0.017,-0.019,10.084,330.27,34.12,6.3,0,0,41.021746,341.57,,1,1,1,1,,1270.5
53471,-0.225,-0.219,-0.414,0.167,-0.023,-0.055,10.063,330.27,34.12,6.3,0,0,41.021746,341.57,,1,1,1,1,,1271
53471.5,-0.267,-0.213,-0.252,0.248,-0.012,-0.072,10.003,330.37,35.04,3.4,0,0,42.127842,338.77,,1,1,1,1,,1271.5
53472,-0.309,-0.222,-0.084,0.277,0.015,-0.103,9.91,330.37,35.04,3.4,0,0,42.127842,338.77,,1,1,1,1,,1272
53472.5,-0.34,-0.24,0.062,0.254,0.044,-0.071,9.814,330.47,33.2,6.7,0,0,39.915649,342.17,,1,1,1,1,,1272.5
53473,-0.357,-0.259,0.166,0.192,0.055,-0.069,9.737,330.47,33.2,6.7,0,0,39.915649,342.17,,1,1,1,1,,1273
53473.5,-0.356,-0.274,0.217,0.104,0.079,-0.074,9.675,330.37,33.2,5.5,0,0,39.915649,340.87,,1,1,1,1,,1273.5
53474,-0.337,-0.282,0.215,0.007,0.095,-0.032,9.639,330.37,33.2,5.5,0,0,39.915649,340.87,,1,1,1,1,,1274
53474.5,-0.299,-0.278,0.166,-0.08,0.081,-0.02,9.646,330.47,34.12,5.5,0,0,41.021746,340.97,,1,1,1,1,,1274.5
53475,-0.247,-0.267,0.084,-0.153,0.088,-0.009,9.654,330.47,34.12,5.5,0,0,41.021746,340.97,,1,1,1,1,,1275
53475.5,-0.185,-0.247,-0.015,-0.197,0.082,0.003,9.692,330.37,32.28,4.4,0,0,38.809553,339.77,,1,1,1,1,,1275.5
53476,-0.113,-0.224,-0.112,-0.207,0.06,-0.011,9.758,330.37,32.28,4.4,0,0,38.809553,339.77,,1,1,1,1,,1276
53476.5,-0.043,-0.206,-0.189,-0.178,0.035,-0.021,9.841,330.37,33.2,3.8,0,0,39.915649,339.17,,1,1,1,1,,1276.5
53477,0.018,-0.195,-0.23,-0.118,0.025,-0.054,9.898,330.37,33.2,3.8,0,0,39.915649,339.17,,1,1,1,1,,1277
53477.5,0.071,-0.197,-0.228,-0.032,-0.002,-0.075,9.981,330.27,32.28,7,0,0,38.809553,342.27,,1,1,1,1,,1277.5
53478,0.117,-0.216,-0.178,0.069,-0.002,-0.105,10.009,330.27,32.28,7,0,0,38.809553,342.27,,1,1,1,1,,1278
53478.5,0.157,-0.249,-0.088,0.161,-0.008,-0.071,10.026,330.27,32.28,6.8,0,0,38.809553,342.07,,1,1,1,1,,1278.5
53479,0.186,-0.29,0.03,0.235,0.01,0.003,10.001,330.27,32.28,6.8,0,0,38.809553,342.07,,1,1,1,1,,1279
53479.5,0.205,-0.338,0.155,0.268,0.047,0.079,9.936,330.27,31.35,6.6,0,0,37.691434,341.87,,1,1,1,1,,1279.5
53480,0.212,-0.388,0.268,0.263,0.073,0.213,9.855,330.27,31.35,6.6,0,0,37.691434,341.87,,1,1,1,1,,1280
53480.5,0.205,-0.428,0.343,0.198,0.111,0.303,9.736,330.37,34.12,5.7,0,0,41.021746,341.07,,1,1,1,1,,1280.5
53481,0.19,-0.448,0.363,0.094,0.134,0.32,9.643,330.37,34.12,5.7,0,0,41.021746,341.07,,1,1,1,1,,1281
53481.5,0.166,-0.447,0.317,-0.04,0.159,0.283,9.547,330.37,33.2,4.3,0,0,39.915649,339.67,,1,1,1,1,,1281.5
53482,0.131,-0.418,0.211,-0.171,0.138,0.175,9.545,330.37,33.2,4.3,0,0,39.915649,339.67,,1,1,1,1,,1282
53482.5,0.091,-0.365,0.061,-0.28,0.113,0.04,9.562,330.27,34.12,3.4,0,0,41.021746,338.67,,1,1,1,1,,1282.5
53483,0.05,-0.293,-0.109,-0.34,0.076,-0.103,9.639,330.27,34.12,3.4,0,0,41.021746,338.67,,1,1,1,1,,1283
53483.5,0.01,-0.215,-0.268,-0.348,0.047,-0.166,9.726,330.17,34.12,3,0,0,41.021746,338.17,,1,1,1,1,,1283.5
53484,-0.023,-0.137,-0.39,-0.297,-0.002,-0.198,9.859,330.17,34.12,3,0,0,41.021746,338.17,,1,1,1,1,,1284
53484.5,-0.044,-0.076,-0.451,-0.189,-0.034,-0.203,9.972,329.97,34.12,1.6,0,0,41.021746,336.57,,1,1,1,1,,1284.5
53485,-0.052,-0.039,-0.438,-0.048,-0.056,-0.19,10.072,329.97,34.12,1.6,0,0,41.021746,336.57,,1,1,1,1,,1285
53485.5,-0.042,-0.035,-0.35,0.109,-0.058,-0.142,10.131,329.97,35.04,4.1,0,0,42.127842,339.07,,1,1,1,1,,1285.5
53486,-0.017,-0.065,-0.198,0.256,-0.048,-0.099,10.149,329.97,35.04,4.1,0,0,42.127842,339.07,,1,1,1,1,,1286
53486.5,0.015,-0.133,-0.002,0.374,-0.026,-0.054,10.123,329.97,35.04,5,0,0,42.127842,339.97,,1,1,1,1,,1286.5
53487,0.049,-0.23,0.208,0.438,0.018,0.007,10.034,329.97,35.04,5,0,0,42.127842,339.97,,1,1,1,1,,1287
53487.5,0.07,-0.341,0.401,0.441,0.056,0.053,9.923,329.97,34.12,1.8,0,0,41.021746,336.77,,1,1,1,1,,1287.5
53488,0.068,-0.456,0.544,0.374,0.09,0.13,9.789,329.97,34.12,1.8,0,0,41.021746,336.77,,1,1,1,1,,1288
53488.5,0.039,-0.56,0.616,0.256,0.124,0.188,9.668,330.07,33.2,4,0,0,39.915649,339.07,,1,1,1,1,,1288.5
53489,-0.02,-0.633,0.601,0.088,0.168,0.215,9.533,330.07,33.2,4,0,0,39.915649,339.07,,1,1,1,1,,1289
53489.5,-0.096,-0.665,0.496,-0.098,0.182,0.203,9.462,330.07,32.28,6.2,0,0,38.809553,341.27,,1,1,1,1,,1289.5
53490,-0.188,-0.65,0.312,-0.283,0.185,0.152,9.417,330.07,32.28,6.2,0,0,38.809553,341.27,,1,1,1,1,,1290
53490.5,-0.279,-0.584,0.069,-0.434,0.153,0.066,9.456,330.07,32.28,4.9,0,0,38.809553,339.97,,1,1,1,1,,1290.5
53491,-0.358,-0.476,-0.198,-0.534,0.135,-0.043,9.514,330.07,32.28,4.9,0,0,38.809553,339.97,,1,1,1,1,,1291
53491.5,-0.411,-0.339,-0.454,-0.561,0.093,-0.078,9.64,329.97,32.28,359,0,0,38.809553,333.97,,1,1,1,1,,1291.5
53492,-0.433,-0.184,-0.662,-0.514,0.045,-0.133,9.781,329.97,32.28,359,0,0,38.809553,333.97,,1,1,1,1,,1292
53492.5,-0.419,-0.039,-0.792,-0.4,0.006,-0.181,9.921,329.77,32.28,2.9,0,0,38.809553,337.67,,1,1,1,1,,1292.5
53493,-0.366,0.084,-0.825,-0.231,-0.033,-0.189,10.052,329.77,32.28,2.9,0,0,38.809553,337.67,,1,1,1,1,,1293
53493.5,-0.281,0.167,-0.754,-0.03,-0.07,-0.19,10.158,329.57,32.28,6.8,0,0,38.809553,341.37,,1,1,1,1,,1293.5
53494,-0.17,0.2,-0.586,0.178,-0.097,-0.183,10.217,329.57,32.28,6.8,0,0,38.809553,341.37,,1,1,1,1,,1294
53494.5,-0.049,0.179,-0.34,0.364,-0.099,-0.168,10.217,329.47,33.2,7.1,0,0,39.915649,341.57,,1,1,1,1,,1294.5
53495,0.078,0.104,-0.048,0.507,-0.085,-0.155,10.173,329.47,33.2,7.1,0,0,39.915649,341.57,,1,1,1,1,,1295
53495.5,0.196,-0.015,0.256,0.588,-0.064,-0.12,10.094,329.47,33.2,4.1,0,0,39.915649,338.57,,1,1,1,1,,1295.5
53496,0.294,-0.165,0.535,0.605,-0.027,-0.023,9.994,329.47,33.2,4.1,0,0,39.915649,338.57,,1,1,1,1,,1296
53496.5,0.37,-0.33,0.758,0.553,0.031,0.052,9.86,329.47,33.2,3.3,0,0,39.915649,337.77,,1,1,1,1,,1296.5
53497,0.415,-0.496,0.9,0.443,0.083,0.137,9.738,329.47,33.2,3.3,0,0,39.915649,337.77,,1,1,1,1,,1297
53497.5,0.431,-0.644,0.945,0.285,0.137,0.222,9.615,329.47,35.04,2.7,0,0,42.127842,337.17,,1,1,1,1,,1297.5
53498,0.419,-0.757,0.889,0.099,0.173,0.268,9.53,329.47,35.04,2.7,0,0,42.127842,337.17,,1,1,1,1,,1298
53498.5,0.385,-0.825,0.739,-0.095,0.203,0.308,9.466,329.57,34.12,3.2,0,0,41.021746,337.77,,1,1,1,1,,1298.5
53499,0.337,-0.843,0.51,-0.28,0.218,0.291,9.44,329.57,34.12,3.2,0,0,41.021746,337.77,,1,1,1,1,,1299
53499.5,0.278,-0.807,0.227,-0.433,0.218,0.214,9.452,329.57,34.12,1.3,0,0,41.021746,335.87,,1,1,1,1,,1299.5
53500,0.221,-0.721,-0.08,-0.545,0.192,0.15,9.496,329.57,34.12,1.3,0,0,41.021746,335.87,,1,1,1,1,,1300
53500.5,0.17,-0.59,-0.383,-0.602,0.16,0.073,9.571,329.57,32.28,3.7,0,0,38.809553,338.27,,1,1,1,1,,1300.5
53501,0.137,-0.426,-0.65,-0.605,0.122,0.014,9.657,329.57,32.28,3.7,0,0,38.809553,338.27,,1,1,1,1,,1301
53501.5,0.125,-0.246,-0.857,-0.543,0.054,-0.058,9.796,329.47,32.28,4.3,0,0,38.809553,338.77,,1,1,1,1,,1301.5
53502,0.134,-0.072,-0.977,-0.418,-0.009,-0.076,9.928,329.47,32.28,4.3,0,0,38.809553,338.77,,1,1,1,1,,1302
53502.5,0.16,0.078,-0.995,-0.245,-0.073,-0.107,10.061,329.37,32.28,4.5,0,0,38.809553,338.87,,1,1,1,1,,1302.5
53503,0.198,0.188,-0.908,-0.045,-0.1,-0.147,10.132,329.37,32.28,4.5,0,0,38.809553,338.87,,1,1,1,1,,1303
53503.5,0.245,0.249,-0.727,0.153,-0.122,-0.077,10.184,329.17,32.28,5.2,0,0,38.809553,339.37,,1,1,1,1,,1303.5
53504,0.293,0.25,-0.473,0.331,-0.132,-0.029,10.19,329.17,32.28,5.2,0,0,38.809553,339.37,,1,1,1,1,,1304
53504.5,0.332,0.197,-0.176,0.463,-0.104,0.008,10.147,329.07,31.35,2.7,0,0,37.691434,336.77,,1,1,1,1,,1304.5
53505,0.359,0.094,0.133,0.551,-0.071,0.12,10.087,329.07,31.35,2.7,0,0,37.691434,336.77,,1,1,1,1,,1305
53505.5,0.365,-0.046,0.422,0.572,-0.028,0.184,9.983,328.97,32.28,2.9,0,0,38.809553,336.87,,1,1,1,1,,1305.5
53506,0.348,-0.209,0.66,0.54,0.012,0.181,9.893,328.97,32.28,2.9,0,0,38.809553,336.87,,1,1,1,1,,1306
53506.5,0.307,-0.376,0.826,0.445,0.083,0.173,9.749,328.97,32.28,358.9,0,0,38.809553,332.87,,1,1,1,1,,1306.5
53507,0.244,-0.531,0.9,0.309,0.121,0.149,9.664,328.97,32.28,358.9,0,0,38.809553,332.87,,1,1,1,1,,1307
53507.5,0.16,-0.658,0.879,0.138,0.178,0.084,9.553,328.97,31.35,2.8,0,0,37.691434,336.77,,1,1,1,1,,1307.5
53508,0.062,-0.739,0.765,-0.043,0.202,0.026,9.512,328.97,31.35,2.8,0,0,37.691434,336.77,,1,1,1,1,,1308
53508.5,-0.042,-0.771,0.574,-0.212,0.222,-0.039,9.476,329.07,30.43,6.6,0,0,36.585338,340.67,,1,1,1,1,,1308.5
53509,-0.142,-0.748,0.329,-0.348,0.199,-0.07,9.525,329.07,30.43,6.6,0,0,36.585338,340.67,,1,1,1,1,,1309
53509.5,-0.236,-0.682,0.064,-0.435,0.182,-0.105,9.571,329.07,29.33,8.2,0,0,35.262831,342.27,,1,1,1,1,,1309.5
53510,-0.312,-0.573,-0.193,-0.473,0.145,-0.118,9.65,329.07,29.33,8.2,0,0,35.262831,342.27,,1,1,1,1,,1310
53510.5,-0.363,-0.442,-0.416,-0.457,0.102,-0.129,9.735,328.97,31.35,8,0,0,37.691434,341.97,,1,1,1,1,,1310.5
53511,-0.389,-0.298,-0.584,-0.401,0.056,-0.119,9.824,328.97,31.35,8,0,0,37.691434,341.97,,1,1,1,1,,1311
53511.5,-0.386,-0.159,-0.683,-0.303,0.01,-0.103,9.908,328.97,32.28,6,0,0,38.809553,339.97,,1,1,1,1,,1311.5
53512,-0.358,-0.04,-0.708,-0.184,-0.031,-0.081,9.974,328.97,32.28,6,0,0,38.809553,339.97,,1,1,1,1,,1312
53512.5,-0.305,0.049,-0.656,-0.036,-0.082,-0.042,10.069,328.77,34.12,6.6,0,0,41.021746,340.37,,1,1,1,1,,1312.5
53513,-0.235,0.096,-0.53,0.124,-0.122,0.057,10.141,328.77,34.12,6.6,0,0,41.021746,340.37,,1,1,1,1,,1313
53513.5,-0.161,0.094,-0.338,0.291,-0.137,0.073,10.193,328.77,33.2,7.7,0,0,39.915649,341.47,,1,1,1,1,,1313.5
53514,-0.087,0.042,-0.093,0.436,-0.131,-0.006,10.191,328.77,33.2,7.7,0,0,39.915649,341.47,,1,1,1,1,,1314
53514.5,-0.02,-0.059,0.176,0.539,-0.101,-0.036,10.135,328.67,33.2,7.7,0,0,39.915649,341.37,,1,1,1,1,,1314.5
53515,0.033,-0.193,0.435,0.568,-0.034,-0.051,10.003,328.67,33.2,7.7,0,0,39.915649,341.37,,1,1,1,1,,1315
53515.5,0.074,-0.346,0.645,0.514,0.049,-0.08,9.834,328.57,32.28,5.9,0,0,38.809553,339.47,,1,1,1,1,,1315.5
53516,0.101,-0.498,0.769,0.369,0.135,-0.068,9.633,328.57,32.28,5.9,0,0,38.809553,339.47,,1,1,1,1,,1316
53516.5,0.119,-0.621,0.779,0.156,0.206,-0.006,9.459,328.67,32.28,4.3,0,0,38.809553,337.97,,1,1,1,1,,1316.5
53517,0.132,-0.698,0.663,-0.109,0.268,0.061,9.298,328.67,32.28,4.3,0,0,38.809553,337.97,,1,1,1,1,,1317
53517.5,0.143,-0.714,0.427,-0.381,0.291,0.111,9.231,328.57,32.28,5.7,0,0,38.809553,339.27,,1,1,1,1,,1317.5
53518,0.158,-0.66,0.098,-0.619,0.288,0.145,9.23,328.57,32.28,5.7,0,0,38.809553,339.27,,1,1,1,1,,1318
53518.5,0.181,-0.546,-0.278,-0.774,0.223,0.102,9.369,328.57,31.35,6.8,0,0,37.691434,340.37,,1,1,1,1,,1318.5
53519,0.203,-0.385,-0.64,-0.809,0.135,0.029,9.571,328.57,31.35,6.8,0,0,37.691434,340.37,,1,1,1,1,,1319
53519.5,0.22,-0.199,-0.927,-0.716,0.026,-0.01,9.833,328.47,32.28,4.7,0,0,38.809553,338.17,,1,1,1,1,,1319.5
53520,0.227,-0.021,-1.086,-0.503,-0.075,0.009,10.088,328.47,32.28,4.7,0,0,38.809553,338.17,,1,1,1,1,,1320
53520.5,0.222,0.127,-1.087,-0.208,-0.151,0.042,10.306,328.47,33.2,4.9,0,0,39.915649,338.37,,1,1,1,1,,1320.5
53521,0.206,0.223,-0.922,0.127,-0.198,0.074,10.44,328.47,33.2,4.9,0,0,39.915649,338.37,,1,1,1,1,,1321
53521.5,0.179,0.249,-0.613,0.45,-0.202,0.087,10.484,328.37,33.2,4.7,0,0,39.915649,338.07,,1,1,1,1,,1321.5
53522,0.155,0.203,-0.201,0.713,-0.182,0.029,10.433,328.37,33.2,4.7,0,0,39.915649,338.07,,1,1,1,1,,1322
53522.5,0.136,0.091,0.254,0.876,-0.127,-0.057,10.306,328.27,34.12,5.3,0,0,41.021746,338.57,,1,1,1,1,,1322.5
53523,0.132,-0.073,0.692,0.93,-0.058,-0.123,10.127,328.27,34.12,5.3,0,0,41.021746,338.57,,1,1,1,1,,1323
53523.5,0.144,-0.269,1.053,0.863,0.029,-0.12,9.902,328.27,32.28,4.2,0,0,38.809553,337.47,,1,1,1,1,,1323.5
53524,0.161,-0.47,1.291,0.69,0.105,-0.041,9.675,328.27,32.28,4.2,0,0,38.809553,337.47,,1,1,1,1,,1324
53524.5,0.181,-0.65,1.372,0.424,0.184,0.076,9.451,328.27,33.2,3.7,0,0,39.915649,336.97,,1,1,1,1,,1324.5
53525,0.196,-0.784,1.283,0.104,0.24,0.177,9.287,328.27,33.2,3.7,0,0,39.915649,336.97,,1,1,1,1,,1325
53525.5,0.199,-0.858,1.032,-0.235,0.282,0.212,9.17,328.27,32.28,2.8,0,0,38.809553,336.07,,1,1,1,1,,1325.5
53526,0.187,-0.86,0.651,-0.542,0.281,0.202,9.165,328.27,32.28,2.8,0,0,38.809553,336.07,,1,1,1,1,,1326
53526.5,0.158,-0.792,0.186,-0.779,0.264,0.144,9.23,328.27,32.28,3,0,0,38.809553,336.27,,1,1,1,1,,1326.5
53527,0.114,-0.664,-0.3,-0.908,0.199,0.06,9.397,328.27,32.28,3,0,0,38.809553,336.27,,1,1,1,1,,1327
53527.5,0.056,-0.498,-0.746,-0.92,0.13,-0.005,9.592,328.17,31.35,2,0,0,37.691434,335.17,,1,1,1,1,,1327.5
53528,-0.015,-0.31,-1.096,-0.822,0.052,-0.046,9.8,328.17,31.35,2,0,0,37.691434,335.17,,1,1,1,1,,1328
53528.5,-0.093,-0.125,-1.31,-0.628,-0.022,-0.104,10.004,328.17,31.35,7.4,0,0,37.691434,340.57,,1,1,1,1,,1328.5
53529,-0.17,0.033,-1.369,-0.369,-0.085,-0.173,10.177,328.17,31.35,7.4,0,0,37.691434,340.57,,1,1,1,1,,1329
53529.5,-0.238,0.15,-1.268,-0.074,-0.141,-0.2,10.302,328.07,31.35,7,0,0,37.691434,340.07,,1,1,1,1,,1329.5
53530,-0.285,0.214,-1.025,0.218,-0.159,-0.185,10.356,328.07,31.35,7,0,0,37.691434,340.07,,1,1,1,1,,1330
53530.5,-0.307,0.221,-0.674,0.475,-0.164,-0.16,10.355,328.07,31.35,6.9,0,0,37.691434,339.97,,1,1,1,1,,1330.5
53531,-0.303,0.176,-0.258,0.66,-0.131,-0.105,10.27,328.07,31.35,6.9,0,0,37.691434,339.97,,1,1,1,1,,1331
53531.5,-0.273,0.082,0.168,0.761,-0.088,-0.046,10.152,328.07,31.35,6,0,0,37.691434,339.07,,1,1,1,1,,1331.5
53532,-0.226,-0.044,0.556,0.769,-0.026,0.006,9.996,328.07,31.35,6,0,0,37.691434,339.07,,1,1,1,1,,1332
53532.5,-0.166,-0.189,0.864,0.692,0.032,0.037,9.847,328.07,29.33,15.9,0,0,35.262831,348.97,,1,1,1,1,,1332.5
53533,-0.104,-0.338,1.063,0.546,0.094,0.045,9.689,328.07,29.33,15.9,0,0,35.262831,348.97,,1,1,1,1,,1333
53533.5,-0.048,-0.472,1.136,0.348,0.143,0.055,9.566,328.07,30.43,11.3,0,0,36.585338,344.37,,1,1,1,1,,1333.5
53534,-0.001,-0.581,1.083,0.122,0.182,0.052,9.463,328.07,30.43,11.3,0,0,36.585338,344.37,,1,1,1,1,,1334
53534.5,0.034,-0.653,0.914,-0.113,0.21,0.059,9.394,328.07,32.28,11.6,0,0,38.809553,344.67,,1,1,1,1,,1334.5
53535,0.055,-0.679,0.649,-0.33,0.217,0.067,9.366,328.07,32.28,11.6,0,0,38.809553,344.67,,1,1,1,1,,1335
53535.5,0.064,-0.659,0.319,-0.514,0.211,0.05,9.384,328.07,33.2,8.9,0,0,39.915649,341.97,,1,1,1,1,,1335.5
53536,0.061,-0.599,-0.041,-0.635,0.175,0.028,9.467,328.07,33.2,8.9,0,0,39.915649,341.97,,1,1,1,1,,1336
53536.5,0.054,-0.502,-0.388,-0.683,0.132,0.006,9.573,327.97,33.2,7.7,0,0,39.915649,340.67,,1,1,1,1,,1336.5
53537,0.042,-0.381,-0.683,-0.65,0.066,-0.005,9.727,327.97,33.2,7.7,0,0,39.915649,340.67,,1,1,1,1,,1337
53537.5,0.03,-0.251,-0.894,-0.547,0.025,-0.019,9.856,327.97,32.28,5,0,0,38.809553,337.97,,1,1,1,1,,1337.5
53538,0.019,-0.127,-1,-0.387,-0.038,-0.03,10.006,327.97,32.28,5,0,0,38.809553,337.97,,1,1,1,1,,1338
53538.5,0.01,-0.017,-0.99,-0.186,-0.066,-0.026,10.107,327.97,31.35,7.3,0,0,37.691434,340.27,,1,1,1,1,,1338.5
53539,0.002,0.063,-0.87,0.032,-0.098,-0.015,10.201,327.97,31.35,7.3,0,0,37.691434,340.27,,1,1,1,1,,1339
53539.5,-0.004,0.108,-0.652,0.25,-0.1,-0.024,10.241,327.97,31.35,15.2,0,0,37.691434,348.17,,1,1,1,1,,1339.5
53540,-0.004,0.113,-0.359,0.44,-0.101,-0.033,10.254,327.97,31.35,15.2,0,0,37.691434,348.17,,1,1,1,1,,1340
53540.5,0.001,0.077,-0.023,0.589,-0.079,-0.045,10.21,327.97,33.2,9.5,0,0,39.915649,342.47,,1,1,1,1,,1340.5
53541,0.014,0.002,0.319,0.67,-0.046,-0.066,10.121,327.97,33.2,9.5,0,0,39.915649,342.47,,1,1,1,1,,1341
53541.5,0.036,-0.104,0.629,0.68,-0.006,-0.065,9.997,327.87,32.28,11.1,0,0,38.809553,343.97,,1,1,1,1,,1341.5
53542,0.063,-0.23,0.87,0.607,0.044,-0.043,9.835,327.87,32.28,11.1,0,0,38.809553,343.97,,1,1,1,1,,1342
53542.5,0.085,-0.361,1.014,0.466,0.086,-0.017,9.688,327.87,31.35,9.2,0,0,37.691434,342.07,,1,1,1,1,,1342.5
53543,0.101,-0.483,1.042,0.265,0.133,0.028,9.533,327.87,31.35,9.2,0,0,37.691434,342.07,,1,1,1,1,,1343
53543.5,0.107,-0.579,0.948,0.035,0.159,0.083,9.439,327.87,30.43,4.7,0,0,36.585338,337.57,,1,1,1,1,,1343.5
53544,0.101,-0.641,0.747,-0.195,0.176,0.09,9.387,327.87,30.43,4.7,0,0,36.585338,337.57,,1,1,1,1,,1344
53544.5,0.076,-0.659,0.463,-0.388,0.17,0.078,9.419,327.97,31.35,6.5,0,0,37.691434,339.47,,1,1,1,1,,1344.5
53545,0.04,-0.641,0.137,-0.519,0.157,0.036,9.485,327.97,31.35,6.5,0,0,37.691434,339.47,,1,1,1,1,,1345
53545.5,0,-0.587,-0.19,-0.586,0.132,-0.036,9.585,327.97,30.43,9.8,0,0,36.585338,342.77,,1,1,1,1,,1345.5
53546,-0.041,-0.507,-0.482,-0.586,0.106,-0.092,9.685,327.97,30.43,9.8,0,0,36.585338,342.77,,1,1,1,1,,1346
53546.5,-0.076,-0.411,-0.714,-0.537,0.084,-0.087,9.773,328.07,31.35,5.9,0,0,37.691434,338.97,,1,1,1,1,,1346.5
53547,-0.105,-0.306,-0.87,-0.445,0.055,-0.044,9.86,328.07,31.35,5.9,0,0,37.691434,338.97,,1,1,1,1,,1347
53547.5,-0.127,-0.2,-0.941,-0.328,0.034,0.005,9.916,328.07,31.35,7,0,0,37.691434,340.07,,1,1,1,1,,1347.5
53548,-0.14,-0.101,-0.93,-0.196,0.004,0.073,9.974,328.07,31.35,7,0,0,37.691434,340.07,,1,1,1,1,,1348
53548.5,-0.138,-0.017,-0.844,-0.06,-0.018,0.121,10.013,328.07,31.35,9.3,0,0,37.691434,342.37,,1,1,1,1,,1348.5
53549,-0.129,0.05,-0.695,0.078,-0.042,0.116,10.054,328.07,31.35,9.3,0,0,37.691434,342.37,,1,1,1,1,,1349
53549.5,-0.117,0.093,-0.492,0.212,-0.064,0.079,10.084,327.97,31.35,10.9,0,0,37.691434,343.87,,1,1,1,1,,1349.5
53550,-0.103,0.107,-0.252,0.331,-0.075,0.03,10.099,327.97,31.35,10.9,0,0,37.691434,343.87,,1,1,1,1,,1350
53550.5,-0.096,0.09,0.009,0.43,-0.068,-0.043,10.089,327.87,31.35,11.4,0,0,37.691434,344.27,,1,1,1,1,,1350.5
53551,-0.096,0.04,0.27,0.492,-0.046,-0.069,10.039,327.87,31.35,11.4,0,0,37.691434,344.27,,1,1,1,1,,1351
53551.5,-0.112,-0.035,0.509,0.509,-0.022,-0.071,9.977,327.87,33.2,12.1,0,0,39.915649,344.97,,1,1,1,1,,1351.5
53552,-0.14,-0.129,0.704,0.477,0.021,-0.106,9.877,327.87,33.2,12.1,0,0,39.915649,344.97,,1,1,1,1,,1352
53552.5,-0.177,-0.238,0.833,0.396,0.063,-0.123,9.78,327.87,34.12,10.6,0,0,41.021746,343.47,,1,1,1,1,,1352.5
53553,-0.216,-0.347,0.884,0.274,0.105,-0.159,9.672,327.87,34.12,10.6,0,0,41.021746,343.47,,1,1,1,1,,1353
53553.5,-0.249,-0.446,0.85,0.123,0.126,-0.169,9.602,327.87,32.28,11.4,0,0,38.809553,344.27,,1,1,1,1,,1353.5
53554,-0.268,-0.524,0.736,-0.036,0.151,-0.147,9.545,327.87,32.28,11.4,0,0,38.809553,344.27,,1,1,1,1,,1354
53554.5,-0.27,-0.574,0.555,-0.184,0.148,-0.144,9.539,327.97,32.28,6.4,0,0,38.809553,339.37,,1,1,1,1,,1354.5
53555,-0.255,-0.594,0.332,-0.292,0.131,-0.109,9.578,327.97,32.28,6.4,0,0,38.809553,339.37,,1,1,1,1,,1355
53555.5,-0.225,-0.584,0.095,-0.359,0.109,-0.074,9.642,327.97,31.35,7.2,0,0,37.691434,340.17,,1,1,1,1,,1355.5
53556,-0.185,-0.547,-0.13,-0.376,0.087,-0.052,9.721,327.97,31.35,7.2,0,0,37.691434,340.17,,1,1,1,1,,1356
53556.5,-0.141,-0.492,-0.318,-0.351,0.073,0.004,9.787,328.07,33.2,9.6,0,0,39.915649,342.67,,1,1,1,1,,1356.5
53557,-0.101,-0.424,-0.454,-0.292,0.046,0.024,9.86,328.07,33.2,9.6,0,0,39.915649,342.67,,1,1,1,1,,1357
53557.5,-0.065,-0.351,-0.531,-0.208,0.028,0.08,9.914,328.07,33.2,11,0,0,39.915649,344.07,,1,1,1,1,,1357.5
53558,-0.037,-0.281,-0.548,-0.117,0.015,0.106,9.937,328.07,33.2,11,0,0,39.915649,344.07,,1,1,1,1,,1358
53558.5,-0.018,-0.218,-0.514,-0.035,0.012,0.127,9.938,328.07,32.28,9.8,0,0,38.809553,342.87,,1,1,1,1,,1358.5
53559,-0.009,-0.166,-0.442,0.035,0.008,0.124,9.929,328.07,32.28,9.8,0,0,38.809553,342.87,,1,1,1,1,,1359
53559.5,-0.012,-0.127,-0.346,0.084,0.01,0.136,9.9,328.17,32.28,7,0,0,38.809553,340.17,,1,1,1,1,,1359.5
53560,-0.024,-0.104,-0.242,0.106,0.015,0.156,9.86,328.17,32.28,7,0,0,38.809553,340.17,,1,1,1,1,,1360
53560.5,-0.041,-0.092,-0.147,0.1,0.031,0.146,9.802,328.07,29.33,5.1,0,0,35.262831,338.17,,1,1,1,1,,1360.5
53561,-0.057,-0.09,-0.071,0.071,0.043,0.128,9.757,328.07,29.33,5.1,0,0,35.262831,338.17,,1,1,1,1,,1361
53561.5,-0.073,-0.093,-0.021,0.031,0.049,0.043,9.735,328.07,28.4,4.1,0,0,34.144712,337.17,,1,1,1,1,,1361.5
53562,-0.08,-0.101,0.005,0,0.04,-0.055,9.755,328.07,28.4,4.1,0,0,34.144712,337.17,,1,1,1,1,,1362
53562.5,-0.082,-0.112,0.015,-0.02,0.046,-0.193,9.771,327.97,29.33,0.4,0,0,35.262831,333.37,,1,1,1,1,,1362.5
53563,-0.074,-0.125,0.021,-0.014,0.027,-0.305,9.832,327.97,29.33,0.4,0,0,35.262831,333.37,,1,1,1,1,,1363
53563.5,-0.059,-0.146,0.033,0.01,0.023,-0.371,9.864,327.97,28.4,5.2,0,0,34.144712,338.17,,1,1,1,1,,1363.5
53564,-0.045,-0.17,0.058,0.054,0.005,-0.342,9.924,327.97,28.4,5.2,0,0,34.144712,338.17,,1,1,1,1,,1364
53564.5,-0.03,-0.203,0.103,0.107,0.01,-0.236,9.941,327.87,29.33,4.7,0,0,35.262831,337.57,,1,1,1,1,,1364.5
53565,-0.021,-0.243,0.164,0.159,0.005,-0.104,9.96,327.87,29.33,4.7,0,0,35.262831,337.57,,1,1,1,1,,1365
53565.5,-0.018,-0.287,0.236,0.195,0.022,0.035,9.932,327.97,28.4,9.3,0,0,34.144712,342.27,,1,1,1,1,,1365.5
53566,-0.022,-0.336,0.304,0.204,0.044,0.174,9.892,327.97,28.4,9.3,0,0,34.144712,342.27,,1,1,1,1,,1366
53566.5,-0.033,-0.383,0.357,0.188,0.064,0.221,9.834,328.07,28.4,14.9,0,0,34.144712,347.97,,1,1,1,1,,1366.5
53567,-0.045,-0.423,0.38,0.139,0.082,0.247,9.773,328.07,28.4,14.9,0,0,34.144712,347.97,,1,1,1,1,,1367
53567.5,-0.059,-0.453,0.368,0.072,0.092,0.206,9.725,328.27,29.33,13.1,0,0,35.262831,346.37,,1,1,1,1,,1367.5
53568,-0.072,-0.465,0.316,-0.012,0.112,0.13,9.672,328.27,29.33,13.1,0,0,35.262831,346.37,,1,1,1,1,,1368
53568.5,-0.093,-0.46,0.228,-0.093,0.106,0.067,9.662,328.27,30.43,11.1,0,0,36.585338,344.37,,1,1,1,1,,1368.5
53569,-0.118,-0.438,0.114,-0.164,0.095,0.017,9.665,328.27,30.43,11.1,0,0,36.585338,344.37,,1,1,1,1,,1369
53569.5,-0.153,-0.402,-0.014,-0.209,0.079,0.018,9.703,328.27,28.4,5.7,0,0,34.144712,338.97,,1,1,1,1,,1369.5
53570,-0.2,-0.357,-0.137,-0.227,0.066,-0.021,9.737,328.27,28.4,5.7,0,0,34.144712,338.97,,1,1,1,1,,1370
53570.5,-0.259,-0.309,-0.242,-0.216,0.041,-0.06,9.795,328.27,28.4,5.4,0,0,34.144712,338.67,,1,1,1,1,,1370.5
53571,-0.324,-0.261,-0.318,-0.183,0.032,-0.175,9.827,328.27,28.4,5.4,0,0,34.144712,338.67,,1,1,1,1,,1371
53571.5,-0.392,-0.22,-0.361,-0.141,0.025,-0.243,9.85,328.17,29.33,6.9,0,0,35.262831,340.07,,1,1,1,1,,1371.5
53572,-0.452,-0.184,-0.371,-0.095,0.021,-0.261,9.862,328.17,29.33,6.9,0,0,35.262831,340.07,,1,1,1,1,,1372
53572.5,-0.497,-0.158,-0.354,-0.053,0.025,-0.25,9.862,328.17,31.35,12.2,0,0,37.691434,345.37,,1,1,1,1,,1372.5
53573,-0.52,-0.141,-0.316,-0.015,0.028,-0.19,9.86,328.17,31.35,12.2,0,0,37.691434,345.37,,1,1,1,1,,1373
53573.5,-0.522,-0.13,-0.264,0.012,0.031,-0.101,9.853,328.17,30.43,1.6,0,0,36.585338,334.77,,1,1,1,1,,1373.5
53574,-0.502,-0.125,-0.202,0.039,0.025,-0.021,9.859,328.17,30.43,1.6,0,0,36.585338,334.77,,1,1,1,1,,1374
53574.5,-0.461,-0.121,-0.136,0.057,0.025,0.005,9.856,328.27,31.35,9.5,0,0,37.691434,342.77,,1,1,1,1,,1374.5
53575,-0.403,-0.122,-0.069,0.077,0.023,0.027,9.867,328.27,31.35,9.5,0,0,37.691434,342.77,,1,1,1,1,,1375
53575.5,-0.335,-0.13,0,0.097,0.017,0.005,9.871,328.27,33.2,8.7,0,0,39.915649,341.97,,1,1,1,1,,1375.5
53576,-0.268,-0.144,0.068,0.121,0.002,0.001,9.901,328.27,33.2,8.7,0,0,39.915649,341.97,,1,1,1,1,,1376
53576.5,-0.205,-0.167,0.138,0.143,0.013,-0.026,9.895,328.27,33.2,8.4,0,0,39.915649,341.67,,1,1,1,1,,1376.5
53577,-0.16,-0.198,0.205,0.162,0.012,-0.027,9.905,328.27,33.2,8.4,0,0,39.915649,341.67,,1,1,1,1,,1377
53577.5,-0.135,-0.242,0.267,0.173,0.026,-0.042,9.885,328.27,33.2,8.3,0,0,39.915649,341.57,,1,1,1,1,,1377.5
53578,-0.134,-0.291,0.317,0.168,0.037,-0.052,9.868,328.27,33.2,8.3,0,0,39.915649,341.57,,1,1,1,1,,1378
53578.5,-0.157,-0.343,0.351,0.15,0.061,-0.062,9.829,328.37,33.2,7.2,0,0,39.915649,340.57,,1,1,1,1,,1378.5
53579,-0.201,-0.391,0.362,0.113,0.08,-0.05,9.787,328.37,33.2,7.2,0,0,39.915649,340.57,,1,1,1,1,,1379
53579.5,-0.254,-0.434,0.345,0.062,0.088,-0.099,9.748,328.37,32.28,6.7,0,0,38.809553,340.07,,1,1,1,1,,1379.5
53580,-0.315,-0.462,0.295,-0.016,0.123,-0.101,9.671,328.37,32.28,6.7,0,0,38.809553,340.07,,1,1,1,1,,1380
53580.5,-0.369,-0.473,0.209,-0.105,0.133,-0.084,9.627,328.37,32.28,6.7,0,0,38.809553,340.07,,1,1,1,1,,1380.5
53581,-0.406,-0.462,0.088,-0.201,0.13,-0.066,9.586,328.37,32.28,6.7,0,0,38.809553,340.07,,1,1,1,1,,1381
53581.5,-0.418,-0.421,-0.059,-0.281,0.11,-0.051,9.607,328.47,32.28,10,0,0,38.809553,343.47,,1,1,1,1,,1381.5
53582,-0.401,-0.357,-0.216,-0.337,0.101,-0.009,9.627,328.47,32.28,10,0,0,38.809553,343.47,,1,1,1,1,,1382
53582.5,-0.356,-0.278,-0.364,-0.349,0.06,0.031,9.712,328.57,33.2,9,0,0,39.915649,342.57,,1,1,1,1,,1382.5
53583,-0.287,-0.191,-0.479,-0.315,0.027,0.042,9.798,328.57,33.2,9,0,0,39.915649,342.57,,1,1,1,1,,1383
53583.5,-0.2,-0.104,-0.545,-0.234,-0.013,0.033,9.91,328.57,32.28,8.2,0,0,38.809553,341.77,,1,1,1,1,,1383.5
53584,-0.106,-0.035,-0.545,-0.112,-0.037,0.001,10,328.57,32.28,8.2,0,0,38.809553,341.77,,1,1,1,1,,1384
53584.5,-0.014,0.012,-0.474,0.03,-0.053,-0.042,10.076,328.47,32.28,5.1,0,0,38.809553,338.57,,1,1,1,1,,1384.5
53585,0.066,0.027,-0.339,0.175,-0.06,-0.075,10.113,328.47,32.28,5.1,0,0,38.809553,338.57,,1,1,1,1,,1385
53585.5,0.123,0.014,-0.154,0.303,-0.055,-0.071,10.113,328.47,30.43,9.7,0,0,36.585338,343.17,,1,1,1,1,,1385.5
53586,0.153,-0.034,0.058,0.395,-0.036,-0.043,10.073,328.47,30.43,9.7,0,0,36.585338,343.17,,1,1,1,1,,1386
53586.5,0.148,-0.107,0.272,0.443,-0.016,-0.03,10.006,328.37,32.28,9.9,0,0,38.809553,343.27,,1,1,1,1,,1386.5
53587,0.114,-0.201,0.463,0.447,-0.005,0.029,9.941,328.37,32.28,9.9,0,0,38.809553,343.27,,1,1,1,1,,1387
53587.5,0.05,-0.306,0.611,0.402,0.031,0.084,9.841,328.47,32.28,10.4,0,0,38.809553,343.87,,1,1,1,1,,1387.5
53588,-0.035,-0.411,0.697,0.315,0.064,0.098,9.752,328.47,32.28,10.4,0,0,38.809553,343.87,,1,1,1,1,,1388
53588.5,-0.127,-0.507,0.71,0.185,0.109,0.092,9.64,328.67,33.2,8.6,0,0,39.915649,342.27,,1,1,1,1,,1388.5
53589,-0.215,-0.58,0.643,0.029,0.14,0.041,9.559,328.67,33.2,8.6,0,0,39.915649,342.27,,1,1,1,1,,1389
53589.5,-0.285,-0.624,0.499,-0.143,0.18,-0.037,9.474,328.67,32.28,8,0,0,38.809553,341.67,,1,1,1,1,,1389.5
53590,-0.331,-0.627,0.287,-0.318,0.203,-0.123,9.427,328.67,32.28,8,0,0,38.809553,341.67,,1,1,1,1,,1390
53590.5,-0.347,-0.587,0.024,-0.472,0.203,-0.153,9.424,328.77,31.35,3.7,0,0,37.691434,337.47,,1,1,1,1,,1390.5
53591,-0.339,-0.508,-0.267,-0.591,0.192,-0.15,9.459,328.77,31.35,3.7,0,0,37.691434,337.47,,1,1,1,1,,1391
53591.5,-0.306,-0.388,-0.553,-0.644,0.151,-0.126,9.561,328.77,31.35,359.2,0,0,37.691434,332.97,,1,1,1,1,,1391.5
53592,-0.257,-0.249,-0.797,-0.621,0.084,-0.089,9.707,328.77,31.35,359.2,0,0,37.691434,332.97,,1,1,1,1,,1392
53592.5,-0.202,-0.101,-0.962,-0.507,-0.004,-0.069,9.908,328.67,30.43,1.5,0,0,36.585338,335.17,,1,1,1,1,,1392.5
53593,-0.149,0.035,-1.017,-0.315,-0.08,-0.039,10.085,328.67,30.43,1.5,0,0,36.585338,335.17,,1,1,1,1,,1393
53593.5,-0.106,0.135,-0.944,-0.063,-0.142,0.003,10.243,328.67,29.33,4.4,0,0,35.262831,338.07,,1,1,1,1,,1393.5
53594,-0.075,0.188,-0.746,0.204,-0.179,0.047,10.34,328.67,29.33,4.4,0,0,35.262831,338.07,,1,1,1,1,,1394
53594.5,-0.061,0.188,-0.441,0.462,-0.182,0.051,10.377,328.77,27.48,2.3,0,0,33.038616,336.07,,1,1,1,1,,1394.5
53595,-0.064,0.13,-0.068,0.651,-0.13,0.066,10.288,328.77,27.48,2.3,0,0,33.038616,336.07,,1,1,1,1,,1395
53595.5,-0.082,0.021,0.324,0.766,-0.085,0.081,10.193,328.77,28.4,359.9,0,0,34.144712,333.67,,1,1,1,1,,1395.5
53596,-0.111,-0.121,0.682,0.762,0.017,0.093,9.961,328.77,28.4,359.9,0,0,34.144712,333.67,,1,1,1,1,,1396
53596.5,-0.142,-0.277,0.95,0.654,0.086,0.111,9.776,328.87,29.33,1.2,0,0,35.262831,335.07,,1,1,1,1,,1396.5
53597,-0.174,-0.428,1.094,0.448,0.171,0.069,9.537,328.87,29.33,1.2,0,0,35.262831,335.07,,1,1,1,1,,1397
53597.5,-0.2,-0.548,1.088,0.186,0.201,-0.008,9.419,328.77,28.4,4.2,0,0,34.144712,337.97,,1,1,1,1,,1397.5
53598,-0.214,-0.631,0.944,-0.084,0.233,-0.14,9.322,328.77,28.4,4.2,0,0,34.144712,337.97,,1,1,1,1,,1398
53598.5,-0.213,-0.657,0.684,-0.326,0.208,-0.234,9.35,328.87,30.43,1.9,0,0,36.585338,335.77,,1,1,1,1,,1398.5
53599,-0.192,-0.634,0.358,-0.491,0.167,-0.269,9.435,328.87,30.43,1.9,0,0,36.585338,335.77,,1,1,1,1,,1399
53599.5,-0.149,-0.568,0.013,-0.581,0.12,-0.239,9.562,328.77,30.43,5.9,0,0,36.585338,339.67,,1,1,1,1,,1399.5
53600,-0.086,-0.475,-0.302,-0.573,0.07,-0.189,9.719,328.77,30.43,5.9,0,0,36.585338,339.67,,1,1,1,1,,1400
53600.5,-0.011,-0.37,-0.548,-0.502,0.033,-0.142,9.846,328.77,32.28,5.8,0,0,38.809553,339.57,,1,1,1,1,,1400.5
53601,0.067,-0.269,-0.701,-0.366,-0.009,-0.029,9.977,328.77,32.28,5.8,0,0,38.809553,339.57,,1,1,1,1,,1401
53601.5,0.136,-0.185,-0.754,-0.213,-0.023,0.122,10.022,328.87,31.35,6.3,0,0,37.691434,340.17,,1,1,1,1,,1401.5
53602,0.189,-0.125,-0.715,-0.053,-0.046,0.198,10.068,328.87,31.35,6.3,0,0,37.691434,340.17,,1,1,1,1,,1402
53602.5,0.215,-0.092,-0.606,0.066,-0.016,0.263,10,328.87,31.35,2.1,0,0,37.691434,335.97,,1,1,1,1,,1402.5
53603,0.21,-0.078,-0.455,0.161,-0.023,0.299,9.993,328.87,31.35,2.1,0,0,37.691434,335.97,,1,1,1,1,,1403
53603.5,0.171,-0.085,-0.285,0.206,0.011,0.249,9.901,329.07,29.33,3.4,0,0,35.262831,337.47,,1,1,1,1,,1403.5
53604,0.1,-0.102,-0.124,0.219,0.012,0.199,9.886,329.07,29.33,3.4,0,0,35.262831,337.47,,1,1,1,1,,1404
53604.5,0.006,-0.126,0.018,0.208,0.048,0.108,9.813,329.07,29.33,2.3,0,0,35.262831,336.37,,1,1,1,1,,1404.5
53605,-0.1,-0.148,0.129,0.183,0.041,0.001,9.824,329.07,29.33,2.3,0,0,35.262831,336.37,,1,1,1,1,,1405
53605.5,-0.207,-0.172,0.214,0.164,0.044,-0.089,9.815,328.97,28.4,5.9,0,0,34.144712,339.87,,1,1,1,1,,1405.5
53606,-0.3,-0.196,0.272,0.14,0.035,-0.174,9.837,328.97,28.4,5.9,0,0,34.144712,339.87,,1,1,1,1,,1406
53606.5,-0.367,-0.22,0.312,0.131,0.04,-0.25,9.839,328.97,29.33,6.7,0,0,35.262831,340.67,,1,1,1,1,,1406.5
53607,-0.407,-0.248,0.334,0.112,0.046,-0.244,9.823,328.97,29.33,6.7,0,0,35.262831,340.67,,1,1,1,1,,1407
53607.5,-0.416,-0.279,0.343,0.105,0.021,-0.211,9.849,328.87,27.48,8.9,0,0,33.038616,342.77,,1,1,1,1,,1407.5
53608,-0.399,-0.313,0.339,0.083,0.041,-0.174,9.814,328.87,27.48,8.9,0,0,33.038616,342.77,,1,1,1,1,,1408
53608.5,-0.367,-0.349,0.32,0.064,0.044,-0.121,9.818,328.87,28.4,8.3,0,0,34.144712,342.17,,1,1,1,1,,1408.5
53609,-0.327,-0.387,0.289,0.029,0.07,-0.061,9.76,328.87,28.4,8.3,0,0,34.144712,342.17,,1,1,1,1,,1409
53609.5,-0.292,-0.417,0.237,-0.016,0.075,-0.012,9.744,328.87,27.48,7.8,0,0,33.038616,341.67,,1,1,1,1,,1409.5
53610,-0.266,-0.441,0.163,-0.083,0.114,0.046,9.662,328.87,27.48,7.8,0,0,33.038616,341.67,,1,1,1,1,,1410
53610.5,-0.257,-0.447,0.063,-0.161,0.116,0.071,9.642,328.97,27.48,11.9,0,0,33.038616,345.87,,1,1,1,1,,1410.5
53611,-0.261,-0.436,-0.058,-0.23,0.122,0.067,9.624,328.97,27.48,11.9,0,0,33.038616,345.87,,1,1,1,1,,1411
53611.5,-0.278,-0.4,-0.19,-0.28,0.095,0.042,9.671,328.97,28.4,7,0,0,34.144712,340.97,,1,1,1,1,,1411.5
53612,-0.301,-0.349,-0.314,-0.287,0.071,-0.008,9.732,328.97,28.4,7,0,0,34.144712,340.97,,1,1,1,1,,1412
53612.5,-0.325,-0.286,-0.411,-0.263,0.042,-0.054,9.802,329.07,27.48,11,0,0,33.038616,345.07,,1,1,1,1,,1412.5
53613,-0.353,-0.217,-0.466,-0.197,0.016,-0.104,9.888,329.07,27.48,11,0,0,33.038616,345.07,,1,1,1,1,,1413
53613.5,-0.379,-0.151,-0.471,-0.109,0.008,-0.16,9.94,329.07,30.43,12.5,0,0,36.585338,346.57,,1,1,1,1,,1413.5
53614,-0.401,-0.096,-0.422,-0.002,-0.011,-0.175,10.003,329.07,30.43,12.5,0,0,36.585338,346.57,,1,1,1,1,,1414
53614.5,-0.419,-0.06,-0.324,0.099,-0.009,-0.195,10.005,329.07,30.43,11.8,0,0,36.585338,345.87,,1,1,1,1,,1414.5
53615,-0.428,-0.044,-0.192,0.189,-0.017,-0.161,10.02,329.07,30.43,11.8,0,0,36.585338,345.87,,1,1,1,1,,1415
53615.5,-0.421,-0.052,-0.037,0.26,-0.014,-0.094,10.001,329.07,29.33,10.7,0,0,35.262831,344.77,,1,1,1,1,,1415.5
53616,-0.398,-0.087,0.123,0.309,-0.016,-0.037,9.986,329.07,29.33,10.7,0,0,35.262831,344.77,,1,1,1,1,,1416
53616.5,-0.358,-0.144,0.275,0.324,0.003,-0.005,9.915,329.17,28.4,11.4,0,0,34.144712,345.57,,1,1,1,1,,1416.5
53617,-0.302,-0.215,0.398,0.296,0.016,0.036,9.853,329.17,28.4,11.4,0,0,34.144712,345.57,,1,1,1,1,,1417
53617.5,-0.233,-0.295,0.475,0.23,0.064,0.048,9.747,329.07,29.33,8.4,0,0,35.262831,342.47,,1,1,1,1,,1417.5
53618,-0.152,-0.367,0.494,0.126,0.093,0.007,9.667,329.07,29.33,8.4,0,0,35.262831,342.47,,1,1,1,1,,1418
53618.5,-0.069,-0.424,0.45,0.007,0.108,0.024,9.607,329.17,30.43,13.9,0,0,36.585338,348.07,,1,1,1,1,,1418.5
53619,0.015,-0.46,0.348,-0.121,0.121,0.015,9.574,329.17,30.43,13.9,0,0,36.585338,348.07,,1,1,1,1,,1419
53619.5,0.09,-0.467,0.201,-0.224,0.121,0.002,9.591,329.17,30.43,13.2,0,0,36.585338,347.37,,1,1,1,1,,1419.5
53620,0.147,-0.45,0.032,-0.293,0.109,-0.006,9.641,329.17,30.43,13.2,0,0,36.585338,347.37,,1,1,1,1,,1420
53620.5,0.183,-0.409,-0.133,-0.309,0.076,0.034,9.732,329.07,30.43,7.9,0,0,36.585338,341.97,,1,1,1,1,,1420.5
53621,0.2,-0.356,-0.271,-0.285,0.063,0.052,9.801,329.07,30.43,7.9,0,0,36.585338,341.97,,1,1,1,1,,1421
53621.5,0.19,-0.293,-0.363,-0.219,0.034,0.073,9.899,329.07,30.43,7.3,0,0,36.585338,341.37,,1,1,1,1,,1421.5
53622,0.155,-0.233,-0.4,-0.129,0.04,0.092,9.941,329.07,30.43,7.3,0,0,36.585338,341.37,,1,1,1,1,,1422
53622.5,0.101,-0.182,-0.38,-0.022,0.01,0.062,10.009,329.07,28.4,8.3,0,0,34.144712,342.37,,1,1,1,1,,1422.5
53623,0.031,-0.148,-0.307,0.082,0.006,0.039,10.013,329.07,28.4,8.3,0,0,34.144712,342.37,,1,1,1,1,,1423
53623.5,-0.047,-0.134,-0.195,0.169,-0.001,-0.012,10.008,329.07,28.4,10.2,0,0,34.144712,344.27,,1,1,1,1,,1423.5
53624,-0.132,-0.143,-0.062,0.229,-0.001,-0.024,9.967,329.07,28.4,10.2,0,0,34.144712,344.27,,1,1,1,1,,1424
53624.5,-0.215,-0.167,0.073,0.256,-0.004,-0.076,9.927,329.17,29.33,10.4,0,0,35.262831,344.57,,1,1,1,1,,1424.5
53625,-0.294,-0.208,0.192,0.251,0.01,-0.105,9.857,329.17,29.33,10.4,0,0,35.262831,344.57,,1,1,1,1,,1425
53625.5,-0.357,-0.257,0.281,0.208,0.028,-0.148,9.786,329.17,29.33,7.8,0,0,35.262831,341.97,,1,1,1,1,,1425.5
53626,-0.404,-0.308,0.327,0.142,0.038,-0.158,9.73,329.17,29.33,7.8,0,0,35.262831,341.97,,1,1,1,1,,1426
53626.5,-0.431,-0.353,0.324,0.053,0.062,-0.165,9.675,329.27,28.4,11.1,0,0,34.144712,345.37,,1,1,1,1,,1426.5
53627,-0.435,-0.385,0.275,-0.041,0.093,-0.16,9.634,329.27,28.4,11.1,0,0,34.144712,345.37,,1,1,1,1,,1427
53627.5,-0.421,-0.405,0.185,-0.131,0.102,-0.109,9.624,329.27,28.4,16.2,0,0,34.144712,350.47,,1,1,1,1,,1427.5
53628,-0.389,-0.407,0.067,-0.201,0.1,-0.052,9.653,329.27,28.4,16.2,0,0,34.144712,350.47,,1,1,1,1,,1428
53628.5,-0.344,-0.393,-0.061,-0.244,0.107,0.044,9.685,329.37,30.43,13.6,0,0,36.585338,347.97,,1,1,1,1,,1428.5
53629,-0.296,-0.367,-0.182,-0.253,0.092,0.127,9.745,329.37,30.43,13.6,0,0,36.585338,347.97,,1,1,1,1,,1429
53629.5,-0.256,-0.332,-0.28,-0.235,0.085,0.137,9.79,329.37,28.4,16.8,0,0,34.144712,351.17,,1,1,1,1,,1429.5
53630,-0.227,-0.291,-0.346,-0.194,0.074,0.148,9.832,329.37,28.4,16.8,0,0,34.144712,351.17,,1,1,1,1,,1430
53630.5,-0.214,-0.249,-0.376,-0.141,0.059,0.091,9.864,329.37,28.4,9.5,0,0,34.144712,343.87,,1,1,1,1,,1430.5
53631,-0.217,-0.204,-0.37,-0.084,0.048,0.031,9.885,329.37,28.4,9.5,0,0,34.144712,343.87,,1,1,1,1,,1431
53631.5,-0.229,-0.16,-0.333,-0.024,0.037,-0.058,9.903,329.27,28.4,9.7,0,0,34.144712,343.97,,1,1,1,1,,1431.5
53632,-0.247,-0.122,-0.267,0.035,0.022,-0.125,9.918,329.27,28.4,9.7,0,0,34.144712,343.97,,1,1,1,1,,1432
53632.5,-0.266,-0.089,-0.18,0.095,0.004,-0.182,9.936,329.27,27.48,7.4,0,0,33.038616,341.67,,1,1,1,1,,1432.5
53633,-0.286,-0.068,-0.074,0.155,-0.017,-0.223,9.959,329.27,27.48,7.4,0,0,33.038616,341.67,,1,1,1,1,,1433
53633.5,-0.298,-0.063,0.047,0.22,-0.043,-0.246,9.995,329.17,27.48,7.8,0,0,33.038616,341.97,,1,1,1,1,,1433.5
53634,-0.305,-0.078,0.179,0.28,-0.049,-0.24,10.009,329.17,27.48,7.8,0,0,33.038616,341.97,,1,1,1,1,,1434
53634.5,-0.299,-0.118,0.317,0.328,-0.042,-0.163,9.996,329.27,29.33,9.4,0,0,35.262831,343.67,,1,1,1,1,,1434.5
53635,-0.286,-0.179,0.446,0.35,-0.024,-0.096,9.954,329.27,29.33,9.4,0,0,35.262831,343.67,,1,1,1,1,,1435
53635.5,-0.261,-0.259,0.551,0.331,0.011,0.002,9.881,329.27,28.4,17.5,0,0,34.144712,351.77,,1,1,1,1,,1435.5
53636,-0.219,-0.346,0.615,0.27,0.063,0.043,9.782,329.27,28.4,17.5,0,0,34.144712,351.77,,1,1,1,1,,1436
53636.5,-0.165,-0.437,0.62,0.161,0.114,0.071,9.669,329.37,29.33,18.9,0,0,35.262831,353.27,,1,1,1,1,,1436.5
53637,-0.101,-0.516,0.556,0.017,0.15,0.076,9.568,329.37,29.33,18.9,0,0,35.262831,353.27,,1,1,1,1,,1437
53637.5,-0.03,-0.57,0.42,-0.146,0.173,0.113,9.494,329.47,27.48,15.2,0,0,33.038616,349.67,,1,1,1,1,,1437.5
53638,0.038,-0.593,0.223,-0.297,0.17,0.116,9.488,329.47,27.48,15.2,0,0,33.038616,349.67,,1,1,1,1,,1438
53638.5,0.095,-0.582,-0.012,-0.411,0.154,0.116,9.526,329.47,27.48,11.3,0,0,33.038616,345.77,,1,1,1,1,,1438.5
53639,0.134,-0.538,-0.252,-0.465,0.11,0.082,9.628,329.47,27.48,11.3,0,0,33.038616,345.77,,1,1,1,1,,1439
53639.5,0.146,-0.467,-0.466,-0.463,0.074,0.002,9.718,329.47,26.56,9.3,0,0,31.932519,343.77,,1,1,1,1,,1439.5
53640,0.132,-0.377,-0.628,-0.4,0.032,-0.06,9.843,329.47,26.56,9.3,0,0,31.932519,343.77,,1,1,1,1,,1440
53640.5,0.095,-0.283,-0.715,-0.289,0.001,-0.105,9.943,329.47,26.56,8.5,0,0,31.932519,342.97,,1,1,1,1,,1440.5
53641,0.044,-0.196,-0.719,-0.141,-0.036,-0.114,10.053,329.47,26.56,8.5,0,0,31.932519,342.97,,1,1,1,1,,1441
53641.5,-0.014,-0.125,-0.64,0.011,-0.028,-0.097,10.07,329.37,27.48,7.7,0,0,33.038616,342.07,,1,1,1,1,,1441.5
53642,-0.072,-0.076,-0.498,0.141,-0.008,-0.076,10.062,329.37,27.48,7.7,0,0,33.038616,342.07,,1,1,1,1,,1442
53642.5,-0.122,-0.056,-0.317,0.229,0.015,-0.025,9.991,329.47,26.56,11.5,0,0,31.932519,345.97,,1,1,1,1,,1442.5
53643,-0.156,-0.05,-0.13,0.261,0.028,0.031,9.913,329.47,26.56,11.5,0,0,31.932519,345.97,,1,1,1,1,,1443
53643.5,-0.173,-0.064,0.035,0.238,0.061,0.053,9.788,329.47,26.56,5,0,0,31.932519,339.47,,1,1,1,1,,1443.5
53644,-0.171,-0.078,0.155,0.175,0.06,0.091,9.729,329.47,26.56,5,0,0,31.932519,339.47,,1,1,1,1,,1444
53644.5,-0.153,-0.095,0.223,0.101,0.057,0.117,9.691,329.57,25.64,5.9,0,0,30.826423,340.47,,1,1,1,1,,1444.5
53645,-0.114,-0.107,0.243,0.029,0.044,0.132,9.702,329.57,25.64,5.9,0,0,30.826423,340.47,,1,1,1,1,,1445
53645.5,-0.067,-0.115,0.231,-0.011,0.029,0.105,9.752,329.57,26.56,7.7,0,0,31.932519,342.27,,1,1,1,1,,1445.5
53646,-0.014,-0.123,0.205,-0.024,0.019,0.089,9.806,329.57,26.56,7.7,0,0,31.932519,342.27,,1,1,1,1,,1446
53646.5,0.031,-0.138,0.185,0.011,-0.015,0.004,9.912,329.57,25.64,0.7,0,0,30.826423,335.27,,1,1,1,1,,1446.5
53647,0.055,-0.167,0.189,0.077,-0.029,-0.084,9.99,329.57,25.64,0.7,0,0,30.826423,335.27,,1,1,1,1,,1447
53647.5,0.058,-0.218,0.229,0.174,-0.04,-0.162,10.075,329.47,25.64,5.5,0,0,30.826423,339.97,,1,1,1,1,,1447.5
53648,0.036,-0.294,0.307,0.269,-0.021,-0.212,10.071,329.47,25.64,5.5,0,0,30.826423,339.97,,1,1,1,1,,1448
53648.5,-0.009,-0.393,0.406,0.333,-0.002,-0.229,10.032,329.47,24.71,1.4,0,0,29.708304,335.87,,1,1,1,1,,1448.5
53649,-0.071,-0.502,0.502,0.344,0.044,-0.213,9.928,329.47,24.71,1.4,0,0,29.708304,335.87,,1,1,1,1,,1449
53649.5,-0.139,-0.607,0.567,0.292,0.097,-0.156,9.799,329.47,23.79,1.5,0,0,28.602208,335.97,,1,1,1,1,,1449.5
53650,-0.204,-0.696,0.575,0.177,0.147,-0.065,9.652,329.47,23.79,1.5,0,0,28.602208,335.97,,1,1,1,1,,1450
53650.5,-0.253,-0.752,0.506,0.011,0.189,0.035,9.518,329.77,24.71,5.6,0,0,29.708304,340.37,,1,1,1,1,,1450.5
53651,-0.279,-0.765,0.354,-0.188,0.22,0.12,9.412,329.77,24.71,5.6,0,0,29.708304,340.37,,1,1,1,1,,1451
53651.5,-0.284,-0.725,0.124,-0.388,0.222,0.195,9.362,329.97,25.64,5.7,0,0,30.826423,340.67,,1,1,1,1,,1451.5
53652,-0.266,-0.632,-0.164,-0.563,0.206,0.201,9.364,329.97,25.64,5.7,0,0,30.826423,340.67,,1,1,1,1,,1452
53652.5,-0.229,-0.491,-0.477,-0.683,0.17,0.191,9.433,329.87,25.64,13.5,0,0,30.826423,348.37,,1,1,1,1,,1452.5
53653,-0.174,-0.315,-0.778,-0.728,0.112,0.137,9.553,329.87,25.64,13.5,0,0,30.826423,348.37,,1,1,1,1,,1453
53653.5,-0.111,-0.122,-1.024,-0.684,0.038,0.065,9.722,329.97,27.48,11.2,0,0,33.038616,346.17,,1,1,1,1,,1453.5
53654,-0.042,0.064,-1.18,-0.558,-0.023,-0.012,9.89,329.97,27.48,11.2,0,0,33.038616,346.17,,1,1,1,1,,1454
53654.5,0.026,0.226,-1.218,-0.354,-0.103,-0.081,10.086,329.67,26.56,3.1,0,0,31.932519,337.77,,1,1,1,1,,1454.5
53655,0.086,0.344,-1.124,-0.094,-0.152,-0.146,10.238,329.67,26.56,3.1,0,0,31.932519,337.77,,1,1,1,1,,1455
53655.5,0.135,0.398,-0.898,0.193,-0.189,-0.18,10.363,329.57,25.64,6.5,0,0,30.826423,341.07,,1,1,1,1,,1455.5
53656,0.173,0.381,-0.557,0.473,-0.2,-0.156,10.415,329.57,25.64,6.5,0,0,30.826423,341.07,,1,1,1,1,,1456
53656.5,0.195,0.292,-0.136,0.706,-0.173,-0.124,10.392,329.57,25.64,8.4,0,0,30.826423,342.97,,1,1,1,1,,1456.5
53657,0.199,0.143,0.32,0.864,-0.118,-0.057,10.287,329.57,25.64,8.4,0,0,30.826423,342.97,,1,1,1,1,,1457
53657.5,0.189,-0.053,0.753,0.914,-0.043,0.034,10.119,329.67,25.64,8.1,0,0,30.826423,342.77,,1,1,1,1,,1457.5
53658,0.162,-0.274,1.111,0.851,0.047,0.074,9.899,329.67,25.64,8.1,0,0,30.826423,342.77,,1,1,1,1,,1458
53658.5,0.13,-0.487,1.345,0.677,0.133,0.101,9.67,329.77,25.64,3.9,0,0,30.826423,338.67,,1,1,1,1,,1458.5
53659,0.097,-0.674,1.424,0.42,0.206,0.147,9.467,329.77,25.64,3.9,0,0,30.826423,338.67,,1,1,1,1,,1459
53659.5,0.075,-0.807,1.338,0.113,0.255,0.128,9.318,329.97,26.56,0.6,0,0,31.932519,335.57,,1,1,1,1,,1459.5
53660,0.072,-0.874,1.101,-0.191,0.27,0.11,9.265,329.97,26.56,0.6,0,0,31.932519,335.57,,1,1,1,1,,1460
53660.5,0.085,-0.869,0.748,-0.453,0.258,0.106,9.28,329.97,26.56,6.7,0,0,31.932519,341.67,,1,1,1,1,,1460.5
53661,0.11,-0.796,0.331,-0.634,0.208,0.105,9.389,329.97,26.56,6.7,0,0,31.932519,341.67,,1,1,1,1,,1461
53661.5,0.142,-0.672,-0.094,-0.727,0.165,0.072,9.511,329.97,25.64,6.6,0,0,30.826423,341.57,,1,1,1,1,,1461.5
53662,0.173,-0.513,-0.479,-0.724,0.099,0.055,9.678,329.97,25.64,6.6,0,0,30.826423,341.57,,1,1,1,1,,1462
53662.5,0.196,-0.341,-0.779,-0.636,0.038,0.039,9.832,329.87,25.64,4.8,0,0,30.826423,339.67,,1,1,1,1,,1462.5
53663,0.207,-0.18,-0.969,-0.487,-0.012,0.007,9.972,329.87,25.64,4.8,0,0,30.826423,339.67,,1,1,1,1,,1463
53663.5,0.196,-0.044,-1.038,-0.297,-0.042,0.002,10.063,329.77,25.64,9.9,0,0,30.826423,344.67,,1,1,1,1,,1463.5
53664,0.165,0.05,-0.99,-0.094,-0.084,-0.009,10.139,329.77,25.64,9.9,0,0,30.826423,344.67,,1,1,1,1,,1464
53664.5,0.114,0.097,-0.841,0.099,-0.092,-0.044,10.152,329.77,24.71,3,0,0,29.708304,337.77,,1,1,1,1,,1464.5
53665,0.049,0.096,-0.617,0.265,-0.104,-0.041,10.155,329.77,24.71,3,0,0,29.708304,337.77,,1,1,1,1,,1465
53665.5,-0.021,0.049,-0.347,0.395,-0.1,-0.04,10.12,329.77,27.48,2.7,0,0,33.038616,337.47,,1,1,1,1,,1465.5
53666,-0.093,-0.032,-0.063,0.467,-0.063,-0.035,10.035,329.77,27.48,2.7,0,0,33.038616,337.47,,1,1,1,1,,1466
53666.5,-0.158,-0.137,0.202,0.485,-0.024,-0.022,9.942,329.87,25.64,7.2,0,0,30.826423,342.07,,1,1,1,1,,1466.5
53667,-0.213,-0.25,0.419,0.437,0.025,0.009,9.825,329.87,25.64,7.2,0,0,30.826423,342.07,,1,1,1,1,,1467
53667.5,-0.254,-0.357,0.564,0.337,0.08,0.004,9.718,329.87,26.56,8.9,0,0,31.932519,343.77,,1,1,1,1,,1467.5
53668,-0.275,-0.441,0.623,0.192,0.143,0.016,9.594,329.87,26.56,8.9,0,0,31.932519,343.77,,1,1,1,1,,1468
53668.5,-0.275,-0.492,0.59,0.023,0.174,0.015,9.522,329.87,26.56,9.1,0,0,31.932519,343.97,,1,1,1,1,,1468.5
53669,-0.251,-0.503,0.471,-0.155,0.212,0.004,9.451,329.87,26.56,9.1,0,0,31.932519,343.97,,1,1,1,1,,1469
53669.5,-0.209,-0.476,0.283,-0.316,0.208,0.014,9.458,329.87,27.48,1.9,0,0,33.038616,336.77,,1,1,1,1,,1469.5
53670,-0.152,-0.407,0.051,-0.439,0.194,-0.007,9.489,329.87,27.48,1.9,0,0,33.038616,336.77,,1,1,1,1,,1470
53670.5,-0.095,-0.31,-0.192,-0.496,0.14,-0.018,9.614,329.77,25.64,2,0,0,30.826423,336.77,,1,1,1,1,,1470.5
53671,-0.047,-0.198,-0.404,-0.471,0.069,-0.056,9.759,329.77,25.64,2,0,0,30.826423,336.77,,1,1,1,1,,1471
53671.5,-0.018,-0.092,-0.548,-0.364,-0.018,-0.054,9.946,329.67,26.56,2.4,0,0,31.932519,337.07,,1,1,1,1,,1471.5
53672,-0.009,-0.009,-0.595,-0.182,-0.083,-0.068,10.106,329.67,26.56,2.4,0,0,31.932519,337.07,,1,1,1,1,,1472
53672.5,-0.023,0.036,-0.531,0.039,-0.133,-0.052,10.23,329.67,27.48,2.9,0,0,33.038616,337.57,,1,1,1,1,,1472.5
53673,-0.055,0.036,-0.361,0.273,-0.156,-0.014,10.303,329.67,27.48,2.9,0,0,33.038616,337.57,,1,1,1,1,,1473
53673.5,-0.099,-0.014,-0.111,0.463,-0.126,0,10.266,329.67,27.48,5.4,0,0,33.038616,340.07,,1,1,1,1,,1473.5
53674,-0.15,-0.108,0.182,0.6,-0.092,0.02,10.202,329.67,27.48,5.4,0,0,33.038616,340.07,,1,1,1,1,,1474
53674.5,-0.192,-0.233,0.473,0.644,-0.018,0.027,10.037,329.77,26.56,3.9,0,0,31.932519,338.67,,1,1,1,1,,1474.5
53675,-0.223,-0.371,0.715,0.604,0.035,-0.015,9.902,329.77,26.56,3.9,0,0,31.932519,338.67,,1,1,1,1,,1475
53675.5,-0.228,-0.507,0.872,0.47,0.13,-0.039,9.675,329.77,26.56,4.6,0,0,31.932519,339.37,,1,1,1,1,,1475.5
53676,-0.2,-0.618,0.913,0.268,0.17,-0.027,9.529,329.77,26.56,4.6,0,0,31.932519,339.37,,1,1,1,1,,1476
53676.5,-0.138,-0.691,0.83,0.019,0.216,-0.049,9.367,329.67,28.4,4.2,0,0,34.144712,338.87,,1,1,1,1,,1476.5
53677,-0.038,-0.715,0.624,-0.243,0.222,-0.058,9.314,329.67,28.4,4.2,0,0,34.144712,338.87,,1,1,1,1,,1477
53677.5,0.095,-0.685,0.324,-0.471,0.222,-0.04,9.302,329.67,28.4,2.8,0,0,34.144712,337.47,,1,1,1,1,,1477.5
53678,0.246,-0.604,-0.03,-0.635,0.175,-0.031,9.405,329.67,28.4,2.8,0,0,34.144712,337.47,,1,1,1,1,,1478
53678.5,0.403,-0.485,-0.388,-0.706,0.125,-0.013,9.531,329.47,28.4,2.8,0,0,34.144712,337.27,,1,1,1,1,,1478.5
53679,0.546,-0.343,-0.703,-0.696,0.071,0.051,9.684,329.47,28.4,2.8,0,0,34.144712,337.27,,1,1,1,1,,1479
53679.5,0.662,-0.194,-0.936,-0.595,0.014,0.119,9.851,329.47,27.48,358.2,0,0,33.038616,332.67,,1,1,1,1,,1479.5
53680,0.731,-0.059,-1.06,-0.436,-0.03,0.209,9.991,329.47,27.48,358.2,0,0,33.038616,332.67,,1,1,1,1,,1480
53680.5,0.746,0.052,-1.065,-0.226,-0.065,0.267,10.12,329.47,28.4,0.6,0,0,34.144712,335.07,,1,1,1,1,,1480.5
53681,0.707,0.125,-0.952,-0.009,-0.064,0.306,10.162,329.47,28.4,0.6,0,0,34.144712,335.07,,1,1,1,1,,1481
53681.5,0.62,0.152,-0.743,0.198,-0.088,0.286,10.206,329.57,28.4,359,0,0,34.144712,333.57,,1,1,1,1,,1481.5
53682,0.497,0.136,-0.465,0.36,-0.063,0.264,10.147,329.57,28.4,359,0,0,34.144712,333.57,,1,1,1,1,,1482
53682.5,0.359,0.081,-0.159,0.464,-0.041,0.214,10.083,329.47,26.56,355.4,0,0,31.932519,329.87,,1,1,1,1,,1482.5
53683,0.217,-0.006,0.141,0.504,-0.006,0.16,9.971,329.47,26.56,355.4,0,0,31.932519,329.87,,1,1,1,1,,1483
53683.5,0.091,-0.105,0.4,0.491,-0.001,0.053,9.914,329.47,26.56,359,0,0,31.932519,333.47,,1,1,1,1,,1483.5
53684,-0.01,-0.211,0.601,0.436,0.041,-0.055,9.815,329.47,26.56,359,0,0,31.932519,333.47,,1,1,1,1,,1484
53684.5,-0.081,-0.308,0.73,0.348,0.064,-0.124,9.76,329.27,26.56,359.8,0,0,31.932519,334.07,,1,1,1,1,,1484.5
53685,-0.12,-0.394,0.789,0.253,0.074,-0.134,9.722,329.27,26.56,359.8,0,0,31.932519,334.07,,1,1,1,1,,1485
53685.5,-0.136,-0.461,0.779,0.147,0.085,-0.136,9.705,329.07,28.4,7.4,0,0,34.144712,341.47,,1,1,1,1,,1485.5
53686,-0.126,-0.504,0.714,0.058,0.101,-0.128,9.705,329.07,28.4,7.4,0,0,34.144712,341.47,,1,1,1,1,,1486
53686.5,-0.109,-0.528,0.607,-0.028,0.118,-0.132,9.694,328.97,28.4,5.5,0,0,34.144712,339.47,,1,1,1,1,,1486.5
53687,-0.086,-0.532,0.473,-0.088,0.11,-0.166,9.722,328.97,28.4,5.5,0,0,34.144712,339.47,,1,1,1,1,,1487
53687.5,-0.066,-0.519,0.325,-0.141,0.115,-0.163,9.716,328.97,28.4,3.8,0,0,34.144712,337.77,,1,1,1,1,,1487.5
53688,-0.051,-0.492,0.172,-0.175,0.102,-0.134,9.736,328.97,28.4,3.8,0,0,34.144712,337.77,,1,1,1,1,,1488
53688.5,-0.053,-0.455,0.023,-0.21,0.11,-0.052,9.709,328.97,29.33,2.3,0,0,35.262831,336.27,,1,1,1,1,,1488.5
53689,-0.072,-0.409,-0.119,-0.233,0.077,0.029,9.734,328.97,29.33,2.3,0,0,35.262831,336.27,,1,1,1,1,,1489
53689.5,-0.114,-0.36,-0.249,-0.251,0.066,0.083,9.715,329.07,26.56,358,0,0,31.932519,332.07,,1,1,1,1,,1489.5
53690,-0.184,-0.307,-0.363,-0.256,0.035,0.141,9.752,329.07,26.56,358,0,0,31.932519,332.07,,1,1,1,1,,1490
53690.5,-0.274,-0.263,-0.451,-0.236,0.004,0.197,9.792,329.17,26.56,0.2,0,0,31.932519,334.37,,1,1,1,1,,1490.5
53691,-0.381,-0.224,-0.506,-0.192,-0.023,0.149,9.858,329.17,26.56,0.2,0,0,31.932519,334.37,,1,1,1,1,,1491
53691.5,-0.494,-0.197,-0.519,-0.124,-0.018,0.098,9.898,329.17,27.48,355.5,0,0,33.038616,329.67,,1,1,1,1,,1491.5
53692,-0.599,-0.187,-0.487,-0.046,-0.02,0.056,9.941,329.17,27.48,355.5,0,0,33.038616,329.67,,1,1,1,1,,1492
53692.5,-0.678,-0.191,-0.417,0.027,-0.005,-0.071,9.931,328.97,27.48,358.7,0,0,33.038616,332.67,,1,1,1,1,,1492.5
53693,-0.713,-0.206,-0.324,0.073,0.03,-0.175,9.89,328.97,27.48,358.7,0,0,33.038616,332.67,,1,1,1,1,,1493
53693.5,-0.695,-0.227,-0.223,0.093,0.062,-0.219,9.836,328.97,27.48,355.3,0,0,33.038616,329.27,,1,1,1,1,,1493.5
53694,-0.62,-0.242,-0.133,0.078,0.086,-0.248,9.78,328.97,27.48,355.3,0,0,33.038616,329.27,,1,1,1,1,,1494
53694.5,-0.494,-0.249,-0.067,0.038,0.118,-0.251,9.714,328.77,28.4,354.3,0,0,34.144712,328.07,,1,1,1,1,,1494.5
53695,-0.321,-0.239,-0.034,-0.026,0.14,-0.194,9.66,328.77,28.4,354.3,0,0,34.144712,328.07,,1,1,1,1,,1495
53695.5,-0.112,-0.21,-0.035,-0.086,0.128,-0.178,9.663,328.47,28.4,356.9,0,0,34.144712,330.37,,1,1,1,1,,1495.5
53696,0.116,-0.16,-0.06,-0.128,0.103,-0.183,9.704,328.47,28.4,356.9,0,0,34.144712,330.37,,1,1,1,1,,1496
53696.5,0.348,-0.099,-0.088,-0.12,0.052,-0.157,9.808,328.37,27.48,0.1,0,0,33.038616,333.47,,1,1,1,1,,1496.5
53697,0.561,-0.038,-0.095,-0.059,-0.022,-0.1,9.937,328.37,27.48,0.1,0,0,33.038616,333.47,,1,1,1,1,,1497
53697.5,0.742,0.01,-0.055,0.066,-0.097,0.035,10.094,328.27,28.4,358.7,0,0,34.144712,331.97,,1,1,1,1,,1497.5
53698,0.874,0.021,0.052,0.237,-0.149,0.223,10.213,328.27,28.4,358.7,0,0,34.144712,331.97,,1,1,1,1,,1498
53698.5,0.944,-0.015,0.226,0.421,-0.16,0.346,10.275,328.27,27.48,1.1,0,0,33.038616,334.37,,1,1,1,1,,1498.5
53699,0.948,-0.101,0.454,0.584,-0.151,0.385,10.274,328.27,27.48,1.1,0,0,33.038616,334.37,,1,1,1,1,,1499
53699.5,0.901,-0.239,0.703,0.672,-0.081,0.44,10.14,328.37,27.48,0.5,0,0,33.038616,333.87,,1,1,1,1,,1499.5
53700,0.808,-0.409,0.926,0.673,-0.015,0.398,10.009,328.37,27.48,0.5,0,0,33.038616,333.87,,1,1,1,1,,1500
53700.5,0.689,-0.597,1.08,0.572,0.102,0.343,9.76,328.47,27.48,358.3,0,0,33.038616,331.77,,1,1,1,1,,1500.5
53701,0.563,-0.771,1.122,0.363,0.185,0.252,9.536,328.47,27.48,358.3,0,0,33.038616,331.77,,1,1,1,1,,1501
53701.5,0.441,-0.908,1.023,0.067,0.268,0.107,9.288,328.47,27.48,0.5,0,0,33.038616,333.97,,1,1,1,1,,1501.5
53702,0.331,-0.984,0.767,-0.296,0.329,0.051,9.091,328.47,27.48,0.5,0,0,33.038616,333.97,,1,1,1,1,,1502
53702.5,0.236,-0.973,0.366,-0.654,0.341,0.03,8.999,328.37,28.4,355.7,0,0,34.144712,329.07,,1,1,1,1,,1502.5
53703,0.164,-0.877,-0.144,-0.977,0.331,0.018,8.999,328.37,28.4,355.7,0,0,34.144712,329.07,,1,1,1,1,,1503
53703.5,0.105,-0.695,-0.704,-1.184,0.26,-0.035,9.154,328.17,29.33,358.3,0,0,35.262831,331.47,,1,1,1,1,,1503.5
53704,0.061,-0.448,-1.239,-1.258,0.161,-0.069,9.383,328.17,29.33,358.3,0,0,35.262831,331.47,,1,1,1,1,,1504
53704.5,0.025,-0.162,-1.672,-1.153,0.028,-0.07,9.725,328.07,29.33,357.8,0,0,35.262831,330.87,,1,1,1,1,,1504.5
53705,-0.005,0.123,-1.933,-0.895,-0.095,-0.076,10.061,328.07,29.33,357.8,0,0,35.262831,330.87,,1,1,1,1,,1505
53705.5,-0.042,0.375,-1.972,-0.493,-0.212,-0.044,10.401,327.87,29.33,358.3,0,0,35.262831,331.17,,1,1,1,1,,1505.5
53706,-0.09,0.551,-1.767,-0.011,-0.291,-0.01,10.644,327.87,29.33,358.3,0,0,35.262831,331.17,,1,1,1,1,,1506
53706.5,-0.149,0.634,-1.335,0.484,-0.322,0.002,10.785,327.77,29.33,359,0,0,35.262831,331.77,,1,1,1,1,,1506.5
53707,-0.219,0.61,-0.726,0.924,-0.309,-0.017,10.787,327.77,29.33,359,0,0,35.262831,331.77,,1,1,1,1,,1507
53707.5,-0.296,0.481,-0.011,1.258,-0.266,-0.061,10.686,327.77,29.33,356.2,0,0,35.262831,328.97,,1,1,1,1,,1507.5
53708,-0.372,0.264,0.723,1.445,-0.187,-0.115,10.476,327.77,29.33,356.2,0,0,35.262831,328.97,,1,1,1,1,,1508
53708.5,-0.434,-0.014,1.39,1.46,-0.077,-0.224,10.177,327.77,30.43,355.9,0,0,36.585338,328.67,,1,1,1,1,,1508.5
53709,-0.476,-0.321,1.904,1.296,0.04,-0.264,9.832,327.77,30.43,355.9,0,0,36.585338,328.67,,1,1,1,1,,1509
53709.5,-0.496,-0.623,2.202,0.969,0.163,-0.274,9.467,327.67,29.33,2.9,0,0,35.262831,335.57,,1,1,1,1,,1509.5
53710,-0.491,-0.874,2.241,0.514,0.281,-0.195,9.142,327.67,29.33,2.9,0,0,35.262831,335.57,,1,1,1,1,,1510
53710.5,-0.466,-1.048,2.011,-0.007,0.366,-0.055,8.907,327.77,28.4,7.2,0,0,34.144712,339.97,,1,1,1,1,,1510.5
53711,-0.424,-1.121,1.539,-0.532,0.41,0.021,8.782,327.77,28.4,7.2,0,0,34.144712,339.97,,1,1,1,1,,1511
53711.5,-0.366,-1.088,0.881,-0.984,0.4,0.065,8.81,327.77,28.4,8.6,0,0,34.144712,341.37,,1,1,1,1,,1511.5
53712,-0.297,-0.948,0.122,-1.304,0.333,0.035,8.988,327.77,28.4,8.6,0,0,34.144712,341.37,,1,1,1,1,,1512
53712.5,-0.222,-0.73,-0.637,-1.445,0.232,0.015,9.269,327.77,28.4,8.9,0,0,34.144712,341.67,,1,1,1,1,,1512.5
53713,-0.144,-0.459,-1.299,-1.396,0.107,-0.006,9.602,327.77,28.4,8.9,0,0,34.144712,341.67,,1,1,1,1,,1513
53713.5,-0.061,-0.18,-1.782,-1.169,-0.024,-0.015,9.956,327.67,29.33,3.3,0,0,35.262831,335.97,,1,1,1,1,,1513.5
53714,0.024,0.078,-2.03,-0.809,-0.127,0.013,10.257,327.67,29.33,3.3,0,0,35.262831,335.97,,1,1,1,1,,1514
53714.5,0.114,0.279,-2.023,-0.363,-0.213,0.013,10.498,327.57,29.33,12,0,0,35.262831,344.57,,1,1,1,1,,1514.5
53715,0.2,0.407,-1.772,0.108,-0.264,0.063,10.645,327.57,29.33,12,0,0,35.262831,344.57,,1,1,1,1,,1515
53715.5,0.286,0.449,-1.316,0.553,-0.279,0.125,10.695,327.47,31.35,14.9,0,0,37.691434,347.37,,1,1,1,1,,1515.5
53716,0.362,0.4,-0.717,0.913,-0.254,0.146,10.628,327.47,31.35,14.9,0,0,37.691434,347.37,,1,1,1,1,,1516
53716.5,0.421,0.276,-0.053,1.15,-0.2,0.153,10.469,327.37,31.35,13.3,0,0,37.691434,345.67,,1,1,1,1,,1516.5
53717,0.462,0.092,0.591,1.235,-0.119,0.119,10.229,327.37,31.35,13.3,0,0,37.691434,345.67,,1,1,1,1,,1517
53717.5,0.481,-0.122,1.136,1.159,-0.005,0.089,9.936,327.27,29.33,13.4,0,0,35.262831,345.67,,1,1,1,1,,1517.5
53718,0.483,-0.341,1.517,0.939,0.107,0.06,9.636,327.27,29.33,13.4,0,0,35.262831,345.67,,1,1,1,1,,1518
53718.5,0.471,-0.533,1.69,0.601,0.206,0.031,9.355,327.17,29.33,11.4,0,0,35.262831,343.57,,1,1,1,1,,1518.5
53719,0.447,-0.678,1.638,0.195,0.28,-0.014,9.151,327.17,29.33,11.4,0,0,35.262831,343.57,,1,1,1,1,,1519
53719.5,0.417,-0.755,1.374,-0.225,0.323,-0.053,9.038,327.17,30.43,9.8,0,0,36.585338,341.97,,1,1,1,1,,1519.5
53720,0.376,-0.758,0.942,-0.598,0.324,-0.053,9.045,327.17,30.43,9.8,0,0,36.585338,341.97,,1,1,1,1,,1520
53720.5,0.325,-0.693,0.406,-0.871,0.288,-0.017,9.161,327.17,29.33,10.1,0,0,35.262831,342.27,,1,1,1,1,,1520.5
53721,0.26,-0.571,-0.155,-1.011,0.214,0.028,9.365,327.17,29.33,10.1,0,0,35.262831,342.27,,1,1,1,1,,1521
53721.5,0.174,-0.412,-0.666,-1.01,0.123,0.072,9.611,327.07,29.33,9.2,0,0,35.262831,341.27,,1,1,1,1,,1521.5
53722,0.07,-0.241,-1.06,-0.875,0.028,0.111,9.865,327.07,29.33,9.2,0,0,35.262831,341.27,,1,1,1,1,,1522
53722.5,-0.054,-0.084,-1.294,-0.634,-0.068,0.112,10.097,327.17,29.33,11.8,0,0,35.262831,343.97,,1,1,1,1,,1522.5
53723,-0.193,0.042,-1.346,-0.322,-0.14,0.102,10.285,327.17,29.33,11.8,0,0,35.262831,343.97,,1,1,1,1,,1523
53723.5,-0.338,0.123,-1.218,0.013,-0.179,0.052,10.397,327.17,29.33,9.8,0,0,35.262831,341.97,,1,1,1,1,,1523.5
53724,-0.476,0.15,-0.934,0.342,-0.207,-0.009,10.461,327.17,29.33,9.8,0,0,35.262831,341.97,,1,1,1,1,,1524
53724.5,-0.593,0.122,-0.539,0.606,-0.175,-0.066,10.393,327.17,28.4,9.1,0,0,34.144712,341.27,,1,1,1,1,,1524.5
53725,-0.679,0.047,-0.088,0.786,-0.134,-0.125,10.301,327.17,28.4,9.1,0,0,34.144712,341.27,,1,1,1,1,,1525
53725.5,-0.728,-0.066,0.357,0.854,-0.052,-0.161,10.107,327.07,28.4,7.2,0,0,34.144712,339.27,,1,1,1,1,,1525.5
53726,-0.735,-0.197,0.739,0.812,0.02,-0.206,9.926,327.07,28.4,7.2,0,0,34.144712,339.27,,1,1,1,1,,1526
53726.5,-0.699,-0.332,1.012,0.667,0.107,-0.25,9.695,326.87,28.4,13.6,0,0,34.144712,345.47,,1,1,1,1,,1526.5
53727,-0.63,-0.447,1.14,0.43,0.173,-0.277,9.501,326.87,28.4,13.6,0,0,34.144712,345.47,,1,1,1,1,,1527
53727.5,-0.537,-0.529,1.11,0.144,0.226,-0.243,9.338,326.87,29.33,11.9,0,0,35.262831,343.77,,1,1,1,1,,1527.5
53728,-0.436,-0.566,0.929,-0.162,0.248,-0.169,9.247,326.87,29.33,11.9,0,0,35.262831,343.77,,1,1,1,1,,1528
53728.5,-0.334,-0.553,0.623,-0.438,0.243,-0.076,9.234,326.77,29.33,12.6,0,0,35.262831,344.37,,1,1,1,1,,1528.5
53729,-0.242,-0.495,0.235,-0.659,0.223,-0.006,9.279,326.77,29.33,12.6,0,0,35.262831,344.37,,1,1,1,1,,1529
53729.5,-0.16,-0.398,-0.181,-0.783,0.161,0.051,9.428,326.77,30.43,9.9,0,0,36.585338,341.67,,1,1,1,1,,1529.5
53730,-0.089,-0.277,-0.57,-0.805,0.093,0.06,9.604,326.77,30.43,9.9,0,0,36.585338,341.67,,1,1,1,1,,1530
53730.5,-0.024,-0.149,-0.876,-0.709,0.013,0.028,9.828,326.77,32.28,3.9,0,0,38.809553,335.67,,1,1,1,1,,1530.5
53731,0.034,-0.037,-1.059,-0.523,-0.05,0.015,10.029,326.77,32.28,3.9,0,0,38.809553,335.67,,1,1,1,1,,1531
53731.5,0.085,0.045,-1.096,-0.269,-0.1,0.01,10.193,326.67,32.28,2.4,0,0,38.809553,334.07,,1,1,1,1,,1531.5
53732,0.129,0.09,-0.987,0.009,-0.122,-0.023,10.292,326.67,32.28,2.4,0,0,38.809553,334.07,,1,1,1,1,,1532
53732.5,0.168,0.096,-0.75,0.281,-0.135,-0.033,10.352,326.67,31.35,5.2,0,0,37.691434,336.87,,1,1,1,1,,1532.5
53733,0.211,0.057,-0.418,0.511,-0.118,-0.024,10.326,326.67,31.35,5.2,0,0,37.691434,336.87,,1,1,1,1,,1533
53733.5,0.259,-0.018,-0.035,0.675,-0.089,-0.005,10.258,326.67,31.35,5.9,0,0,37.691434,337.57,,1,1,1,1,,1533.5
53734,0.314,-0.118,0.351,0.756,-0.038,0.027,10.125,326.67,31.35,5.9,0,0,37.691434,337.57,,1,1,1,1,,1534
53734.5,0.376,-0.237,0.694,0.748,0.008,0.055,9.984,326.57,31.35,6.5,0,0,37.691434,338.07,,1,1,1,1,,1534.5
53735,0.436,-0.354,0.954,0.657,0.065,0.083,9.813,326.57,31.35,6.5,0,0,37.691434,338.07,,1,1,1,1,,1535
53735.5,0.489,-0.459,1.1,0.484,0.128,0.137,9.631,326.57,29.33,4.9,0,0,35.262831,336.47,,1,1,1,1,,1535.5
53736,0.533,-0.538,1.116,0.256,0.173,0.157,9.483,326.57,29.33,4.9,0,0,35.262831,336.47,,1,1,1,1,,1536
53736.5,0.562,-0.581,0.997,-0.007,0.205,0.147,9.362,326.57,31.35,7.7,0,0,37.691434,339.27,,1,1,1,1,,1536.5
53737,0.574,-0.583,0.757,-0.265,0.207,0.151,9.318,326.57,31.35,7.7,0,0,37.691434,339.27,,1,1,1,1,,1537
53737.5,0.567,-0.547,0.428,-0.491,0.206,0.149,9.311,326.67,31.35,10.5,0,0,37.691434,342.17,,1,1,1,1,,1537.5
53738,0.547,-0.476,0.047,-0.658,0.171,0.132,9.382,326.67,31.35,10.5,0,0,37.691434,342.17,,1,1,1,1,,1538
53738.5,0.506,-0.377,-0.34,-0.747,0.131,0.145,9.488,326.57,32.28,9.6,0,0,38.809553,341.17,,1,1,1,1,,1538.5
53739,0.449,-0.266,-0.688,-0.747,0.08,0.118,9.642,326.57,32.28,9.6,0,0,38.809553,341.17,,1,1,1,1,,1539
53739.5,0.381,-0.151,-0.956,-0.666,0.031,0.109,9.799,326.57,32.28,9.6,0,0,38.809553,341.17,,1,1,1,1,,1539.5
53740,0.299,-0.046,-1.118,-0.516,-0.01,0.089,9.947,326.57,32.28,9.6,0,0,38.809553,341.17,,1,1,1,1,,1540
53740.5,0.214,0.041,-1.157,-0.314,-0.044,0.096,10.076,326.47,31.35,11.6,0,0,37.691434,343.07,,1,1,1,1,,1540.5
53741,0.125,0.099,-1.074,-0.09,-0.069,0.087,10.166,326.47,31.35,11.6,0,0,37.691434,343.07,,1,1,1,1,,1541
53741.5,0.036,0.127,-0.88,0.139,-0.087,0.032,10.225,326.57,30.43,8.2,0,0,36.585338,339.77,,1,1,1,1,,1541.5
53742,-0.057,0.122,-0.599,0.345,-0.088,-0.042,10.234,326.57,30.43,8.2,0,0,36.585338,339.77,,1,1,1,1,,1542
53742.5,-0.147,0.088,-0.263,0.511,-0.084,-0.138,10.213,326.47,29.33,7.9,0,0,35.262831,339.37,,1,1,1,1,,1542.5
53743,-0.236,0.024,0.095,0.62,-0.06,-0.199,10.137,326.47,29.33,7.9,0,0,35.262831,339.37,,1,1,1,1,,1543
53743.5,-0.32,-0.058,0.435,0.666,-0.027,-0.227,10.055,326.47,29.33,10.8,0,0,35.262831,342.27,,1,1,1,1,,1543.5
53744,-0.395,-0.154,0.728,0.649,0.015,-0.22,9.938,326.47,29.33,10.8,0,0,35.262831,342.27,,1,1,1,1,,1544
53744.5,-0.456,-0.253,0.946,0.573,0.056,-0.193,9.831,326.47,29.33,17.6,0,0,35.262831,349.07,,1,1,1,1,,1544.5
53745,-0.508,-0.352,1.072,0.448,0.096,-0.156,9.721,326.47,29.33,17.6,0,0,35.262831,349.07,,1,1,1,1,,1545
53745.5,-0.54,-0.438,1.097,0.285,0.129,-0.107,9.622,326.57,29.33,11.3,0,0,35.262831,342.87,,1,1,1,1,,1545.5
53746,-0.552,-0.508,1.021,0.102,0.151,-0.048,9.545,326.57,29.33,11.3,0,0,35.262831,342.87,,1,1,1,1,,1546
53746.5,-0.542,-0.555,0.853,-0.088,0.168,0.013,9.487,326.77,29.33,3.9,0,0,35.262831,335.67,,1,1,1,1,,1546.5
53747,-0.514,-0.576,0.611,-0.261,0.162,0.047,9.479,326.77,29.33,3.9,0,0,35.262831,335.67,,1,1,1,1,,1547
53747.5,-0.471,-0.566,0.321,-0.401,0.146,0.047,9.502,326.77,28.4,4.3,0,0,34.144712,336.07,,1,1,1,1,,1547.5
53748,-0.414,-0.53,0.012,-0.496,0.122,0.019,9.557,326.77,28.4,4.3,0,0,34.144712,336.07,,1,1,1,1,,1548
53748.5,-0.351,-0.468,-0.284,-0.54,0.1,-0.035,9.618,326.77,27.48,5.6,0,0,33.038616,337.37,,1,1,1,1,,1548.5
53749,-0.287,-0.391,-0.544,-0.538,0.069,-0.065,9.692,326.77,27.48,5.6,0,0,33.038616,337.37,,1,1,1,1,,1549
53749.5,-0.227,-0.301,-0.749,-0.497,0.049,-0.103,9.761,326.67,27.48,356.9,0,0,33.038616,328.57,,1,1,1,1,,1549.5
53750,-0.168,-0.207,-0.885,-0.42,0.028,-0.124,9.829,326.67,27.48,356.9,0,0,33.038616,328.57,,1,1,1,1,,1550
53750.5,-0.106,-0.115,-0.947,-0.317,0.01,-0.135,9.896,326.67,27.48,3.7,0,0,33.038616,335.37,,1,1,1,1,,1550.5
53751,-0.038,-0.031,-0.935,-0.199,-0.003,-0.127,9.952,326.67,27.48,3.7,0,0,33.038616,335.37,,1,1,1,1,,1551
53751.5,0.035,0.037,-0.853,-0.07,-0.015,-0.08,9.997,326.67,28.4,3.8,0,0,34.144712,335.47,,1,1,1,1,,1551.5
53752,0.118,0.085,-0.71,0.058,-0.021,-0.023,10.03,326.67,28.4,3.8,0,0,34.144712,335.47,,1,1,1,1,,1552
53752.5,0.207,0.109,-0.518,0.182,-0.033,0.055,10.058,326.67,30.43,359.1,0,0,36.585338,330.77,,1,1,1,1,,1552.5
53753,0.292,0.107,-0.291,0.288,-0.028,0.122,10.054,326.67,30.43,359.1,0,0,36.585338,330.77,,1,1,1,1,,1553
53753.5,0.371,0.078,-0.048,0.373,-0.02,0.139,10.041,326.67,29.33,355.4,0,0,35.262831,327.07,,1,1,1,1,,1553.5
53754,0.433,0.023,0.195,0.429,-0.015,0.13,10.013,326.67,29.33,355.4,0,0,35.262831,327.07,,1,1,1,1,,1554
53754.5,0.47,-0.05,0.419,0.453,-0.005,0.128,9.971,326.77,28.4,358.2,0,0,34.144712,329.97,,1,1,1,1,,1554.5
53755,0.479,-0.141,0.61,0.45,0.008,0.107,9.934,326.77,28.4,358.2,0,0,34.144712,329.97,,1,1,1,1,,1555
53755.5,0.459,-0.239,0.757,0.419,0.03,0.074,9.881,326.77,27.48,0.2,0,0,33.038616,331.97,,1,1,1,1,,1555.5
53756,0.419,-0.337,0.85,0.361,0.052,0.05,9.825,326.77,27.48,0.2,0,0,33.038616,331.97,,1,1,1,1,,1556
53756.5,0.361,-0.427,0.884,0.273,0.082,0.064,9.751,326.77,27.48,9.5,0,0,33.038616,341.27,,1,1,1,1,,1556.5
53757,0.294,-0.502,0.852,0.157,0.112,0.056,9.67,326.77,27.48,9.5,0,0,33.038616,341.27,,1,1,1,1,,1557
53757.5,0.224,-0.556,0.753,0.018,0.133,0.109,9.599,326.77,29.33,5.3,0,0,35.262831,337.07,,1,1,1,1,,1557.5
53758,0.158,-0.58,0.589,-0.131,0.156,0.112,9.535,326.77,29.33,5.3,0,0,35.262831,337.07,,1,1,1,1,,1558
53758.5,0.092,-0.578,0.371,-0.272,0.149,0.093,9.519,326.87,30.43,6.9,0,0,36.585338,338.77,,1,1,1,1,,1558.5
53759,0.034,-0.546,0.118,-0.387,0.137,0.082,9.535,326.87,30.43,6.9,0,0,36.585338,338.77,,1,1,1,1,,1559
53759.5,-0.015,-0.487,-0.145,-0.463,0.121,0.036,9.582,326.87,31.35,5.5,0,0,37.691434,337.37,,1,1,1,1,,1559.5
53760,-0.059,-0.408,-0.394,-0.497,0.1,-0.009,9.64,326.87,31.35,5.5,0,0,37.691434,337.37,,1,1,1,1,,1560
53760.5,-0.099,-0.318,-0.607,-0.488,0.075,-0.056,9.709,326.87,31.35,5.5,0,0,37.691434,337.37,,1,1,1,1,,1560.5
53761,-0.139,-0.22,-0.768,-0.44,0.052,-0.12,9.783,326.87,31.35,5.5,0,0,37.691434,337.37,,1,1,1,1,,1561
53761.5,-0.181,-0.125,-0.864,-0.356,0.026,-0.11,9.86,326.97,30.43,7,0,0,36.585338,338.97,,1,1,1,1,,1561.5
53762,-0.229,-0.038,-0.887,-0.244,0.001,-0.117,9.937,326.97,30.43,7,0,0,36.585338,338.97,,1,1,1,1,,1562
53762.5,-0.284,0.028,-0.837,-0.11,-0.024,-0.094,10.005,327.07,31.35,5.9,0,0,37.691434,337.97,,1,1,1,1,,1562.5
53763,-0.347,0.074,-0.716,0.031,-0.037,-0.099,10.049,327.07,31.35,5.9,0,0,37.691434,337.97,,1,1,1,1,,1563
53763.5,-0.412,0.092,-0.538,0.165,-0.047,-0.087,10.076,327.07,29.33,8,0,0,35.262831,340.07,,1,1,1,1,,1563.5
53764,-0.476,0.085,-0.317,0.287,-0.053,-0.082,10.084,327.07,29.33,8,0,0,35.262831,340.07,,1,1,1,1,,1564
53764.5,-0.53,0.051,-0.073,0.384,-0.047,-0.092,10.075,327.07,31.35,6,0,0,37.691434,338.07,,1,1,1,1,,1564.5
53765,-0.568,-0.009,0.178,0.453,-0.037,-0.091,10.051,327.07,31.35,6,0,0,37.691434,338.07,,1,1,1,1,,1565
53765.5,-0.584,-0.087,0.415,0.487,-0.017,-0.122,10.002,327.17,32.28,5.2,0,0,38.809553,337.37,,1,1,1,1,,1565.5
53766,-0.575,-0.179,0.617,0.479,0.017,-0.13,9.928,327.17,32.28,5.2,0,0,38.809553,337.37,,1,1,1,1,,1566
53766.5,-0.546,-0.273,0.769,0.428,0.054,-0.135,9.845,327.17,32.28,3.8,0,0,38.809553,335.97,,1,1,1,1,,1566.5
53767,-0.5,-0.365,0.854,0.34,0.085,-0.078,9.766,327.17,32.28,3.8,0,0,38.809553,335.97,,1,1,1,1,,1567
53767.5,-0.445,-0.447,0.866,0.222,0.112,-0.037,9.687,327.17,32.28,4.1,0,0,38.809553,336.27,,1,1,1,1,,1567.5
53768,-0.382,-0.512,0.805,0.087,0.132,-0.014,9.625,327.17,32.28,4.1,0,0,38.809553,336.27,,1,1,1,1,,1568
53768.5,-0.315,-0.554,0.676,-0.055,0.142,0.008,9.574,327.27,31.35,1.4,0,0,37.691434,333.67,,1,1,1,1,,1568.5
53769,-0.239,-0.573,0.489,-0.192,0.138,0.006,9.557,327.27,31.35,1.4,0,0,37.691434,333.67,,1,1,1,1,,1569
53769.5,-0.156,-0.566,0.262,-0.31,0.134,0.003,9.548,327.27,31.35,6.8,0,0,37.691434,339.07,,1,1,1,1,,1569.5
53770,-0.068,-0.531,0.015,-0.399,0.119,0.001,9.579,327.27,31.35,6.8,0,0,37.691434,339.07,,1,1,1,1,,1570
53770.5,0.02,-0.476,-0.229,-0.451,0.097,-0.02,9.622,327.27,30.43,7.5,0,0,36.585338,339.77,,1,1,1,1,,1570.5
53771,0.102,-0.405,-0.452,-0.465,0.07,-0.045,9.683,327.27,30.43,7.5,0,0,36.585338,339.77,,1,1,1,1,,1571
53771.5,0.17,-0.323,-0.634,-0.445,0.057,-0.07,9.731,327.27,30.43,6.5,0,0,36.585338,338.77,,1,1,1,1,,1571.5
53772,0.221,-0.232,-0.766,-0.399,0.041,-0.049,9.78,327.27,30.43,6.5,0,0,36.585338,338.77,,1,1,1,1,,1572
53772.5,0.245,-0.143,-0.84,-0.329,0.022,-0.023,9.832,327.37,30.43,5.7,0,0,36.585338,338.07,,1,1,1,1,,1572.5
53773,0.245,-0.055,-0.856,-0.244,0.013,0.052,9.878,327.37,30.43,5.7,0,0,36.585338,338.07,,1,1,1,1,,1573
53773.5,0.226,0.023,-0.812,-0.141,0.009,0.097,9.926,327.37,31.35,3.4,0,0,37.691434,335.77,,1,1,1,1,,1573.5
53774,0.194,0.084,-0.714,-0.032,0,0.124,9.968,327.37,31.35,3.4,0,0,37.691434,335.77,,1,1,1,1,,1574
53774.5,0.158,0.129,-0.567,0.082,-0.007,0.096,10.01,327.37,30.43,8.2,0,0,36.585338,340.57,,1,1,1,1,,1574.5
53775,0.123,0.147,-0.378,0.198,-0.016,0.096,10.046,327.37,30.43,8.2,0,0,36.585338,340.57,,1,1,1,1,,1575
53775.5,0.095,0.139,-0.157,0.312,-0.037,0.103,10.089,327.47,30.43,3.3,0,0,36.585338,335.77,,1,1,1,1,,1575.5
53776,0.078,0.098,0.087,0.419,-0.05,0.085,10.108,327.47,30.43,3.3,0,0,36.585338,335.77,,1,1,1,1,,1576
53776.5,0.069,0.025,0.342,0.513,-0.061,0.055,10.122,327.57,30.43,0.1,0,0,36.585338,332.67,,1,1,1,1,,1576.5
53777,0.064,-0.078,0.596,0.586,-0.066,0.005,10.11,327.57,30.43,0.1,0,0,36.585338,332.67,,1,1,1,1,,1577
53777.5,0.054,-0.207,0.829,0.618,-0.047,-0.033,10.059,327.47,29.33,1,0,0,35.262831,333.47,,1,1,1,1,,1577.5
53778,0.039,-0.351,1.022,0.605,-0.013,-0.065,9.974,327.47,29.33,1,0,0,35.262831,333.47,,1,1,1,1,,1578
53778.5,0.012,-0.5,1.152,0.533,0.032,-0.094,9.859,327.37,30.43,0.5,0,0,36.585338,332.87,,1,1,1,1,,1578.5
53779,-0.03,-0.641,1.202,0.413,0.077,-0.099,9.744,327.37,30.43,0.5,0,0,36.585338,332.87,,1,1,1,1,,1579
53779.5,-0.082,-0.762,1.156,0.233,0.14,-0.099,9.586,327.57,30.43,2,0,0,36.585338,334.57,,1,1,1,1,,1579.5
53780,-0.141,-0.848,1.007,0.015,0.182,-0.047,9.463,327.57,30.43,2,0,0,36.585338,334.57,,1,1,1,1,,1580
53780.5,-0.203,-0.888,0.754,-0.237,0.229,0.021,9.321,327.67,31.35,1,0,0,37.691434,333.67,,1,1,1,1,,1580.5
53781,-0.267,-0.873,0.405,-0.496,0.25,0.111,9.243,327.67,31.35,1,0,0,37.691434,333.67,,1,1,1,1,,1581
53781.5,-0.329,-0.801,-0.018,-0.74,0.261,0.16,9.188,327.77,31.35,1,0,0,37.691434,333.77,,1,1,1,1,,1581.5
53782,-0.387,-0.668,-0.484,-0.931,0.228,0.117,9.249,327.77,31.35,1,0,0,37.691434,333.77,,1,1,1,1,,1582
53782.5,-0.437,-0.489,-0.946,-1.036,0.185,0.016,9.36,327.77,31.35,357.6,0,0,37.691434,330.37,,1,1,1,1,,1582.5
53783,-0.477,-0.278,-1.353,-1.034,0.108,-0.118,9.558,327.77,31.35,357.6,0,0,37.691434,330.37,,1,1,1,1,,1583
53783.5,-0.508,-0.053,-1.652,-0.914,0.026,-0.242,9.778,327.87,31.35,1.7,0,0,37.691434,334.57,,1,1,1,1,,1583.5
53784,-0.527,0.159,-1.804,-0.694,-0.059,-0.283,10.015,327.87,31.35,1.7,0,0,37.691434,334.57,,1,1,1,1,,1584
53784.5,-0.528,0.339,-1.784,-0.388,-0.124,-0.279,10.223,327.77,29.33,3,0,0,35.262831,335.77,,1,1,1,1,,1584.5
53785,-0.512,0.464,-1.587,-0.04,-0.177,-0.247,10.385,327.77,29.33,3,0,0,35.262831,335.77,,1,1,1,1,,1585
53785.5,-0.479,0.523,-1.227,0.324,-0.211,-0.135,10.497,327.77,31.35,1.5,0,0,37.691434,334.27,,1,1,1,1,,1585.5
53786,-0.434,0.511,-0.739,0.647,-0.204,-0.063,10.505,327.77,31.35,1.5,0,0,37.691434,334.27,,1,1,1,1,,1586
53786.5,-0.378,0.428,-0.172,0.91,-0.19,0.019,10.472,327.87,30.43,4.3,0,0,36.585338,337.17,,1,1,1,1,,1586.5
53787,-0.319,0.286,0.415,1.068,-0.128,0.044,10.324,327.87,30.43,4.3,0,0,36.585338,337.17,,1,1,1,1,,1587
53787.5,-0.262,0.1,0.964,1.132,-0.092,0.027,10.214,327.87,29.33,1.8,0,0,35.262831,334.67,,1,1,1,1,,1587.5
53788,-0.205,-0.118,1.426,1.091,-0.013,0.016,10.012,327.87,29.33,1.8,0,0,35.262831,334.67,,1,1,1,1,,1588
53788.5,-0.161,-0.344,1.76,0.961,0.035,-0.009,9.869,327.97,31.35,3.5,0,0,37.691434,336.47,,1,1,1,1,,1588.5
53789,-0.128,-0.565,1.942,0.751,0.122,0.022,9.655,327.97,31.35,3.5,0,0,37.691434,336.47,,1,1,1,1,,1589
53789.5,-0.112,-0.758,1.955,0.479,0.16,0.007,9.519,327.97,29.33,5.6,0,0,35.262831,338.57,,1,1,1,1,,1589.5
53790,-0.112,-0.907,1.804,0.173,0.22,-0.018,9.356,327.97,29.33,5.6,0,0,35.262831,338.57,,1,1,1,1,,1590
53790.5,-0.115,-1.004,1.498,-0.153,0.252,-0.02,9.263,328.07,31.35,6.8,0,0,37.691434,339.87,,1,1,1,1,,1590.5
53791,-0.12,-1.036,1.066,-0.459,0.275,-0.042,9.194,328.07,31.35,6.8,0,0,37.691434,339.87,,1,1,1,1,,1591
53791.5,-0.117,-1.005,0.542,-0.738,0.275,-0.04,9.186,328.07,31.35,5,0,0,37.691434,338.07,,1,1,1,1,,1591.5
53792,-0.101,-0.908,-0.028,-0.94,0.248,-0.064,9.248,328.07,31.35,5,0,0,37.691434,338.07,,1,1,1,1,,1592
53792.5,-0.07,-0.759,-0.594,-1.068,0.208,-0.064,9.348,328.17,30.43,7.3,0,0,36.585338,340.47,,1,1,1,1,,1592.5
53793,-0.024,-0.57,-1.104,-1.086,0.132,-0.056,9.521,328.17,30.43,7.3,0,0,36.585338,340.47,,1,1,1,1,,1593
53793.5,0.028,-0.352,-1.514,-1.02,0.079,-0.023,9.67,328.17,31.35,8.6,0,0,37.691434,341.77,,1,1,1,1,,1593.5
53794,0.082,-0.131,-1.789,-0.853,-0.007,0.037,9.884,328.17,31.35,8.6,0,0,37.691434,341.77,,1,1,1,1,,1594
53794.5,0.123,0.076,-1.904,-0.621,-0.054,0.085,10.024,328.17,31.35,9.6,0,0,37.691434,342.77,,1,1,1,1,,1594.5
53795,0.146,0.256,-1.854,-0.335,-0.128,0.108,10.203,328.17,31.35,9.6,0,0,37.691434,342.77,,1,1,1,1,,1595
53795.5,0.147,0.392,-1.644,-0.029,-0.155,0.107,10.287,328.17,32.28,12.1,0,0,38.809553,345.27,,1,1,1,1,,1595.5
53796,0.126,0.47,-1.298,0.276,-0.193,0.076,10.389,328.17,32.28,12.1,0,0,38.809553,345.27,,1,1,1,1,,1596
53796.5,0.082,0.487,-0.843,0.559,-0.191,0.06,10.399,328.17,31.35,13,0,0,37.691434,346.17,,1,1,1,1,,1596.5
53797,0.028,0.442,-0.321,0.791,-0.192,0.02,10.406,328.17,31.35,13,0,0,37.691434,346.17,,1,1,1,1,,1597
53797.5,-0.032,0.336,0.228,0.965,-0.16,-0.005,10.334,328.17,32.28,13.7,0,0,38.809553,346.87,,1,1,1,1,,1597.5
53798,-0.086,0.174,0.754,1.048,-0.114,-0.042,10.225,328.17,32.28,13.7,0,0,38.809553,346.87,,1,1,1,1,,1598
53798.5,-0.13,-0.029,1.215,1.049,-0.055,-0.044,10.086,328.27,31.35,11.8,0,0,37.691434,345.07,,1,1,1,1,,1598.5
53799,-0.16,-0.255,1.569,0.946,0.036,-0.057,9.888,328.27,31.35,11.8,0,0,37.691434,345.07,,1,1,1,1,,1599
53799.5,-0.173,-0.483,1.781,0.761,0.116,-0.061,9.699,328.27,31.35,12.7,0,0,37.691434,345.97,,1,1,1,1,,1599.5
53800,-0.172,-0.694,1.829,0.486,0.201,-0.079,9.476,328.27,31.35,12.7,0,0,37.691434,345.97,,1,1,1,1,,1600
53800.5,-0.161,-0.864,1.701,0.158,0.257,-0.097,9.306,328.37,31.35,11.4,0,0,37.691434,344.77,,1,1,1,1,,1600.5
53801,-0.144,-0.974,1.406,-0.201,0.304,-0.076,9.158,328.37,31.35,11.4,0,0,37.691434,344.77,,1,1,1,1,,1601
53801.5,-0.128,-1.01,0.967,-0.537,0.298,-0.056,9.133,328.37,31.35,12.4,0,0,37.691434,345.77,,1,1,1,1,,1601.5
53802,-0.111,-0.97,0.433,-0.819,0.286,-0.052,9.144,328.37,31.35,12.4,0,0,37.691434,345.77,,1,1,1,1,,1602
53802.5,-0.103,-0.859,-0.142,-1.008,0.226,-0.02,9.271,328.47,31.35,7,0,0,37.691434,340.47,,1,1,1,1,,1602.5
53803,-0.104,-0.69,-0.694,-1.084,0.157,-0.001,9.427,328.47,31.35,7,0,0,37.691434,340.47,,1,1,1,1,,1603
53803.5,-0.114,-0.48,-1.168,-1.05,0.078,0.011,9.629,328.47,30.43,8.2,0,0,36.585338,341.67,,1,1,1,1,,1603.5
53804,-0.134,-0.254,-1.514,-0.908,0.01,0.041,9.826,328.47,30.43,8.2,0,0,36.585338,341.67,,1,1,1,1,,1604
53804.5,-0.16,-0.033,-1.704,-0.687,-0.057,0.031,10.019,328.47,28.4,7.1,0,0,34.144712,340.57,,1,1,1,1,,1604.5
53805,-0.19,0.163,-1.723,-0.402,-0.105,0.034,10.184,328.47,28.4,7.1,0,0,34.144712,340.57,,1,1,1,1,,1605
53805.5,-0.221,0.315,-1.574,-0.095,-0.135,0.007,10.294,328.47,28.4,7.7,0,0,34.144712,341.17,,1,1,1,1,,1605.5
53806,-0.244,0.412,-1.28,0.215,-0.154,-0.01,10.372,328.47,28.4,7.7,0,0,34.144712,341.17,,1,1,1,1,,1606
53806.5,-0.255,0.445,-0.872,0.485,-0.139,-0.026,10.359,328.57,27.48,6.9,0,0,33.038616,340.47,,1,1,1,1,,1606.5
53807,-0.251,0.414,-0.396,0.7,-0.139,-0.015,10.335,328.57,27.48,6.9,0,0,33.038616,340.47,,1,1,1,1,,1607
53807.5,-0.235,0.326,0.101,0.839,-0.105,-0.031,10.239,328.57,28.4,11.2,0,0,34.144712,344.77,,1,1,1,1,,1607.5
53808,-0.212,0.191,0.572,0.904,-0.078,-0.081,10.15,328.57,28.4,11.2,0,0,34.144712,344.77,,1,1,1,1,,1608
53808.5,-0.185,0.021,0.982,0.898,-0.041,-0.081,10.027,328.57,29.33,8.9,0,0,35.262831,342.47,,1,1,1,1,,1608.5
53809,-0.155,-0.171,1.299,0.822,-0.008,-0.124,9.912,328.57,29.33,8.9,0,0,35.262831,342.47,,1,1,1,1,,1609
53809.5,-0.125,-0.369,1.504,0.689,0.043,-0.154,9.781,328.57,29.33,10.9,0,0,35.262831,344.47,,1,1,1,1,,1609.5
53810,-0.094,-0.557,1.583,0.506,0.087,-0.124,9.668,328.57,29.33,10.9,0,0,35.262831,344.47,,1,1,1,1,,1610
53810.5,-0.063,-0.725,1.535,0.294,0.132,-0.112,9.563,328.67,29.33,13.5,0,0,35.262831,347.17,,1,1,1,1,,1610.5
53811,-0.034,-0.858,1.365,0.054,0.183,-0.07,9.459,328.67,29.33,13.5,0,0,35.262831,347.17,,1,1,1,1,,1611
53811.5,-0.008,-0.947,1.087,-0.187,0.217,-0.014,9.382,328.77,29.33,11.4,0,0,35.262831,345.17,,1,1,1,1,,1611.5
53812,0.007,-0.982,0.719,-0.431,0.249,0.061,9.311,328.77,29.33,11.4,0,0,35.262831,345.17,,1,1,1,1,,1612
53812.5,0.014,-0.956,0.286,-0.644,0.254,0.089,9.301,328.77,30.43,9.3,0,0,36.585338,343.07,,1,1,1,1,,1612.5
53813,0.012,-0.871,-0.181,-0.82,0.255,0.151,9.303,328.77,30.43,9.3,0,0,36.585338,343.07,,1,1,1,1,,1613
53813.5,0,-0.732,-0.648,-0.932,0.207,0.168,9.393,328.87,32.28,13.4,0,0,38.809553,347.27,,1,1,1,1,,1613.5
53814,-0.017,-0.546,-1.074,-0.975,0.163,0.141,9.479,328.87,32.28,13.4,0,0,38.809553,347.27,,1,1,1,1,,1614
53814.5,-0.041,-0.329,-1.425,-0.934,0.084,0.103,9.643,328.97,30.43,11.6,0,0,36.585338,345.57,,1,1,1,1,,1614.5
53815,-0.074,-0.095,-1.665,-0.806,0.007,0.019,9.805,328.97,30.43,11.6,0,0,36.585338,345.57,,1,1,1,1,,1615
53815.5,-0.118,0.13,-1.77,-0.605,-0.074,-0.068,9.992,328.97,30.43,12.4,0,0,36.585338,346.37,,1,1,1,1,,1615.5
53816,-0.171,0.328,-1.724,-0.342,-0.125,-0.097,10.144,328.97,30.43,12.4,0,0,36.585338,346.37,,1,1,1,1,,1616
53816.5,-0.224,0.481,-1.528,-0.044,-0.178,-0.117,10.296,328.97,30.43,12.4,0,0,36.585338,346.37,,1,1,1,1,,1616.5
53817,-0.277,0.569,-1.192,0.272,-0.208,-0.118,10.394,328.97,30.43,12.4,0,0,36.585338,346.37,,1,1,1,1,,1617
53817.5,-0.314,0.586,-0.743,0.573,-0.229,-0.094,10.466,328.97,32.28,11.5,0,0,38.809553,345.47,,1,1,1,1,,1617.5
53818,-0.333,0.526,-0.213,0.842,-0.216,-0.08,10.483,328.97,32.28,11.5,0,0,38.809553,345.47,,1,1,1,1,,1618
53818.5,-0.328,0.391,0.355,1.04,-0.171,-0.129,10.412,329.07,31.35,10.6,0,0,37.691434,344.67,,1,1,1,1,,1618.5
53819,-0.296,0.189,0.909,1.151,-0.121,-0.123,10.294,329.07,31.35,10.6,0,0,37.691434,344.67,,1,1,1,1,,1619
53819.5,-0.245,-0.06,1.395,1.142,-0.039,-0.109,10.086,329.07,30.43,8.1,0,0,36.585338,342.17,,1,1,1,1,,1619.5
53820,-0.185,-0.33,1.76,1.017,0.047,-0.103,9.86,329.07,30.43,8.1,0,0,36.585338,342.17,,1,1,1,1,,1620
53820.5,-0.116,-0.596,1.961,0.777,0.154,-0.009,9.595,329.07,30.43,15,0,0,36.585338,349.07,,1,1,1,1,,1620.5
53821,-0.05,-0.825,1.972,0.456,0.22,0.039,9.397,329.07,30.43,15,0,0,36.585338,349.07,,1,1,1,1,,1621
53821.5,0.005,-0.997,1.789,0.082,0.291,0.114,9.203,329.07,31.35,17.4,0,0,37.691434,351.47,,1,1,1,1,,1621.5
53822,0.046,-1.092,1.429,-0.296,0.314,0.155,9.119,329.07,31.35,17.4,0,0,37.691434,351.47,,1,1,1,1,,1622
53822.5,0.066,-1.105,0.93,-0.637,0.311,0.13,9.093,329.17,33.2,14.5,0,0,39.915649,348.67,,1,1,1,1,,1622.5
53823,0.059,-1.033,0.344,-0.912,0.282,0.059,9.149,329.17,33.2,14.5,0,0,39.915649,348.67,,1,1,1,1,,1623
53823.5,0.025,-0.884,-0.266,-1.082,0.23,-0.012,9.276,329.27,31.35,16.4,0,0,37.691434,350.67,,1,1,1,1,,1623.5
53824,-0.033,-0.676,-0.84,-1.141,0.158,-0.05,9.458,329.27,31.35,16.4,0,0,37.691434,350.67,,1,1,1,1,,1624
53824.5,-0.107,-0.432,-1.317,-1.071,0.066,-0.084,9.692,329.37,32.28,11.4,0,0,38.809553,345.77,,1,1,1,1,,1624.5
53825,-0.19,-0.176,-1.647,-0.894,-0.002,-0.082,9.899,329.37,32.28,11.4,0,0,38.809553,345.77,,1,1,1,1,,1625
53825.5,-0.271,0.061,-1.801,-0.619,-0.103,-0.068,10.146,329.37,30.43,15.7,0,0,36.585338,350.07,,1,1,1,1,,1625.5
53826,-0.339,0.258,-1.763,-0.285,-0.166,-0.086,10.31,329.37,30.43,15.7,0,0,36.585338,350.07,,1,1,1,1,,1626
53826.5,-0.391,0.392,-1.541,0.077,-0.211,-0.085,10.448,329.47,31.35,8.7,0,0,37.691434,343.17,,1,1,1,1,,1626.5
53827,-0.418,0.45,-1.162,0.419,-0.225,-0.093,10.484,329.47,31.35,8.7,0,0,37.691434,343.17,,1,1,1,1,,1627
53827.5,-0.419,0.431,-0.674,0.706,-0.227,-0.12,10.476,329.47,31.35,10.3,0,0,37.691434,344.77,,1,1,1,1,,1627.5
53828,-0.394,0.338,-0.13,0.903,-0.171,-0.093,10.343,329.47,31.35,10.3,0,0,37.691434,344.77,,1,1,1,1,,1628
53828.5,-0.351,0.183,0.401,0.983,-0.109,-0.064,10.175,329.57,32.28,8.9,0,0,38.809553,343.47,,1,1,1,1,,1628.5
53829,-0.296,-0.013,0.86,0.943,-0.024,-0.034,9.952,329.57,32.28,8.9,0,0,38.809553,343.47,,1,1,1,1,,1629
53829.5,-0.24,-0.219,1.193,0.781,0.077,-0.004,9.705,329.47,29.33,8.4,0,0,35.262831,342.87,,1,1,1,1,,1629.5
53830,-0.187,-0.415,1.364,0.528,0.161,0.034,9.487,329.47,29.33,8.4,0,0,35.262831,342.87,,1,1,1,1,,1630
53830.5,-0.145,-0.577,1.355,0.212,0.231,0.041,9.309,329.57,30.43,11,0,0,36.585338,345.57,,1,1,1,1,,1630.5
53831,-0.113,-0.682,1.176,-0.122,0.271,0.026,9.209,329.57,30.43,11,0,0,36.585338,345.57,,1,1,1,1,,1631
53831.5,-0.095,-0.722,0.854,-0.43,0.284,0.029,9.183,329.57,30.43,11.9,0,0,36.585338,346.47,,1,1,1,1,,1631.5
53832,-0.087,-0.695,0.438,-0.663,0.238,0.03,9.28,329.57,30.43,11.9,0,0,36.585338,346.47,,1,1,1,1,,1632
53832.5,-0.094,-0.609,-0.011,-0.799,0.194,0.021,9.416,329.57,32.28,11.4,0,0,38.809553,345.97,,1,1,1,1,,1632.5
53833,-0.111,-0.478,-0.43,-0.812,0.114,-0.006,9.628,329.57,32.28,11.4,0,0,38.809553,345.97,,1,1,1,1,,1633
53833.5,-0.141,-0.321,-0.761,-0.708,0.018,-0.03,9.859,329.67,33.2,12.1,0,0,39.915649,346.77,,1,1,1,1,,1633.5
53834,-0.179,-0.163,-0.962,-0.511,-0.049,-0.052,10.065,329.67,33.2,12.1,0,0,39.915649,346.77,,1,1,1,1,,1634
53834.5,-0.219,-0.024,-1.012,-0.249,-0.099,-0.053,10.222,329.77,33.2,9.1,0,0,39.915649,343.87,,1,1,1,1,,1634.5
53835,-0.259,0.077,-0.911,0.035,-0.141,-0.104,10.324,329.77,33.2,9.1,0,0,39.915649,343.87,,1,1,1,1,,1635
53835.5,-0.291,0.129,-0.682,0.304,-0.148,-0.118,10.353,329.77,32.28,8.4,0,0,38.809553,343.17,,1,1,1,1,,1635.5
53836,-0.31,0.126,-0.363,0.514,-0.124,-0.08,10.287,329.77,32.28,8.4,0,0,38.809553,343.17,,1,1,1,1,,1636
53836.5,-0.313,0.076,-0.003,0.651,-0.107,-0.071,10.2,329.77,31.35,6.2,0,0,37.691434,340.97,,1,1,1,1,,1636.5
53837,-0.296,-0.021,0.348,0.696,-0.051,-0.063,10.048,329.77,31.35,6.2,0,0,37.691434,340.97,,1,1,1,1,,1637
53837.5,-0.255,-0.144,0.644,0.658,-0.002,-0.082,9.9,329.87,30.43,9.4,0,0,36.585338,344.27,,1,1,1,1,,1637.5
53838,-0.197,-0.281,0.853,0.54,0.059,-0.098,9.734,329.87,30.43,9.4,0,0,36.585338,344.27,,1,1,1,1,,1638
53838.5,-0.125,-0.411,0.948,0.361,0.114,-0.13,9.592,329.87,31.35,5.8,0,0,37.691434,340.67,,1,1,1,1,,1638.5
53839,-0.047,-0.52,0.923,0.144,0.156,-0.084,9.475,329.87,31.35,5.8,0,0,37.691434,340.67,,1,1,1,1,,1639
53839.5,0.026,-0.595,0.782,-0.088,0.185,0.007,9.407,329.97,30.43,1.5,0,0,36.585338,336.47,,1,1,1,1,,1639.5
53840,0.085,-0.629,0.544,-0.308,0.203,0.056,9.367,329.97,30.43,1.5,0,0,36.585338,336.47,,1,1,1,1,,1640
53840.5,0.124,-0.619,0.237,-0.495,0.199,0.109,9.38,329.97,29.33,1.9,0,0,35.262831,336.87,,1,1,1,1,,1640.5
53841,0.143,-0.56,-0.105,-0.626,0.18,0.114,9.444,329.97,29.33,1.9,0,0,35.262831,336.87,,1,1,1,1,,1641
53841.5,0.141,-0.463,-0.442,-0.69,0.144,0.115,9.542,330.17,29.33,355.8,0,0,35.262831,330.97,,1,1,1,1,,1641.5
53842,0.119,-0.337,-0.735,-0.672,0.088,0.113,9.683,330.17,29.33,355.8,0,0,35.262831,330.97,,1,1,1,1,,1642
53842.5,0.08,-0.195,-0.951,-0.584,0.034,0.152,9.825,330.17,29.33,354.8,0,0,35.262831,329.97,,1,1,1,1,,1642.5
53843,0.024,-0.056,-1.064,-0.43,-0.029,0.166,9.977,330.17,29.33,354.8,0,0,35.262831,329.97,,1,1,1,1,,1643
53843.5,-0.04,0.069,-1.062,-0.23,-0.071,0.149,10.094,330.17,28.4,356.9,0,0,34.144712,332.07,,1,1,1,1,,1643.5
53844,-0.108,0.163,-0.944,0,-0.114,0.106,10.212,330.17,28.4,356.9,0,0,34.144712,332.07,,1,1,1,1,,1644
53844.5,-0.171,0.214,-0.719,0.238,-0.144,0.013,10.284,330.17,27.48,0.1,0,0,33.038616,335.27,,1,1,1,1,,1644.5
53845,-0.223,0.215,-0.408,0.459,-0.139,-0.094,10.309,330.17,27.48,0.1,0,0,33.038616,335.27,,1,1,1,1,,1645
53845.5,-0.256,0.165,-0.041,0.634,-0.118,-0.192,10.266,330.17,26.56,7.5,0,0,31.932519,342.67,,1,1,1,1,,1645.5
53846,-0.268,0.067,0.338,0.737,-0.086,-0.258,10.17,330.17,26.56,7.5,0,0,31.932519,342.67,,1,1,1,1,,1646
53846.5,-0.263,-0.066,0.686,0.751,-0.028,-0.283,10.013,330.17,27.48,10.1,0,0,33.038616,345.27,,1,1,1,1,,1646.5
53847,-0.244,-0.22,0.959,0.672,0.037,-0.272,9.829,330.17,27.48,10.1,0,0,33.038616,345.27,,1,1,1,1,,1647
53847.5,-0.211,-0.376,1.121,0.508,0.097,-0.2,9.649,330.17,30.43,6.9,0,0,36.585338,342.07,,1,1,1,1,,1647.5
53848,-0.176,-0.512,1.153,0.287,0.145,-0.104,9.505,330.17,30.43,6.9,0,0,36.585338,342.07,,1,1,1,1,,1648
53848.5,-0.142,-0.612,1.052,0.037,0.183,0.007,9.403,330.27,31.35,4.6,0,0,37.691434,339.87,,1,1,1,1,,1648.5
53849,-0.108,-0.672,0.834,-0.206,0.193,0.091,9.365,330.27,31.35,4.6,0,0,37.691434,339.87,,1,1,1,1,,1649
53849.5,-0.078,-0.683,0.529,-0.416,0.2,0.147,9.367,330.37,32.28,4.1,0,0,38.809553,339.47,,1,1,1,1,,1649.5
53850,-0.058,-0.642,0.173,-0.573,0.182,0.181,9.427,330.37,32.28,4.1,0,0,38.809553,339.47,,1,1,1,1,,1650
53850.5,-0.051,-0.565,-0.19,-0.657,0.154,0.198,9.527,330.47,33.2,4.4,0,0,39.915649,339.87,,1,1,1,1,,1650.5
53851,-0.059,-0.452,-0.521,-0.671,0.118,0.169,9.636,330.47,33.2,4.4,0,0,39.915649,339.87,,1,1,1,1,,1651
53851.5,-0.078,-0.323,-0.788,-0.619,0.072,0.087,9.757,330.57,33.2,2.6,0,0,39.915649,338.17,,1,1,1,1,,1651.5
53852,-0.109,-0.189,-0.969,-0.514,0.045,0.007,9.855,330.57,33.2,2.6,0,0,39.915649,338.17,,1,1,1,1,,1652
53852.5,-0.145,-0.063,-1.051,-0.367,-0.006,-0.074,9.962,330.57,33.2,2.1,0,0,39.915649,337.67,,1,1,1,1,,1652.5
53853,-0.187,0.046,-1.03,-0.193,-0.052,-0.128,10.057,330.57,33.2,2.1,0,0,39.915649,337.67,,1,1,1,1,,1653
53853.5,-0.225,0.128,-0.911,0,-0.08,-0.099,10.134,330.47,33.2,5.2,0,0,39.915649,340.67,,1,1,1,1,,1653.5
53854,-0.255,0.178,-0.704,0.196,-0.114,-0.065,10.188,330.47,33.2,5.2,0,0,39.915649,340.67,,1,1,1,1,,1654
53854.5,-0.274,0.19,-0.429,0.374,-0.129,-0.063,10.208,330.47,33.2,0.7,0,0,39.915649,336.17,,1,1,1,1,,1654.5
53855,-0.275,0.162,-0.11,0.526,-0.129,-0.059,10.211,330.47,33.2,0.7,0,0,39.915649,336.17,,1,1,1,1,,1655
53855.5,-0.258,0.095,0.229,0.639,-0.116,-0.079,10.175,330.47,32.28,8.6,0,0,38.809553,344.07,,1,1,1,1,,1655.5
53856,-0.223,-0.009,0.556,0.699,-0.082,-0.11,10.105,330.47,32.28,8.6,0,0,38.809553,344.07,,1,1,1,1,,1656
53856.5,-0.172,-0.135,0.841,0.696,-0.025,-0.128,9.994,330.37,32.28,6.9,0,0,38.809553,342.27,,1,1,1,1,,1656.5
53857,-0.107,-0.279,1.055,0.62,0.04,-0.118,9.849,330.37,32.28,6.9,0,0,38.809553,342.27,,1,1,1,1,,1657
53857.5,-0.032,-0.427,1.171,0.474,0.106,-0.073,9.692,330.37,31.35,1.7,0,0,37.691434,337.07,,1,1,1,1,,1657.5
53858,0.039,-0.559,1.17,0.265,0.174,-0.032,9.528,330.37,31.35,1.7,0,0,37.691434,337.07,,1,1,1,1,,1658
53858.5,0.102,-0.66,1.042,0.011,0.22,0.026,9.383,330.37,32.28,5.9,0,0,38.809553,341.27,,1,1,1,1,,1658.5
53859,0.153,-0.717,0.794,-0.262,0.249,0.08,9.279,330.37,32.28,5.9,0,0,38.809553,341.27,,1,1,1,1,,1659
53859.5,0.184,-0.721,0.444,-0.523,0.25,0.132,9.232,330.47,35.97,4.3,0,0,43.245961,339.77,,1,1,1,1,,1659.5
53860,0.191,-0.669,0.025,-0.738,0.221,0.15,9.269,330.47,35.97,4.3,0,0,43.245961,339.77,,1,1,1,1,,1660
53860.5,0.18,-0.563,-0.417,-0.878,0.195,0.136,9.351,330.57,35.97,5,0,0,43.245961,340.57,,1,1,1,1,,1660.5
53861,0.154,-0.413,-0.835,-0.924,0.127,0.112,9.513,330.57,35.97,5,0,0,43.245961,340.57,,1,1,1,1,,1661
53861.5,0.118,-0.235,-1.175,-0.858,0.047,0.064,9.723,330.67,37.07,5.3,0,0,44.568467,340.97,,1,1,1,1,,1661.5
53862,0.076,-0.049,-1.395,-0.692,-0.029,0.04,9.941,330.67,37.07,5.3,0,0,44.568467,340.97,,1,1,1,1,,1662
53862.5,0.032,0.119,-1.463,-0.434,-0.096,-0.008,10.151,330.67,35.97,3.8,0,0,43.245961,339.47,,1,1,1,1,,1662.5
53863,-0.008,0.252,-1.366,-0.122,-0.152,-0.03,10.321,330.67,35.97,3.8,0,0,43.245961,339.47,,1,1,1,1,,1663
53863.5,-0.043,0.335,-1.11,0.211,-0.195,-0.033,10.442,330.67,35.04,9.7,0,0,42.127842,345.37,,1,1,1,1,,1663.5
53864,-0.071,0.355,-0.722,0.524,-0.194,-0.035,10.472,330.67,35.04,9.7,0,0,42.127842,345.37,,1,1,1,1,,1664
53864.5,-0.084,0.312,-0.248,0.774,-0.167,-0.032,10.42,330.57,35.04,11.6,0,0,42.127842,347.17,,1,1,1,1,,1664.5
53865,-0.087,0.214,0.258,0.931,-0.127,0.015,10.306,330.57,35.04,11.6,0,0,42.127842,347.17,,1,1,1,1,,1665
53865.5,-0.081,0.069,0.735,0.972,-0.043,0.091,10.105,330.67,35.04,9.1,0,0,42.127842,344.77,,1,1,1,1,,1665.5
53866,-0.07,-0.101,1.124,0.898,0.027,0.127,9.892,330.67,35.04,9.1,0,0,42.127842,344.77,,1,1,1,1,,1666
53866.5,-0.056,-0.28,1.383,0.722,0.088,0.112,9.682,330.57,34.12,10,0,0,41.021746,345.57,,1,1,1,1,,1666.5
53867,-0.043,-0.444,1.482,0.472,0.144,0.055,9.513,330.57,34.12,10,0,0,41.021746,345.57,,1,1,1,1,,1667
53867.5,-0.038,-0.576,1.421,0.188,0.195,-0.035,9.386,330.47,35.04,4.8,0,0,42.127842,340.27,,1,1,1,1,,1667.5
53868,-0.033,-0.668,1.214,-0.097,0.207,-0.122,9.329,330.47,35.04,4.8,0,0,42.127842,340.27,,1,1,1,1,,1668
53868.5,-0.029,-0.71,0.893,-0.351,0.204,-0.185,9.325,330.47,37.07,3,0,0,44.568467,338.47,,1,1,1,1,,1668.5
53869,-0.028,-0.7,0.497,-0.554,0.203,-0.213,9.362,330.47,37.07,3,0,0,44.568467,338.47,,1,1,1,1,,1669
53869.5,-0.022,-0.646,0.073,-0.682,0.168,-0.203,9.46,330.47,35.97,3.2,0,0,43.245961,338.67,,1,1,1,1,,1669.5
53870,-0.014,-0.555,-0.333,-0.735,0.133,-0.169,9.573,330.47,35.97,3.2,0,0,43.245961,338.67,,1,1,1,1,,1670
53870.5,-0.006,-0.445,-0.684,-0.71,0.097,-0.094,9.697,330.47,35.04,4.1,0,0,42.127842,339.57,,1,1,1,1,,1670.5
53871,0.007,-0.321,-0.947,-0.62,0.045,0.008,9.83,330.47,35.04,4.1,0,0,42.127842,339.57,,1,1,1,1,,1671
53871.5,0.015,-0.203,-1.103,-0.474,0.002,0.102,9.951,330.57,35.97,4.5,0,0,43.245961,340.07,,1,1,1,1,,1671.5
53872,0.015,-0.098,-1.145,-0.298,-0.025,0.163,10.033,330.57,35.97,4.5,0,0,43.245961,340.07,,1,1,1,1,,1672
53872.5,0.005,-0.015,-1.078,-0.108,-0.051,0.185,10.1,330.67,35.04,2.7,0,0,42.127842,338.37,,1,1,1,1,,1672.5
53873,-0.019,0.044,-0.917,0.076,-0.067,0.196,10.123,330.67,35.04,2.7,0,0,42.127842,338.37,,1,1,1,1,,1673
53873.5,-0.055,0.075,-0.687,0.233,-0.076,0.171,10.115,330.67,34.12,4.6,0,0,41.021746,340.27,,1,1,1,1,,1673.5
53874,-0.1,0.083,-0.416,0.345,-0.064,0.126,10.066,330.67,34.12,4.6,0,0,41.021746,340.27,,1,1,1,1,,1674
53874.5,-0.151,0.069,-0.136,0.409,-0.042,0.091,9.995,330.67,35.04,2.9,0,0,42.127842,338.57,,1,1,1,1,,1674.5
53875,-0.197,0.039,0.124,0.425,-0.024,0.046,9.92,330.67,35.04,2.9,0,0,42.127842,338.57,,1,1,1,1,,1675
53875.5,-0.23,0,0.341,0.393,0.005,0.002,9.839,330.57,35.04,3.9,0,0,42.127842,339.47,,1,1,1,1,,1675.5
53876,-0.246,-0.042,0.498,0.327,0.037,-0.026,9.776,330.57,35.04,3.9,0,0,42.127842,339.47,,1,1,1,1,,1676
53876.5,-0.242,-0.089,0.591,0.245,0.059,-0.066,9.744,330.47,34.12,2.9,0,0,41.021746,338.37,,1,1,1,1,,1676.5
53877,-0.214,-0.132,0.624,0.16,0.085,-0.132,9.724,330.47,34.12,2.9,0,0,41.021746,338.37,,1,1,1,1,,1677
53877.5,-0.164,-0.173,0.606,0.088,0.083,-0.178,9.735,330.27,33.2,7.5,0,0,39.915649,342.77,,1,1,1,1,,1677.5
53878,-0.097,-0.213,0.551,0.029,0.08,-0.214,9.748,330.27,33.2,7.5,0,0,39.915649,342.77,,1,1,1,1,,1678
53878.5,-0.018,-0.254,0.473,-0.01,0.074,-0.217,9.779,330.27,33.2,6.2,0,0,39.915649,341.47,,1,1,1,1,,1678.5
53879,0.07,-0.3,0.387,-0.027,0.06,-0.166,9.812,330.27,33.2,6.2,0,0,39.915649,341.47,,1,1,1,1,,1679
53879.5,0.156,-0.352,0.303,-0.03,0.048,-0.127,9.832,330.17,32.28,10.9,0,0,38.809553,346.07,,1,1,1,1,,1679.5
53880,0.233,-0.404,0.225,-0.033,0.046,-0.065,9.827,330.17,32.28,10.9,0,0,38.809553,346.07,,1,1,1,1,,1680
53880.5,0.289,-0.455,0.153,-0.037,0.047,0.015,9.82,330.27,32.28,11.4,0,0,38.809553,346.67,,1,1,1,1,,1680.5
53881,0.313,-0.498,0.086,-0.047,0.054,0.074,9.796,330.27,32.28,11.4,0,0,38.809553,346.67,,1,1,1,1,,1681
53881.5,0.301,-0.529,0.021,-0.067,0.06,0.133,9.77,330.27,31.35,12.5,0,0,37.691434,347.77,,1,1,1,1,,1681.5
53882,0.252,-0.539,-0.05,-0.104,0.084,0.201,9.719,330.27,31.35,12.5,0,0,37.691434,347.77,,1,1,1,1,,1682
53882.5,0.17,-0.525,-0.131,-0.156,0.107,0.25,9.67,330.47,32.28,13.2,0,0,38.809553,348.67,,1,1,1,1,,1682.5
53883,0.059,-0.48,-0.226,-0.225,0.131,0.269,9.613,330.47,32.28,13.2,0,0,38.809553,348.67,,1,1,1,1,,1683
53883.5,-0.069,-0.404,-0.339,-0.298,0.136,0.253,9.589,330.47,33.2,12.8,0,0,39.915649,348.27,,1,1,1,1,,1683.5
53884,-0.197,-0.298,-0.463,-0.364,0.135,0.218,9.583,330.47,33.2,12.8,0,0,39.915649,348.27,,1,1,1,1,,1684
53884.5,-0.305,-0.167,-0.588,-0.402,0.113,0.148,9.627,330.47,31.35,11.6,0,0,37.691434,347.07,,1,1,1,1,,1684.5
53885,-0.381,-0.023,-0.693,-0.389,0.062,-0.006,9.73,330.47,31.35,11.6,0,0,37.691434,347.07,,1,1,1,1,,1685
53885.5,-0.423,0.117,-0.751,-0.309,-0.008,-0.156,9.884,330.27,29.33,9.1,0,0,35.262831,344.37,,1,1,1,1,,1685.5
53886,-0.431,0.237,-0.734,-0.154,-0.089,-0.296,10.064,330.27,29.33,9.1,0,0,35.262831,344.37,,1,1,1,1,,1686
53886.5,-0.412,0.316,-0.62,0.064,-0.163,-0.369,10.245,330.07,30.43,1.7,0,0,36.585338,336.77,,1,1,1,1,,1686.5
53887,-0.367,0.338,-0.401,0.322,-0.203,-0.401,10.379,330.07,30.43,1.7,0,0,36.585338,336.77,,1,1,1,1,,1687
53887.5,-0.299,0.288,-0.085,0.579,-0.207,-0.358,10.425,329.97,29.33,3.8,0,0,35.262831,338.77,,1,1,1,1,,1687.5
53888,-0.219,0.165,0.295,0.781,-0.182,-0.294,10.379,329.97,29.33,3.8,0,0,35.262831,338.77,,1,1,1,1,,1688
53888.5,-0.127,-0.02,0.691,0.893,-0.114,-0.199,10.236,329.97,26.56,5.5,0,0,31.932519,340.47,,1,1,1,1,,1688.5
53889,-0.035,-0.249,1.043,0.879,-0.007,-0.052,10.007,329.97,26.56,5.5,0,0,31.932519,340.47,,1,1,1,1,,1689
53889.5,0.05,-0.494,1.292,0.733,0.113,0.076,9.717,330.07,30.43,8.4,0,0,36.585338,343.47,,1,1,1,1,,1689.5
53890,0.124,-0.717,1.386,0.455,0.223,0.166,9.414,330.07,30.43,8.4,0,0,36.585338,343.47,,1,1,1,1,,1690
53890.5,0.188,-0.886,1.29,0.074,0.323,0.245,9.127,330.07,31.35,9.9,0,0,37.691434,344.97,,1,1,1,1,,1690.5
53891,0.241,-0.969,0.996,-0.361,0.379,0.284,8.934,330.07,31.35,9.9,0,0,37.691434,344.97,,1,1,1,1,,1691
53891.5,0.275,-0.953,0.529,-0.777,0.387,0.321,8.871,330.17,33.2,5.2,0,0,39.915649,340.37,,1,1,1,1,,1691.5
53892,0.294,-0.832,-0.057,-1.113,0.35,0.322,8.947,330.17,33.2,5.2,0,0,39.915649,340.37,,1,1,1,1,,1692
53892.5,0.289,-0.617,-0.682,-1.3,0.258,0.252,9.181,330.27,32.28,5.3,0,0,38.809553,340.57,,1,1,1,1,,1692.5
53893,0.266,-0.337,-1.251,-1.304,0.127,0.146,9.508,330.27,32.28,5.3,0,0,38.809553,340.57,,1,1,1,1,,1693
53893.5,0.228,-0.027,-1.676,-1.112,-0.032,0.002,9.914,330.07,33.2,7.9,0,0,39.915649,342.97,,1,1,1,1,,1693.5
53894,0.18,0.262,-1.881,-0.737,-0.192,-0.138,10.327,330.07,33.2,7.9,0,0,39.915649,342.97,,1,1,1,1,,1694
53894.5,0.136,0.492,-1.822,-0.244,-0.278,-0.253,10.614,329.97,33.2,10.1,0,0,39.915649,345.07,,1,1,1,1,,1694.5
53895,0.101,0.631,-1.504,0.299,-0.366,-0.227,10.87,329.97,33.2,10.1,0,0,39.915649,345.07,,1,1,1,1,,1695
53895.5,0.087,0.651,-0.955,0.82,-0.348,-0.225,10.888,329.87,34.12,9.2,0,0,41.021746,344.07,,1,1,1,1,,1695.5
53896,0.093,0.559,-0.256,1.225,-0.326,-0.234,10.833,329.87,34.12,9.2,0,0,41.021746,344.07,,1,1,1,1,,1696
53896.5,0.123,0.356,0.508,1.501,-0.249,-0.144,10.631,329.87,33.2,10.1,0,0,39.915649,344.97,,1,1,1,1,,1696.5
53897,0.169,0.07,1.231,1.554,-0.102,-0.004,10.275,329.87,33.2,10.1,0,0,39.915649,344.97,,1,1,1,1,,1697
53897.5,0.227,-0.259,1.815,1.428,0.011,0.105,9.932,329.97,32.28,9.9,0,0,38.809553,344.87,,1,1,1,1,,1697.5
53898,0.283,-0.591,2.179,1.09,0.174,0.185,9.477,329.97,32.28,9.9,0,0,38.809553,344.87,,1,1,1,1,,1698
53898.5,0.332,-0.882,2.271,0.634,0.263,0.235,9.19,329.97,32.28,10.2,0,0,38.809553,345.17,,1,1,1,1,,1698.5
53899,0.369,-1.098,2.081,0.081,0.381,0.217,8.866,329.97,32.28,10.2,0,0,38.809553,345.17,,1,1,1,1,,1699
53899.5,0.385,-1.208,1.627,-0.461,0.381,0.201,8.807,330.07,30.43,7.9,0,0,36.585338,342.97,,1,1,1,1,,1699.5
53900,0.372,-1.21,0.975,-0.949,0.415,0.185,8.737,330.07,30.43,7.9,0,0,36.585338,342.97,,1,1,1,1,,1700
53900.5,0.328,-1.098,0.199,-1.311,0.333,0.155,8.927,330.07,31.35,7.3,0,0,37.691434,342.37,,1,1,1,1,,1700.5
53901,0.251,-0.893,-0.595,-1.507,0.275,0.132,9.109,330.07,31.35,7.3,0,0,37.691434,342.37,,1,1,1,1,,1701
53901.5,0.148,-0.616,-1.324,-1.542,0.157,0.09,9.424,330.07,32.28,3.8,0,0,38.809553,338.87,,1,1,1,1,,1701.5
53902,0.024,-0.302,-1.9,-1.397,0.065,0.003,9.712,330.07,32.28,3.8,0,0,38.809553,338.87,,1,1,1,1,,1702
53902.5,-0.111,0.014,-2.269,-1.122,-0.04,-0.046,10.024,330.07,31.35,8.9,0,0,37.691434,343.97,,1,1,1,1,,1702.5
53903,-0.242,0.295,-2.391,-0.716,-0.148,-0.116,10.323,330.07,31.35,8.9,0,0,37.691434,343.97,,1,1,1,1,,1703
53903.5,-0.357,0.515,-2.259,-0.266,-0.198,-0.144,10.5,330.07,33.2,9.6,0,0,39.915649,344.67,,1,1,1,1,,1703.5
53904,-0.45,0.653,-1.894,0.216,-0.264,-0.144,10.665,330.07,33.2,9.6,0,0,39.915649,344.67,,1,1,1,1,,1704
53904.5,-0.51,0.7,-1.34,0.638,-0.251,-0.135,10.644,330.07,34.12,6.7,0,0,41.021746,341.77,,1,1,1,1,,1704.5
53905,-0.536,0.653,-0.667,0.983,-0.246,-0.151,10.61,330.07,34.12,6.7,0,0,41.021746,341.77,,1,1,1,1,,1705
53905.5,-0.526,0.524,0.051,1.192,-0.169,-0.156,10.398,329.97,34.12,7.9,0,0,41.021746,342.87,,1,1,1,1,,1705.5
53906,-0.486,0.338,0.73,1.272,-0.129,-0.152,10.25,329.97,34.12,7.9,0,0,41.021746,342.87,,1,1,1,1,,1706
53906.5,-0.421,0.114,1.31,1.22,-0.027,-0.119,9.99,329.97,32.28,8.3,0,0,38.809553,343.27,,1,1,1,1,,1706.5
53907,-0.341,-0.12,1.736,1.06,0.035,-0.074,9.82,329.97,32.28,8.3,0,0,38.809553,343.27,,1,1,1,1,,1707
53907.5,-0.256,-0.35,1.984,0.825,0.115,-0.026,9.619,329.97,33.2,8.8,0,0,39.915649,343.77,,1,1,1,1,,1707.5
53908,-0.177,-0.553,2.043,0.537,0.153,-0.029,9.514,329.97,33.2,8.8,0,0,39.915649,343.77,,1,1,1,1,,1708
53908.5,-0.12,-0.718,1.931,0.25,0.188,-0.014,9.432,329.97,34.12,5.2,0,0,41.021746,340.17,,1,1,1,1,,1708.5
53909,-0.093,-0.838,1.672,-0.036,0.211,-0.021,9.387,329.97,34.12,5.2,0,0,41.021746,340.17,,1,1,1,1,,1709
53909.5,-0.096,-0.905,1.301,-0.28,0.209,-0.038,9.383,330.07,34.12,4.3,0,0,41.021746,339.37,,1,1,1,1,,1709.5
53910,-0.127,-0.925,0.857,-0.496,0.22,-0.011,9.375,330.07,34.12,4.3,0,0,41.021746,339.37,,1,1,1,1,,1710
53910.5,-0.173,-0.9,0.377,-0.649,0.19,-0.01,9.439,330.07,33.2,2,0,0,39.915649,337.07,,1,1,1,1,,1710.5
53911,-0.221,-0.831,-0.102,-0.764,0.194,-0.041,9.446,330.07,33.2,2,0,0,39.915649,337.07,,1,1,1,1,,1711
53911.5,-0.257,-0.726,-0.553,-0.821,0.16,-0.057,9.529,330.17,33.2,0.9,0,0,39.915649,336.07,,1,1,1,1,,1711.5
53912,-0.268,-0.593,-0.948,-0.839,0.147,-0.063,9.555,330.17,33.2,0.9,0,0,39.915649,336.07,,1,1,1,1,,1712
53912.5,-0.242,-0.434,-1.271,-0.806,0.094,-0.092,9.66,330.17,34.12,6.3,0,0,41.021746,341.47,,1,1,1,1,,1712.5
53913,-0.186,-0.261,-1.503,-0.73,0.064,-0.108,9.721,330.17,34.12,6.3,0,0,41.021746,341.47,,1,1,1,1,,1713
53913.5,-0.101,-0.084,-1.636,-0.611,0.007,-0.021,9.841,330.17,33.2,4.7,0,0,39.915649,339.87,,1,1,1,1,,1713.5
53914,0.002,0.083,-1.658,-0.449,-0.028,0.079,9.932,330.17,33.2,4.7,0,0,39.915649,339.87,,1,1,1,1,,1714
53914.5,0.111,0.236,-1.572,-0.256,-0.073,0.161,10.057,330.17,35.04,8.3,0,0,42.127842,343.47,,1,1,1,1,,1714.5
53915,0.214,0.359,-1.374,-0.025,-0.105,0.231,10.163,330.17,35.04,8.3,0,0,42.127842,343.47,,1,1,1,1,,1715
53915.5,0.299,0.442,-1.074,0.215,-0.132,0.238,10.262,329.97,35.04,6.2,0,0,42.127842,341.17,,1,1,1,1,,1715.5
53916,0.357,0.473,-0.686,0.465,-0.152,0.163,10.34,329.97,35.04,6.2,0,0,42.127842,341.17,,1,1,1,1,,1716
53916.5,0.386,0.45,-0.233,0.684,-0.149,0.096,10.358,329.97,34.12,7.4,0,0,41.021746,342.37,,1,1,1,1,,1716.5
53917,0.383,0.367,0.255,0.872,-0.154,0.03,10.369,329.97,34.12,7.4,0,0,41.021746,342.37,,1,1,1,1,,1717
53917.5,0.35,0.224,0.742,0.991,-0.112,-0.044,10.272,329.97,33.2,5,0,0,39.915649,339.97,,1,1,1,1,,1717.5
53918,0.293,0.036,1.187,1.031,-0.075,-0.075,10.165,329.97,33.2,5,0,0,39.915649,339.97,,1,1,1,1,,1718
53918.5,0.218,-0.188,1.548,0.976,-0.009,-0.087,9.976,329.97,32.28,3.3,0,0,38.809553,338.27,,1,1,1,1,,1718.5
53919,0.138,-0.424,1.784,0.82,0.056,-0.09,9.78,329.97,32.28,3.3,0,0,38.809553,338.27,,1,1,1,1,,1719
53919.5,0.067,-0.652,1.867,0.573,0.149,-0.051,9.539,329.97,31.35,5.2,0,0,37.691434,340.17,,1,1,1,1,,1719.5
53920,0.005,-0.842,1.774,0.249,0.22,-0.015,9.342,329.97,31.35,5.2,0,0,37.691434,340.17,,1,1,1,1,,1720
53920.5,-0.032,-0.974,1.51,-0.108,0.277,-0.008,9.187,330.07,30.43,7.9,0,0,36.585338,342.97,,1,1,1,1,,1720.5
53921,-0.037,-1.033,1.091,-0.469,0.31,-0.021,9.101,330.07,30.43,7.9,0,0,36.585338,342.97,,1,1,1,1,,1721
53921.5,-0.012,-1.012,0.559,-0.781,0.308,0.004,9.103,330.07,30.43,6.4,0,0,36.585338,341.47,,1,1,1,1,,1721.5
53922,0.039,-0.915,-0.035,-1.017,0.283,0.03,9.174,330.07,30.43,6.4,0,0,36.585338,341.47,,1,1,1,1,,1722
53922.5,0.103,-0.748,-0.628,-1.138,0.216,0.068,9.353,330.07,30.43,7.7,0,0,36.585338,342.77,,1,1,1,1,,1722.5
53923,0.172,-0.537,-1.153,-1.134,0.141,0.103,9.559,330.07,30.43,7.7,0,0,36.585338,342.77,,1,1,1,1,,1723
53923.5,0.227,-0.301,-1.555,-1.001,0.046,0.124,9.814,330.07,31.35,8.5,0,0,37.691434,343.57,,1,1,1,1,,1723.5
53924,0.259,-0.071,-1.788,-0.765,-0.035,0.101,10.031,330.07,31.35,8.5,0,0,37.691434,343.57,,1,1,1,1,,1724
53924.5,0.256,0.13,-1.834,-0.456,-0.112,0.092,10.234,330.07,31.35,9,0,0,37.691434,344.07,,1,1,1,1,,1724.5
53925,0.216,0.28,-1.694,-0.117,-0.146,0.071,10.337,330.07,31.35,9,0,0,37.691434,344.07,,1,1,1,1,,1725
53925.5,0.142,0.374,-1.393,0.211,-0.178,0.057,10.404,330.07,32.28,8.6,0,0,38.809553,343.67,,1,1,1,1,,1725.5
53926,0.047,0.403,-0.97,0.495,-0.175,0.067,10.386,330.07,32.28,8.6,0,0,38.809553,343.67,,1,1,1,1,,1726
53926.5,-0.06,0.374,-0.48,0.699,-0.147,0.058,10.3,329.97,31.35,11.9,0,0,37.691434,346.87,,1,1,1,1,,1726.5
53927,-0.164,0.294,0.022,0.812,-0.091,0.031,10.157,329.97,31.35,11.9,0,0,37.691434,346.87,,1,1,1,1,,1727
53927.5,-0.253,0.178,0.48,0.823,-0.047,0.011,10.008,329.97,31.35,10.4,0,0,37.691434,345.37,,1,1,1,1,,1727.5
53928,-0.316,0.041,0.853,0.759,-0.002,-0.042,9.879,329.97,31.35,10.4,0,0,37.691434,345.37,,1,1,1,1,,1728
53928.5,-0.345,-0.101,1.115,0.635,0.055,-0.076,9.762,329.97,29.33,5.9,0,0,35.262831,340.87,,1,1,1,1,,1728.5
53929,-0.335,-0.238,1.261,0.491,0.076,-0.117,9.718,329.97,29.33,5.9,0,0,35.262831,340.87,,1,1,1,1,,1729
53929.5,-0.29,-0.364,1.297,0.337,0.103,-0.172,9.672,329.77,29.33,3,0,0,35.262831,337.77,,1,1,1,1,,1729.5
53930,-0.221,-0.475,1.24,0.191,0.106,-0.206,9.669,329.77,29.33,3,0,0,35.262831,337.77,,1,1,1,1,,1730
53930.5,-0.136,-0.569,1.108,0.057,0.122,-0.216,9.64,329.67,28.4,5.5,0,0,34.144712,340.17,,1,1,1,1,,1730.5
53931,-0.041,-0.644,0.918,-0.067,0.126,-0.175,9.633,329.67,28.4,5.5,0,0,34.144712,340.17,,1,1,1,1,,1731
53931.5,0.05,-0.699,0.687,-0.179,0.134,-0.103,9.611,329.67,28.4,0.8,0,0,34.144712,335.47,,1,1,1,1,,1731.5
53932,0.132,-0.729,0.428,-0.284,0.146,-0.033,9.593,329.67,28.4,0.8,0,0,34.144712,335.47,,1,1,1,1,,1732
53932.5,0.195,-0.732,0.153,-0.378,0.153,0.032,9.57,329.77,28.4,355.6,0,0,34.144712,330.37,,1,1,1,1,,1732.5
53933,0.236,-0.702,-0.128,-0.464,0.156,0.103,9.556,329.77,28.4,355.6,0,0,34.144712,330.37,,1,1,1,1,,1733
53933.5,0.252,-0.64,-0.403,-0.532,0.152,0.162,9.56,329.77,30.43,3.8,0,0,36.585338,338.57,,1,1,1,1,,1733.5
53934,0.242,-0.545,-0.66,-0.575,0.141,0.194,9.581,329.77,30.43,3.8,0,0,36.585338,338.57,,1,1,1,1,,1734
53934.5,0.205,-0.421,-0.882,-0.578,0.106,0.21,9.653,329.97,31.35,1.3,0,0,37.691434,336.27,,1,1,1,1,,1734.5
53935,0.147,-0.278,-1.05,-0.538,0.075,0.204,9.733,329.97,31.35,1.3,0,0,37.691434,336.27,,1,1,1,1,,1735
53935.5,0.07,-0.125,-1.148,-0.442,0.02,0.133,9.861,329.97,33.2,3.1,0,0,39.915649,338.07,,1,1,1,1,,1735.5
53936,-0.014,0.023,-1.158,-0.299,-0.024,0.071,9.974,329.97,33.2,3.1,0,0,39.915649,338.07,,1,1,1,1,,1736
53936.5,-0.09,0.15,-1.074,-0.116,-0.079,-0.016,10.097,329.87,35.04,4.2,0,0,42.127842,339.07,,1,1,1,1,,1736.5
53937,-0.145,0.241,-0.894,0.087,-0.109,-0.119,10.167,329.87,35.04,4.2,0,0,42.127842,339.07,,1,1,1,1,,1737
53937.5,-0.159,0.293,-0.633,0.282,-0.127,-0.193,10.208,329.67,35.04,6.4,0,0,42.127842,341.07,,1,1,1,1,,1737.5
53938,-0.134,0.294,-0.314,0.453,-0.128,-0.2,10.207,329.67,35.04,6.4,0,0,42.127842,341.07,,1,1,1,1,,1738
53938.5,-0.067,0.242,0.032,0.575,-0.103,-0.156,10.156,329.57,35.04,9.1,0,0,42.127842,343.67,,1,1,1,1,,1738.5
53939,0.033,0.146,0.374,0.643,-0.069,-0.086,10.085,329.57,35.04,9.1,0,0,42.127842,343.67,,1,1,1,1,,1739
53939.5,0.156,0.018,0.677,0.643,-0.016,-0.011,9.967,329.57,34.12,3.8,0,0,41.021746,338.37,,1,1,1,1,,1739.5
53940,0.29,-0.13,0.912,0.581,0.03,0.057,9.851,329.57,34.12,3.8,0,0,41.021746,338.37,,1,1,1,1,,1740
53940.5,0.415,-0.282,1.056,0.454,0.091,0.144,9.708,329.47,32.28,11.2,0,0,38.809553,345.67,,1,1,1,1,,1740.5
53941,0.518,-0.423,1.093,0.282,0.136,0.192,9.595,329.47,32.28,11.2,0,0,38.809553,345.67,,1,1,1,1,,1741
53941.5,0.577,-0.537,1.022,0.081,0.183,0.247,9.492,329.47,32.28,6,0,0,38.809553,340.47,,1,1,1,1,,1741.5
53942,0.586,-0.612,0.852,-0.114,0.19,0.256,9.476,329.47,32.28,6,0,0,38.809553,340.47,,1,1,1,1,,1742
53942.5,0.539,-0.645,0.61,-0.278,0.187,0.219,9.489,329.47,33.2,4.9,0,0,39.915649,339.37,,1,1,1,1,,1742.5
53943,0.438,-0.635,0.33,-0.387,0.151,0.186,9.577,329.47,33.2,4.9,0,0,39.915649,339.37,,1,1,1,1,,1743
53943.5,0.296,-0.594,0.05,-0.43,0.115,0.065,9.668,329.57,33.2,5.4,0,0,39.915649,339.97,,1,1,1,1,,1743.5
53944,0.127,-0.528,-0.198,-0.416,0.067,-0.02,9.779,329.57,33.2,5.4,0,0,39.915649,339.97,,1,1,1,1,,1744
53944.5,-0.046,-0.447,-0.387,-0.348,0.034,-0.101,9.871,329.47,33.2,4.6,0,0,39.915649,339.07,,1,1,1,1,,1744.5
53945,-0.198,-0.362,-0.504,-0.251,0.011,-0.209,9.935,329.47,33.2,4.6,0,0,39.915649,339.07,,1,1,1,1,,1745
53945.5,-0.313,-0.289,-0.548,-0.134,-0.016,-0.246,9.994,329.47,34.12,5,0,0,41.021746,339.47,,1,1,1,1,,1745.5
53946,-0.38,-0.232,-0.524,-0.025,-0.016,-0.235,9.994,329.47,34.12,5,0,0,41.021746,339.47,,1,1,1,1,,1746
53946.5,-0.397,-0.196,-0.45,0.067,-0.014,-0.23,9.981,329.47,32.28,3.4,0,0,38.809553,337.87,,1,1,1,1,,1746.5
53947,-0.365,-0.176,-0.345,0.119,0.008,-0.175,9.907,329.47,32.28,3.4,0,0,38.809553,337.87,,1,1,1,1,,1747
53947.5,-0.299,-0.171,-0.237,0.127,0.026,-0.096,9.834,329.47,33.2,4.4,0,0,39.915649,338.87,,1,1,1,1,,1747.5
53948,-0.21,-0.171,-0.147,0.091,0.05,-0.007,9.737,329.47,33.2,4.4,0,0,39.915649,338.87,,1,1,1,1,,1748
53948.5,-0.114,-0.173,-0.095,0.021,0.064,0.093,9.671,329.47,34.12,4.1,0,0,41.021746,338.57,,1,1,1,1,,1748.5
53949,-0.022,-0.165,-0.083,-0.059,0.075,0.171,9.638,329.47,34.12,4.1,0,0,41.021746,338.57,,1,1,1,1,,1749
53949.5,0.051,-0.148,-0.108,-0.13,0.072,0.221,9.648,329.47,33.2,5.3,0,0,39.915649,339.77,,1,1,1,1,,1749.5
53950,0.103,-0.122,-0.154,-0.172,0.067,0.192,9.69,329.47,33.2,5.3,0,0,39.915649,339.77,,1,1,1,1,,1750
53950.5,0.13,-0.089,-0.203,-0.179,0.047,0.134,9.758,329.57,34.12,7.4,0,0,41.021746,341.97,,1,1,1,1,,1750.5
53951,0.133,-0.054,-0.233,-0.139,0.014,0.045,9.861,329.57,34.12,7.4,0,0,41.021746,341.97,,1,1,1,1,,1751
53951.5,0.122,-0.031,-0.228,-0.062,0,-0.015,9.943,329.47,33.2,4.4,0,0,39.915649,338.87,,1,1,1,1,,1751.5
53952,0.097,-0.023,-0.177,0.044,-0.02,-0.027,10.023,329.47,33.2,4.4,0,0,39.915649,338.87,,1,1,1,1,,1752
53952.5,0.068,-0.037,-0.078,0.157,-0.025,-0.035,10.06,329.37,33.2,6.5,0,0,39.915649,340.87,,1,1,1,1,,1752.5
53953,0.042,-0.073,0.057,0.258,-0.024,-0.033,10.064,329.37,33.2,6.5,0,0,39.915649,340.87,,1,1,1,1,,1753
53953.5,0.022,-0.133,0.215,0.334,-0.012,-0.017,10.029,329.27,33.2,7.2,0,0,39.915649,341.47,,1,1,1,1,,1753.5
53954,0.014,-0.208,0.373,0.374,0.001,-0.015,9.988,329.27,33.2,7.2,0,0,39.915649,341.47,,1,1,1,1,,1754
53954.5,0.023,-0.295,0.514,0.381,0.016,-0.07,9.931,329.17,33.2,8.1,0,0,39.915649,342.27,,1,1,1,1,,1754.5
53955,0.046,-0.388,0.621,0.344,0.048,-0.099,9.848,329.17,33.2,8.1,0,0,39.915649,342.27,,1,1,1,1,,1755
53955.5,0.09,-0.471,0.678,0.274,0.061,-0.101,9.784,329.17,31.35,4.9,0,0,37.691434,339.07,,1,1,1,1,,1755.5
53956,0.146,-0.544,0.676,0.171,0.086,-0.116,9.698,329.17,31.35,4.9,0,0,37.691434,339.07,,1,1,1,1,,1756
53956.5,0.211,-0.593,0.611,0.049,0.108,-0.11,9.633,329.17,32.28,5.1,0,0,38.809553,339.27,,1,1,1,1,,1756.5
53957,0.277,-0.616,0.488,-0.079,0.118,-0.054,9.595,329.17,32.28,5.1,0,0,38.809553,339.27,,1,1,1,1,,1757
53957.5,0.334,-0.609,0.316,-0.205,0.132,0.012,9.566,329.37,32.28,2.7,0,0,38.809553,337.07,,1,1,1,1,,1757.5
53958,0.372,-0.57,0.109,-0.311,0.136,0.059,9.566,329.37,32.28,2.7,0,0,38.809553,337.07,,1,1,1,1,,1758
53958.5,0.385,-0.506,-0.114,-0.396,0.127,0.151,9.578,329.37,31.35,3.6,0,0,37.691434,337.97,,1,1,1,1,,1758.5
53959,0.37,-0.418,-0.337,-0.451,0.117,0.237,9.605,329.37,31.35,3.6,0,0,37.691434,337.97,,1,1,1,1,,1759
53959.5,0.331,-0.313,-0.542,-0.476,0.104,0.313,9.641,329.47,32.28,4.2,0,0,38.809553,338.67,,1,1,1,1,,1759.5
53960,0.265,-0.203,-0.713,-0.467,0.072,0.333,9.702,329.47,32.28,4.2,0,0,38.809553,338.67,,1,1,1,1,,1760
53960.5,0.177,-0.097,-0.836,-0.419,0.037,0.306,9.775,329.47,32.28,3.1,0,0,38.809553,337.57,,1,1,1,1,,1760.5
53961,0.071,0,-0.899,-0.337,0.006,0.241,9.851,329.47,32.28,3.1,0,0,38.809553,337.57,,1,1,1,1,,1761
53961.5,-0.052,0.078,-0.894,-0.223,-0.037,0.128,9.941,329.47,32.28,5.7,0,0,38.809553,340.17,,1,1,1,1,,1761.5
53962,-0.176,0.134,-0.817,-0.083,-0.068,0.016,10.021,329.47,32.28,5.7,0,0,38.809553,340.17,,1,1,1,1,,1762
53962.5,-0.287,0.159,-0.668,0.077,-0.096,-0.142,10.103,329.27,33.2,7.5,0,0,39.915649,341.77,,1,1,1,1,,1762.5
53963,-0.377,0.151,-0.454,0.246,-0.105,-0.22,10.157,329.27,33.2,7.5,0,0,39.915649,341.77,,1,1,1,1,,1763
53963.5,-0.434,0.111,-0.186,0.405,-0.104,-0.309,10.185,329.17,32.28,6.2,0,0,38.809553,340.37,,1,1,1,1,,1763.5
53964,-0.454,0.038,0.116,0.539,-0.09,-0.361,10.18,329.17,32.28,6.2,0,0,38.809553,340.37,,1,1,1,1,,1764
53964.5,-0.436,-0.063,0.424,0.623,-0.044,-0.385,10.114,329.07,32.28,11,0,0,38.809553,345.07,,1,1,1,1,,1764.5
53965,-0.383,-0.18,0.708,0.651,0,-0.339,10.034,329.07,32.28,11,0,0,38.809553,345.07,,1,1,1,1,,1765
53965.5,-0.306,-0.308,0.941,0.618,0.05,-0.262,9.916,329.07,32.28,6.1,0,0,38.809553,340.17,,1,1,1,1,,1765.5
53966,-0.223,-0.434,1.095,0.522,0.09,-0.19,9.796,329.07,32.28,6.1,0,0,38.809553,340.17,,1,1,1,1,,1766
53966.5,-0.144,-0.543,1.155,0.374,0.131,-0.09,9.664,329.17,30.43,6.3,0,0,36.585338,340.47,,1,1,1,1,,1766.5
53967,-0.082,-0.633,1.11,0.19,0.146,0.011,9.576,329.17,30.43,6.3,0,0,36.585338,340.47,,1,1,1,1,,1767
53967.5,-0.038,-0.693,0.966,-0.005,0.158,0.135,9.501,329.17,31.35,5.9,0,0,37.691434,340.07,,1,1,1,1,,1767.5
53968,-0.017,-0.719,0.737,-0.2,0.161,0.215,9.459,329.17,31.35,5.9,0,0,37.691434,340.07,,1,1,1,1,,1768
53968.5,-0.016,-0.711,0.445,-0.37,0.155,0.246,9.447,329.37,32.28,7.5,0,0,38.809553,341.87,,1,1,1,1,,1768.5
53969,-0.028,-0.669,0.113,-0.515,0.143,0.253,9.455,329.37,32.28,7.5,0,0,38.809553,341.87,,1,1,1,1,,1769
53969.5,-0.05,-0.6,-0.23,-0.616,0.123,0.229,9.496,329.47,31.35,8.6,0,0,37.691434,343.07,,1,1,1,1,,1769.5
53970,-0.078,-0.503,-0.559,-0.676,0.111,0.215,9.539,329.47,31.35,8.6,0,0,37.691434,343.07,,1,1,1,1,,1770
53970.5,-0.109,-0.387,-0.848,-0.68,0.087,0.148,9.626,329.47,30.43,9.3,0,0,36.585338,343.77,,1,1,1,1,,1770.5
53971,-0.141,-0.259,-1.074,-0.639,0.064,0.038,9.708,329.47,30.43,9.3,0,0,36.585338,343.77,,1,1,1,1,,1771
53971.5,-0.176,-0.126,-1.219,-0.537,0.023,-0.023,9.842,329.37,30.43,7.5,0,0,36.585338,341.87,,1,1,1,1,,1771.5
53972,-0.205,-0.002,-1.268,-0.394,0.005,-0.114,9.928,329.37,30.43,7.5,0,0,36.585338,341.87,,1,1,1,1,,1772
53972.5,-0.229,0.11,-1.215,-0.208,-0.051,-0.203,10.067,329.27,30.43,9.4,0,0,36.585338,343.67,,1,1,1,1,,1772.5
53973,-0.245,0.192,-1.058,-0.001,-0.085,-0.274,10.142,329.27,30.43,9.4,0,0,36.585338,343.67,,1,1,1,1,,1773
53973.5,-0.244,0.247,-0.81,0.217,-0.129,-0.282,10.238,329.17,32.28,8.3,0,0,38.809553,342.47,,1,1,1,1,,1773.5
53974,-0.217,0.259,-0.485,0.419,-0.123,-0.286,10.24,329.17,32.28,8.3,0,0,38.809553,342.47,,1,1,1,1,,1774
53974.5,-0.166,0.235,-0.114,0.585,-0.126,-0.233,10.246,329.07,31.35,8.4,0,0,37.691434,342.47,,1,1,1,1,,1774.5
53975,-0.09,0.174,0.273,0.697,-0.086,-0.134,10.162,329.07,31.35,8.4,0,0,37.691434,342.47,,1,1,1,1,,1775
53975.5,0.006,0.081,0.637,0.748,-0.061,-0.045,10.097,329.07,29.33,6.2,0,0,35.262831,340.27,,1,1,1,1,,1775.5
53976,0.11,-0.037,0.949,0.73,-0.003,0.081,9.96,329.07,29.33,6.2,0,0,35.262831,340.27,,1,1,1,1,,1776
53976.5,0.212,-0.172,1.177,0.643,0.039,0.135,9.846,328.97,31.35,2.1,0,0,37.691434,336.07,,1,1,1,1,,1776.5
53977,0.299,-0.315,1.304,0.508,0.081,0.188,9.721,328.97,31.35,2.1,0,0,37.691434,336.07,,1,1,1,1,,1777
53977.5,0.353,-0.453,1.318,0.327,0.11,0.206,9.621,329.07,31.35,359.3,0,0,37.691434,333.37,,1,1,1,1,,1777.5
53978,0.372,-0.576,1.224,0.132,0.133,0.177,9.538,329.07,31.35,359.3,0,0,37.691434,333.37,,1,1,1,1,,1778
53978.5,0.342,-0.676,1.029,-0.081,0.172,0.136,9.453,329.17,31.35,0.8,0,0,37.691434,334.97,,1,1,1,1,,1778.5
53979,0.265,-0.741,0.75,-0.28,0.177,0.125,9.429,329.17,31.35,0.8,0,0,37.691434,334.97,,1,1,1,1,,1779
53979.5,0.153,-0.766,0.412,-0.458,0.182,0.151,9.416,329.27,30.43,7.3,0,0,36.585338,341.57,,1,1,1,1,,1779.5
53980,0.014,-0.747,0.043,-0.585,0.153,0.097,9.483,329.27,30.43,7.3,0,0,36.585338,341.57,,1,1,1,1,,1780
53980.5,-0.134,-0.688,-0.319,-0.657,0.138,0.052,9.54,329.27,31.35,7.5,0,0,37.691434,341.77,,1,1,1,1,,1780.5
53981,-0.278,-0.59,-0.644,-0.662,0.088,-0.024,9.665,329.27,31.35,7.5,0,0,37.691434,341.77,,1,1,1,1,,1781
53981.5,-0.399,-0.47,-0.901,-0.61,0.063,-0.083,9.746,329.27,30.43,7.1,0,0,36.585338,341.37,,1,1,1,1,,1781.5
53982,-0.487,-0.328,-1.073,-0.508,0.023,-0.123,9.872,329.27,30.43,7.1,0,0,36.585338,341.37,,1,1,1,1,,1782
53982.5,-0.538,-0.186,-1.144,-0.36,-0.003,-0.145,9.962,329.17,30.43,1.4,0,0,36.585338,335.57,,1,1,1,1,,1782.5
53983,-0.553,-0.052,-1.117,-0.195,-0.02,-0.127,10.041,329.17,30.43,1.4,0,0,36.585338,335.57,,1,1,1,1,,1783
53983.5,-0.541,0.063,-0.995,-0.016,-0.036,-0.111,10.084,329.17,30.43,357.9,0,0,36.585338,332.07,,1,1,1,1,,1783.5
53984,-0.514,0.153,-0.797,0.144,-0.062,-0.123,10.108,329.17,30.43,357.9,0,0,36.585338,332.07,,1,1,1,1,,1784
53984.5,-0.476,0.207,-0.544,0.291,-0.081,-0.164,10.116,329.07,30.43,1.3,0,0,36.585338,335.37,,1,1,1,1,,1784.5
53985,-0.434,0.224,-0.259,0.398,-0.082,-0.216,10.075,329.07,30.43,1.3,0,0,36.585338,335.37,,1,1,1,1,,1785
53985.5,-0.386,0.204,0.032,0.476,-0.096,-0.202,10.055,329.07,30.43,5.4,0,0,36.585338,339.47,,1,1,1,1,,1785.5
53986,-0.33,0.147,0.305,0.502,-0.073,-0.232,9.971,329.07,30.43,5.4,0,0,36.585338,339.47,,1,1,1,1,,1786
53986.5,-0.269,0.06,0.537,0.486,-0.05,-0.166,9.909,328.97,30.43,7.8,0,0,36.585338,341.77,,1,1,1,1,,1786.5
53987,-0.206,-0.051,0.71,0.42,0.009,-0.105,9.792,328.97,30.43,7.8,0,0,36.585338,341.77,,1,1,1,1,,1787
53987.5,-0.148,-0.173,0.808,0.322,0.036,-0.029,9.742,328.97,30.43,6.6,0,0,36.585338,340.57,,1,1,1,1,,1787.5
53988,-0.099,-0.293,0.829,0.195,0.1,0.017,9.636,328.97,30.43,6.6,0,0,36.585338,340.57,,1,1,1,1,,1788
53988.5,-0.064,-0.403,0.77,0.05,0.13,0.072,9.586,329.07,28.4,5.5,0,0,34.144712,339.57,,1,1,1,1,,1788.5
53989,-0.044,-0.489,0.64,-0.098,0.159,0.114,9.531,329.07,28.4,5.5,0,0,34.144712,339.57,,1,1,1,1,,1789
53989.5,-0.035,-0.542,0.449,-0.242,0.17,0.183,9.521,329.17,28.4,7.8,0,0,34.144712,341.97,,1,1,1,1,,1789.5
53990,-0.037,-0.557,0.22,-0.355,0.178,0.186,9.531,329.17,28.4,7.8,0,0,34.144712,341.97,,1,1,1,1,,1790
53990.5,-0.049,-0.533,-0.024,-0.428,0.15,0.179,9.596,329.17,27.48,13.4,0,0,33.038616,347.57,,1,1,1,1,,1790.5
53991,-0.065,-0.473,-0.252,-0.433,0.09,0.116,9.725,329.17,27.48,13.4,0,0,33.038616,347.57,,1,1,1,1,,1791
53991.5,-0.081,-0.392,-0.431,-0.376,0.038,0.025,9.858,329.17,27.48,9.3,0,0,33.038616,343.47,,1,1,1,1,,1791.5
53992,-0.095,-0.298,-0.534,-0.246,-0.024,-0.012,10.008,329.17,27.48,9.3,0,0,33.038616,343.47,,1,1,1,1,,1792
53992.5,-0.094,-0.207,-0.545,-0.083,-0.062,-0.081,10.109,329.17,29.33,7.3,0,0,35.262831,341.47,,1,1,1,1,,1792.5
53993,-0.078,-0.138,-0.463,0.107,-0.098,-0.178,10.192,329.17,29.33,7.3,0,0,35.262831,341.47,,1,1,1,1,,1793
53993.5,-0.041,-0.096,-0.303,0.27,-0.08,-0.224,10.171,328.97,29.33,9.8,0,0,35.262831,343.77,,1,1,1,1,,1793.5
53994,0.017,-0.089,-0.093,0.397,-0.068,-0.218,10.135,328.97,29.33,9.8,0,0,35.262831,343.77,,1,1,1,1,,1794
53994.5,0.097,-0.115,0.13,0.443,-0.018,-0.2,9.984,328.87,29.33,9.9,0,0,35.262831,343.77,,1,1,1,1,,1794.5
53995,0.184,-0.163,0.32,0.411,0.017,-0.142,9.846,328.87,29.33,9.9,0,0,35.262831,343.77,,1,1,1,1,,1795
53995.5,0.279,-0.222,0.443,0.29,0.084,-0.022,9.634,328.87,29.33,11.9,0,0,35.262831,345.77,,1,1,1,1,,1795.5
53996,0.366,-0.275,0.47,0.112,0.102,0.077,9.525,328.87,29.33,11.9,0,0,35.262831,345.77,,1,1,1,1,,1796
53996.5,0.441,-0.31,0.397,-0.092,0.137,0.173,9.411,328.97,29.33,11.3,0,0,35.262831,345.27,,1,1,1,1,,1796.5
53997,0.497,-0.32,0.233,-0.289,0.133,0.265,9.407,328.97,29.33,11.3,0,0,35.262831,345.27,,1,1,1,1,,1797
53997.5,0.528,-0.3,0.009,-0.438,0.124,0.298,9.439,329.07,30.43,11.6,0,0,36.585338,345.67,,1,1,1,1,,1797.5
53998,0.533,-0.251,-0.24,-0.526,0.084,0.305,9.558,329.07,30.43,11.6,0,0,36.585338,345.67,,1,1,1,1,,1798
53998.5,0.51,-0.186,-0.469,-0.523,0.053,0.269,9.697,329.07,29.33,8.6,0,0,35.262831,342.67,,1,1,1,1,,1798.5
53999,0.456,-0.109,-0.64,-0.452,0.02,0.189,9.845,329.07,29.33,8.6,0,0,35.262831,342.67,,1,1,1,1,,1799
53999.5,0.38,-0.039,-0.726,-0.306,-0.019,0.143,10.001,329.07,28.4,7.4,0,0,34.144712,341.47,,1,1,1,1,,1799.5
54000,0.284,0.016,-0.712,-0.129,-0.038,0.071,10.099,329.07,28.4,7.4,0,0,34.144712,341.47,,1,1,1,1,,1800
54000.5,0.178,0.046,-0.599,0.084,-0.077,-0.001,10.215,329.07,28.4,8.4,0,0,34.144712,342.47,,1,1,1,1,,1800.5
54001,0.065,0.04,-0.394,0.288,-0.084,-0.05,10.247,329.07,28.4,8.4,0,0,34.144712,342.47,,1,1,1,1,,1801
54001.5,-0.047,0,-0.122,0.474,-0.097,-0.112,10.269,328.97,27.48,8.1,0,0,33.038616,342.07,,1,1,1,1,,1801.5
54002,-0.149,-0.079,0.187,0.598,-0.055,-0.157,10.165,328.97,27.48,8.1,0,0,33.038616,342.07,,1,1,1,1,,1802
54002.5,-0.234,-0.184,0.489,0.648,-0.03,-0.166,10.065,328.97,27.48,9,0,0,33.038616,342.97,,1,1,1,1,,1802.5
54003,-0.297,-0.3,0.743,0.604,0.041,-0.127,9.861,328.97,27.48,9,0,0,33.038616,342.97,,1,1,1,1,,1803
54003.5,-0.34,-0.408,0.906,0.468,0.095,-0.079,9.682,328.97,27.48,9.2,0,0,33.038616,343.17,,1,1,1,1,,1803.5
54004,-0.364,-0.491,0.952,0.258,0.159,-0.035,9.486,328.97,27.48,9.2,0,0,33.038616,343.17,,1,1,1,1,,1804
54004.5,-0.372,-0.536,0.865,0.002,0.186,0.016,9.367,328.97,29.33,9.5,0,0,35.262831,343.47,,1,1,1,1,,1804.5
54005,-0.361,-0.532,0.659,-0.255,0.202,0.025,9.297,328.97,29.33,9.5,0,0,35.262831,343.47,,1,1,1,1,,1805
54005.5,-0.342,-0.477,0.357,-0.483,0.187,-0.013,9.313,329.07,27.48,13.3,0,0,33.038616,347.37,,1,1,1,1,,1805.5
54006,-0.314,-0.378,0.007,-0.626,0.135,-0.052,9.429,329.07,27.48,13.3,0,0,33.038616,347.37,,1,1,1,1,,1806
54006.5,-0.285,-0.246,-0.34,-0.68,0.073,-0.101,9.59,329.07,28.4,11.4,0,0,34.144712,345.47,,1,1,1,1,,1806.5
54007,-0.257,-0.106,-0.628,-0.61,-0.014,-0.162,9.824,329.07,28.4,11.4,0,0,34.144712,345.47,,1,1,1,1,,1807
54007.5,-0.233,0.023,-0.81,-0.446,-0.08,-0.186,10.026,329.07,26.56,10.4,0,0,31.932519,344.47,,1,1,1,1,,1807.5
54008,-0.217,0.113,-0.856,-0.199,-0.146,-0.177,10.23,329.07,26.56,10.4,0,0,31.932519,344.47,,1,1,1,1,,1808
54008.5,-0.208,0.149,-0.762,0.066,-0.149,-0.132,10.297,328.97,27.48,11.8,0,0,33.038616,345.77,,1,1,1,1,,1808.5
54009,-0.21,0.127,-0.55,0.315,-0.149,-0.067,10.326,328.97,27.48,11.8,0,0,33.038616,345.77,,1,1,1,1,,1809
54009.5,-0.219,0.05,-0.259,0.495,-0.099,-0.016,10.232,329.07,28.4,11.9,0,0,34.144712,345.97,,1,1,1,1,,1809.5
54010,-0.226,-0.067,0.057,0.587,-0.039,0.02,10.104,329.07,28.4,11.9,0,0,34.144712,345.97,,1,1,1,1,,1810
54010.5,-0.229,-0.207,0.347,0.579,0.044,0.057,9.902,329.17,28.4,9.5,0,0,34.144712,343.67,,1,1,1,1,,1810.5
54011,-0.221,-0.344,0.562,0.472,0.101,0.118,9.718,329.17,28.4,9.5,0,0,34.144712,343.67,,1,1,1,1,,1811
54011.5,-0.199,-0.46,0.669,0.288,0.157,0.107,9.531,329.27,26.56,12.9,0,0,31.932519,347.17,,1,1,1,1,,1811.5
54012,-0.167,-0.535,0.65,0.046,0.209,0.119,9.386,329.27,26.56,12.9,0,0,31.932519,347.17,,1,1,1,1,,1812
54012.5,-0.12,-0.553,0.51,-0.198,0.228,0.118,9.322,329.27,27.48,12.5,0,0,33.038616,346.77,,1,1,1,1,,1812.5
54013,-0.057,-0.513,0.275,-0.413,0.204,0.075,9.344,329.27,27.48,12.5,0,0,33.038616,346.77,,1,1,1,1,,1813
54013.5,0.008,-0.419,-0.015,-0.554,0.154,0.027,9.456,329.17,28.4,0.8,0,0,34.144712,334.97,,1,1,1,1,,1813.5
54014,0.08,-0.287,-0.307,-0.604,0.1,-0.005,9.601,329.17,28.4,0.8,0,0,34.144712,334.97,,1,1,1,1,,1814
54014.5,0.15,-0.137,-0.55,-0.546,0.015,-0.068,9.814,329.07,27.48,3.3,0,0,33.038616,337.37,,1,1,1,1,,1814.5
54015,0.215,0.003,-0.701,-0.399,-0.057,-0.124,10.001,329.07,27.48,3.3,0,0,33.038616,337.37,,1,1,1,1,,1815
54015.5,0.266,0.113,-0.736,-0.187,-0.112,-0.151,10.163,328.87,27.48,7.1,0,0,33.038616,340.97,,1,1,1,1,,1815.5
54016,0.302,0.177,-0.648,0.052,-0.137,-0.094,10.251,328.87,27.48,7.1,0,0,33.038616,340.97,,1,1,1,1,,1816
54016.5,0.318,0.189,-0.454,0.281,-0.152,-0.042,10.292,328.97,26.56,11.5,0,0,31.932519,345.47,,1,1,1,1,,1816.5
54017,0.31,0.146,-0.182,0.468,-0.128,0.038,10.249,328.97,26.56,11.5,0,0,31.932519,345.47,,1,1,1,1,,1817
54017.5,0.276,0.056,0.124,0.585,-0.09,0.093,10.153,328.97,26.56,12.5,0,0,31.932519,346.47,,1,1,1,1,,1817.5
54018,0.219,-0.065,0.419,0.618,-0.04,0.116,10.014,328.97,26.56,12.5,0,0,31.932519,346.47,,1,1,1,1,,1818
54018.5,0.145,-0.202,0.662,0.567,0.019,0.118,9.861,329.07,27.48,12.1,0,0,33.038616,346.17,,1,1,1,1,,1818.5
54019,0.062,-0.335,0.818,0.442,0.083,0.14,9.698,329.07,27.48,12.1,0,0,33.038616,346.17,,1,1,1,1,,1819
54019.5,-0.025,-0.448,0.867,0.257,0.141,0.121,9.556,329.17,27.48,6.3,0,0,33.038616,340.47,,1,1,1,1,,1819.5
54020,-0.108,-0.525,0.802,0.039,0.181,0.063,9.446,329.17,27.48,6.3,0,0,33.038616,340.47,,1,1,1,1,,1820
54020.5,-0.182,-0.558,0.63,-0.187,0.212,0.018,9.374,329.27,27.48,10.3,0,0,33.038616,344.57,,1,1,1,1,,1820.5
54021,-0.242,-0.54,0.371,-0.394,0.218,-0.041,9.362,329.27,27.48,10.3,0,0,33.038616,344.57,,1,1,1,1,,1821
54021.5,-0.291,-0.473,0.057,-0.553,0.193,-0.08,9.411,329.27,25.64,4.5,0,0,30.826423,338.77,,1,1,1,1,,1821.5
54022,-0.33,-0.371,-0.27,-0.642,0.156,-0.059,9.512,329.27,25.64,4.5,0,0,30.826423,338.77,,1,1,1,1,,1822
54022.5,-0.363,-0.245,-0.569,-0.647,0.084,-0.067,9.658,329.17,25.64,7.4,0,0,30.826423,341.57,,1,1,1,1,,1822.5
54023,-0.389,-0.115,-0.799,-0.567,0.006,-0.052,9.83,329.17,25.64,7.4,0,0,30.826423,341.57,,1,1,1,1,,1823
54023.5,-0.41,0.002,-0.93,-0.417,-0.053,-0.051,9.978,329.07,27.48,6.1,0,0,33.038616,340.17,,1,1,1,1,,1823.5
54024,-0.427,0.096,-0.944,-0.211,-0.107,-0.068,10.129,329.07,27.48,6.1,0,0,33.038616,340.17,,1,1,1,1,,1824
54024.5,-0.429,0.149,-0.839,0.024,-0.138,-0.1,10.225,329.07,26.56,8.3,0,0,31.932519,342.37,,1,1,1,1,,1824.5
54025,-0.422,0.162,-0.627,0.256,-0.153,-0.1,10.282,329.07,26.56,8.3,0,0,31.932519,342.37,,1,1,1,1,,1825
54025.5,-0.409,0.129,-0.334,0.455,-0.128,-0.128,10.256,329.07,27.48,7.7,0,0,33.038616,341.77,,1,1,1,1,,1825.5
54026,-0.395,0.057,0.001,0.594,-0.095,-0.086,10.191,329.07,27.48,7.7,0,0,33.038616,341.77,,1,1,1,1,,1826
54026.5,-0.387,-0.044,0.336,0.661,-0.049,-0.049,10.083,329.07,25.64,14.4,0,0,30.826423,348.47,,1,1,1,1,,1826.5
54027,-0.382,-0.159,0.629,0.642,0.019,-0.021,9.935,329.07,25.64,14.4,0,0,30.826423,348.47,,1,1,1,1,,1827
54027.5,-0.382,-0.278,0.844,0.547,0.088,-0.025,9.776,328.97,25.64,16.2,0,0,30.826423,350.17,,1,1,1,1,,1827.5
54028,-0.382,-0.38,0.954,0.384,0.14,-0.061,9.623,328.97,25.64,16.2,0,0,30.826423,350.17,,1,1,1,1,,1828
54028.5,-0.375,-0.458,0.95,0.185,0.16,-0.12,9.53,328.97,25.64,12.8,0,0,30.826423,346.77,,1,1,1,1,,1828.5
54029,-0.351,-0.503,0.835,-0.03,0.173,-0.164,9.449,328.97,25.64,12.8,0,0,30.826423,346.77,,1,1,1,1,,1829
54029.5,-0.301,-0.512,0.627,-0.231,0.168,-0.169,9.426,328.97,27.48,15.4,0,0,33.038616,349.37,,1,1,1,1,,1829.5
54030,-0.229,-0.491,0.351,-0.406,0.162,-0.141,9.419,328.97,27.48,15.4,0,0,33.038616,349.37,,1,1,1,1,,1830
54030.5,-0.137,-0.436,0.038,-0.535,0.13,-0.093,9.476,328.97,28.4,17.3,0,0,34.144712,351.27,,1,1,1,1,,1830.5
54031,-0.044,-0.356,-0.278,-0.608,0.103,-0.002,9.546,328.97,28.4,17.3,0,0,34.144712,351.27,,1,1,1,1,,1831
54031.5,0.042,-0.257,-0.563,-0.613,0.062,0.07,9.665,328.97,30.43,15.7,0,0,36.585338,349.67,,1,1,1,1,,1831.5
54032,0.113,-0.151,-0.786,-0.553,0.021,0.082,9.788,328.97,30.43,15.7,0,0,36.585338,349.67,,1,1,1,1,,1832
54032.5,0.162,-0.051,-0.922,-0.428,-0.031,0.118,9.938,328.97,31.35,17.7,0,0,37.691434,351.67,,1,1,1,1,,1832.5
54033,0.191,0.035,-0.954,-0.255,-0.056,0.139,10.046,328.97,31.35,17.7,0,0,37.691434,351.67,,1,1,1,1,,1833
54033.5,0.198,0.097,-0.883,-0.063,-0.071,0.127,10.124,328.97,31.35,19.7,0,0,37.691434,353.67,,1,1,1,1,,1833.5
54034,0.187,0.127,-0.717,0.133,-0.083,0.139,10.171,328.97,31.35,19.7,0,0,37.691434,353.67,,1,1,1,1,,1834
54034.5,0.165,0.126,-0.479,0.301,-0.078,0.152,10.17,328.97,30.43,19.1,0,0,36.585338,353.07,,1,1,1,1,,1834.5
54035,0.134,0.093,-0.199,0.428,-0.053,0.1,10.124,328.97,30.43,19.1,0,0,36.585338,353.07,,1,1,1,1,,1835
54035.5,0.1,0.036,0.09,0.498,-0.018,0.068,10.04,328.87,29.33,14.9,0,0,35.262831,348.77,,1,1,1,1,,1835.5
54036,0.062,-0.043,0.358,0.52,-0.007,0.004,9.978,328.87,29.33,14.9,0,0,35.262831,348.77,,1,1,1,1,,1836
54036.5,0.026,-0.128,0.58,0.491,0.024,-0.082,9.891,328.87,29.33,14.2,0,0,35.262831,348.07,,1,1,1,1,,1836.5
54037,-0.008,-0.219,0.741,0.429,0.049,-0.068,9.827,328.87,29.33,14.2,0,0,35.262831,348.07,,1,1,1,1,,1837
54037.5,-0.037,-0.305,0.832,0.338,0.076,-0.043,9.757,328.87,29.33,16.7,0,0,35.262831,350.57,,1,1,1,1,,1837.5
54038,-0.057,-0.38,0.851,0.227,0.092,-0.044,9.706,328.87,29.33,16.7,0,0,35.262831,350.57,,1,1,1,1,,1838
54038.5,-0.07,-0.442,0.798,0.097,0.118,-0.013,9.631,328.77,31.35,16.7,0,0,37.691434,350.47,,1,1,1,1,,1838.5
54039,-0.076,-0.478,0.678,-0.042,0.126,0.011,9.583,328.77,31.35,16.7,0,0,37.691434,350.47,,1,1,1,1,,1839
54039.5,-0.081,-0.492,0.5,-0.182,0.138,-0.001,9.536,328.77,32.28,19.4,0,0,38.809553,353.17,,1,1,1,1,,1839.5
54040,-0.09,-0.476,0.277,-0.309,0.131,-0.012,9.538,328.77,32.28,19.4,0,0,38.809553,353.17,,1,1,1,1,,1840
54040.5,-0.105,-0.439,0.031,-0.397,0.104,-0.069,9.58,328.67,32.28,16.8,0,0,38.809553,350.47,,1,1,1,1,,1840.5
54041,-0.131,-0.381,-0.211,-0.441,0.066,-0.117,9.651,328.67,32.28,16.8,0,0,38.809553,350.47,,1,1,1,1,,1841
54041.5,-0.168,-0.313,-0.424,-0.434,0.037,-0.11,9.73,328.67,32.28,10.7,0,0,38.809553,344.37,,1,1,1,1,,1841.5
54042,-0.213,-0.237,-0.589,-0.392,0.016,-0.137,9.79,328.67,32.28,10.7,0,0,38.809553,344.37,,1,1,1,1,,1842
54042.5,-0.263,-0.165,-0.694,-0.318,-0.01,-0.117,9.854,328.67,31.35,9.1,0,0,37.691434,342.77,,1,1,1,1,,1842.5
54043,-0.315,-0.1,-0.737,-0.232,-0.017,-0.052,9.894,328.67,31.35,9.1,0,0,37.691434,342.77,,1,1,1,1,,1843
54043.5,-0.365,-0.041,-0.721,-0.142,-0.005,0.021,9.91,328.67,28.4,10.5,0,0,34.144712,344.17,,1,1,1,1,,1843.5
54044,-0.412,0.006,-0.657,-0.06,0.018,0.078,9.911,328.67,28.4,10.5,0,0,34.144712,344.17,,1,1,1,1,,1844
54044.5,-0.454,0.043,-0.555,0.019,0.013,0.115,9.935,328.77,28.4,11.4,0,0,34.144712,345.17,,1,1,1,1,,1844.5
54045,-0.481,0.067,-0.424,0.091,0.022,0.091,9.939,328.77,28.4,11.4,0,0,34.144712,345.17,,1,1,1,1,,1845
54045.5,-0.49,0.078,-0.274,0.156,0.024,0.056,9.95,328.77,28.4,11.3,0,0,34.144712,345.07,,1,1,1,1,,1845.5
54046,-0.474,0.074,-0.112,0.214,0.02,-0.005,9.954,328.77,28.4,11.3,0,0,34.144712,345.07,,1,1,1,1,,1846
54046.5,-0.434,0.055,0.054,0.267,-0.003,-0.101,9.982,328.67,28.4,11.7,0,0,34.144712,345.37,,1,1,1,1,,1846.5
54047,-0.379,0.016,0.22,0.314,-0.011,-0.166,9.976,328.67,28.4,11.7,0,0,34.144712,345.37,,1,1,1,1,,1847
54047.5,-0.304,-0.038,0.376,0.345,-0.019,-0.219,9.97,328.57,29.33,15.4,0,0,35.262831,348.97,,1,1,1,1,,1847.5
54048,-0.222,-0.113,0.518,0.367,-0.034,-0.256,9.965,328.57,29.33,15.4,0,0,35.262831,348.97,,1,1,1,1,,1848
54048.5,-0.139,-0.198,0.637,0.363,-0.021,-0.265,9.919,328.37,32.28,14.3,0,0,38.809553,347.67,,1,1,1,1,,1848.5
54049,-0.058,-0.291,0.721,0.334,-0.002,-0.236,9.872,328.37,32.28,14.3,0,0,38.809553,347.67,,1,1,1,1,,1849
54049.5,0.015,-0.384,0.762,0.27,0.03,-0.182,9.789,328.37,32.28,16.4,0,0,38.809553,349.77,,1,1,1,1,,1849.5
54050,0.079,-0.471,0.749,0.179,0.052,-0.107,9.731,328.37,32.28,16.4,0,0,38.809553,349.77,,1,1,1,1,,1850
54050.5,0.134,-0.539,0.678,0.063,0.1,0.017,9.642,328.47,30.43,17,0,0,36.585338,350.47,,1,1,1,1,,1850.5
54051,0.179,-0.583,0.549,-0.066,0.124,0.163,9.597,328.47,30.43,17,0,0,36.585338,350.47,,1,1,1,1,,1851
54051.5,0.213,-0.601,0.37,-0.199,0.153,0.263,9.542,328.57,29.33,16.8,0,0,35.262831,350.37,,1,1,1,1,,1851.5
54052,0.242,-0.584,0.149,-0.327,0.166,0.293,9.52,328.57,29.33,16.8,0,0,35.262831,350.37,,1,1,1,1,,1852
54052.5,0.262,-0.532,-0.099,-0.436,0.172,0.303,9.511,328.67,29.33,9.1,0,0,35.262831,342.77,,1,1,1,1,,1852.5
54053,0.278,-0.448,-0.354,-0.516,0.159,0.2,9.55,328.67,29.33,9.1,0,0,35.262831,342.77,,1,1,1,1,,1853
54053.5,0.29,-0.34,-0.595,-0.55,0.129,0.132,9.614,328.67,28.4,4.5,0,0,34.144712,338.17,,1,1,1,1,,1853.5
54054,0.294,-0.216,-0.796,-0.532,0.077,0.054,9.711,328.67,28.4,4.5,0,0,34.144712,338.17,,1,1,1,1,,1854
54054.5,0.284,-0.088,-0.934,-0.457,0.015,-0.002,9.83,328.67,28.4,5.8,0,0,34.144712,339.47,,1,1,1,1,,1854.5
54055,0.256,0.028,-0.993,-0.333,-0.034,-0.005,9.94,328.67,28.4,5.8,0,0,34.144712,339.47,,1,1,1,1,,1855
54055.5,0.21,0.125,-0.963,-0.18,-0.064,-0.021,10.019,328.47,29.33,5.1,0,0,35.262831,338.57,,1,1,1,1,,1855.5
54056,0.143,0.191,-0.847,-0.005,-0.1,-0.01,10.107,328.47,29.33,5.1,0,0,35.262831,338.57,,1,1,1,1,,1856
54056.5,0.066,0.221,-0.651,0.173,-0.12,-0.039,10.158,328.37,32.28,2.4,0,0,38.809553,335.77,,1,1,1,1,,1856.5
54057,-0.017,0.213,-0.393,0.342,-0.115,-0.09,10.186,328.37,32.28,2.4,0,0,38.809553,335.77,,1,1,1,1,,1857
54057.5,-0.097,0.163,-0.093,0.48,-0.094,-0.085,10.159,328.37,32.28,5.3,0,0,38.809553,338.67,,1,1,1,1,,1857.5
54058,-0.162,0.08,0.219,0.571,-0.071,-0.027,10.116,328.37,32.28,5.3,0,0,38.809553,338.67,,1,1,1,1,,1858
54058.5,-0.212,-0.03,0.512,0.6,-0.012,-0.028,10.002,328.37,33.2,4.4,0,0,39.915649,337.77,,1,1,1,1,,1858.5
54059,-0.246,-0.157,0.752,0.556,0.041,-0.007,9.872,328.37,33.2,4.4,0,0,39.915649,337.77,,1,1,1,1,,1859
54059.5,-0.26,-0.282,0.911,0.449,0.088,-0.014,9.735,328.37,32.28,9.8,0,0,38.809553,343.17,,1,1,1,1,,1859.5
54060,-0.256,-0.394,0.97,0.286,0.135,-0.049,9.602,328.37,32.28,9.8,0,0,38.809553,343.17,,1,1,1,1,,1860
54060.5,-0.244,-0.476,0.924,0.097,0.165,-0.041,9.519,328.47,32.28,10.3,0,0,38.809553,343.77,,1,1,1,1,,1860.5
54061,-0.226,-0.52,0.781,-0.093,0.175,-0.066,9.479,328.47,32.28,10.3,0,0,38.809553,343.77,,1,1,1,1,,1861
54061.5,-0.208,-0.526,0.565,-0.252,0.163,-0.081,9.506,328.47,31.35,8.8,0,0,37.691434,342.27,,1,1,1,1,,1861.5
54062,-0.201,-0.494,0.308,-0.366,0.139,-0.081,9.556,328.47,31.35,8.8,0,0,37.691434,342.27,,1,1,1,1,,1862
54062.5,-0.208,-0.437,0.045,-0.418,0.099,-0.042,9.655,328.57,32.28,9,0,0,38.809553,342.57,,1,1,1,1,,1862.5
54063,-0.233,-0.364,-0.192,-0.411,0.064,-0.031,9.749,328.57,32.28,9,0,0,38.809553,342.57,,1,1,1,1,,1863
54063.5,-0.267,-0.288,-0.377,-0.352,0.014,-0.025,9.862,328.57,32.28,5.8,0,0,38.809553,339.37,,1,1,1,1,,1863.5
54064,-0.309,-0.218,-0.493,-0.256,-0.012,-0.017,9.936,328.57,32.28,5.8,0,0,38.809553,339.37,,1,1,1,1,,1864
54064.5,-0.346,-0.163,-0.536,-0.144,-0.016,-0.055,9.975,328.57,32.28,4.4,0,0,38.809553,337.97,,1,1,1,1,,1864.5
54065,-0.37,-0.128,-0.513,-0.037,-0.014,-0.048,9.981,328.57,32.28,4.4,0,0,38.809553,337.97,,1,1,1,1,,1865
54065.5,-0.38,-0.11,-0.44,0.056,-0.025,-0.014,9.984,328.67,32.28,3.9,0,0,38.809553,337.57,,1,1,1,1,,1865.5
54066,-0.366,-0.108,-0.334,0.123,-0.014,-0.081,9.953,328.67,32.28,3.9,0,0,38.809553,337.57,,1,1,1,1,,1866
54066.5,-0.334,-0.116,-0.213,0.161,0.013,-0.109,9.903,328.67,35.04,5.2,0,0,42.127842,338.87,,1,1,1,1,,1866.5
54067,-0.283,-0.134,-0.095,0.177,0.016,-0.099,9.87,328.67,35.04,5.2,0,0,42.127842,338.87,,1,1,1,1,,1867
54067.5,-0.211,-0.157,0.01,0.169,0.02,-0.136,9.84,328.57,35.04,5.3,0,0,42.127842,338.87,,1,1,1,1,,1867.5
54068,-0.127,-0.183,0.092,0.145,0.033,-0.086,9.805,328.57,35.04,5.3,0,0,42.127842,338.87,,1,1,1,1,,1868
54068.5,-0.036,-0.205,0.148,0.112,0.042,-0.031,9.786,328.57,32.28,8.4,0,0,38.809553,341.97,,1,1,1,1,,1868.5
54069,0.06,-0.224,0.177,0.073,0.056,-0.005,9.765,328.57,32.28,8.4,0,0,38.809553,341.97,,1,1,1,1,,1869
54069.5,0.155,-0.239,0.181,0.034,0.051,0.024,9.765,328.57,32.28,8.5,0,0,38.809553,342.07,,1,1,1,1,,1869.5
54070,0.248,-0.252,0.164,-0.004,0.061,0.046,9.75,328.57,32.28,8.5,0,0,38.809553,342.07,,1,1,1,1,,1870
54070.5,0.331,-0.259,0.128,-0.044,0.071,0.071,9.739,328.57,31.35,12.2,0,0,37.691434,345.77,,1,1,1,1,,1870.5
54071,0.404,-0.26,0.078,-0.081,0.08,0.092,9.728,328.57,31.35,12.2,0,0,37.691434,345.77,,1,1,1,1,,1871
54071.5,0.457,-0.255,0.016,-0.118,0.087,0.117,9.72,328.57,32.28,9.4,0,0,38.809553,342.97,,1,1,1,1,,1871.5
54072,0.484,-0.247,-0.052,-0.146,0.081,0.15,9.724,328.57,32.28,9.4,0,0,38.809553,342.97,,1,1,1,1,,1872
54072.5,0.481,-0.23,-0.121,-0.167,0.073,0.152,9.736,328.67,33.2,9.2,0,0,39.915649,342.87,,1,1,1,1,,1872.5
54073,0.446,-0.204,-0.185,-0.17,0.058,0.175,9.764,328.67,33.2,9.2,0,0,39.915649,342.87,,1,1,1,1,,1873
54073.5,0.378,-0.173,-0.234,-0.155,0.042,0.186,9.804,328.67,33.2,9.2,0,0,39.915649,342.87,,1,1,1,1,,1873.5
54074,0.289,-0.14,-0.258,-0.113,0.016,0.192,9.86,328.67,33.2,9.2,0,0,39.915649,342.87,,1,1,1,1,,1874
54074.5,0.182,-0.109,-0.251,-0.052,-0.006,0.17,9.912,328.67,33.2,7.7,0,0,39.915649,341.37,,1,1,1,1,,1874.5
54075,0.069,-0.087,-0.209,0.026,-0.018,0.118,9.961,328.67,33.2,7.7,0,0,39.915649,341.37,,1,1,1,1,,1875
54075.5,-0.039,-0.074,-0.132,0.109,-0.022,0.042,9.991,328.77,33.2,6.9,0,0,39.915649,340.67,,1,1,1,1,,1875.5
54076,-0.136,-0.08,-0.026,0.188,-0.02,-0.007,10.008,328.77,33.2,6.9,0,0,39.915649,340.67,,1,1,1,1,,1876
54076.5,-0.211,-0.102,0.099,0.248,0.003,-0.068,9.982,328.67,33.2,9.2,0,0,39.915649,342.87,,1,1,1,1,,1876.5
54077,-0.262,-0.137,0.227,0.282,0.023,-0.14,9.944,328.67,33.2,9.2,0,0,39.915649,342.87,,1,1,1,1,,1877
54077.5,-0.289,-0.183,0.341,0.283,0.036,-0.199,9.892,328.57,31.35,9.2,0,0,37.691434,342.77,,1,1,1,1,,1877.5
54078,-0.296,-0.236,0.427,0.258,0.04,-0.245,9.852,328.57,31.35,9.2,0,0,37.691434,342.77,,1,1,1,1,,1878
54078.5,-0.281,-0.294,0.478,0.212,0.052,-0.287,9.801,328.47,30.43,8.9,0,0,36.585338,342.37,,1,1,1,1,,1878.5
54079,-0.25,-0.351,0.49,0.15,0.059,-0.278,9.761,328.47,30.43,8.9,0,0,36.585338,342.37,,1,1,1,1,,1879
54079.5,-0.208,-0.403,0.461,0.078,0.059,-0.191,9.728,328.47,32.28,7,0,0,38.809553,340.47,,1,1,1,1,,1879.5
54080,-0.167,-0.448,0.394,0,0.062,-0.141,9.701,328.47,32.28,7,0,0,38.809553,340.47,,1,1,1,1,,1880
54080.5,-0.133,-0.475,0.295,-0.077,0.071,-0.043,9.681,328.57,33.2,7.9,0,0,39.915649,341.47,,1,1,1,1,,1880.5
54081,-0.119,-0.489,0.171,-0.148,0.075,0.054,9.67,328.57,33.2,7.9,0,0,39.915649,341.47,,1,1,1,1,,1881
54081.5,-0.13,-0.487,0.03,-0.214,0.09,0.135,9.652,328.77,32.28,14.3,0,0,38.809553,348.07,,1,1,1,1,,1881.5
54082,-0.165,-0.466,-0.12,-0.272,0.099,0.201,9.642,328.77,32.28,14.3,0,0,38.809553,348.07,,1,1,1,1,,1882
54082.5,-0.22,-0.422,-0.272,-0.318,0.105,0.227,9.649,328.87,34.12,13.6,0,0,41.021746,347.47,,1,1,1,1,,1882.5
54083,-0.294,-0.361,-0.416,-0.35,0.101,0.225,9.659,328.87,34.12,13.6,0,0,41.021746,347.47,,1,1,1,1,,1883
54083.5,-0.372,-0.281,-0.545,-0.366,0.1,0.154,9.676,328.97,34.12,13.8,0,0,41.021746,347.77,,1,1,1,1,,1883.5
54084,-0.446,-0.186,-0.651,-0.361,0.093,0.083,9.707,328.97,34.12,13.8,0,0,41.021746,347.77,,1,1,1,1,,1884
54084.5,-0.501,-0.088,-0.725,-0.329,0.062,-0.002,9.771,328.87,33.2,10.5,0,0,39.915649,344.37,,1,1,1,1,,1884.5
54085,-0.529,0.012,-0.753,-0.258,0.025,-0.114,9.862,328.87,33.2,10.5,0,0,39.915649,344.37,,1,1,1,1,,1885
54085.5,-0.528,0.099,-0.722,-0.145,-0.023,-0.198,9.967,328.77,32.28,9.7,0,0,38.809553,343.47,,1,1,1,1,,1885.5
54086,-0.494,0.166,-0.624,0.002,-0.066,-0.281,10.064,328.77,32.28,9.7,0,0,38.809553,343.47,,1,1,1,1,,1886
54086.5,-0.427,0.197,-0.458,0.164,-0.093,-0.328,10.131,328.67,33.2,9.8,0,0,39.915649,343.47,,1,1,1,1,,1886.5
54087,-0.333,0.189,-0.233,0.321,-0.109,-0.331,10.163,328.67,33.2,9.8,0,0,39.915649,343.47,,1,1,1,1,,1887
54087.5,-0.217,0.141,0.03,0.451,-0.092,-0.271,10.142,328.47,32.28,8.4,0,0,38.809553,341.87,,1,1,1,1,,1887.5
54088,-0.086,0.059,0.306,0.535,-0.066,-0.257,10.088,328.47,32.28,8.4,0,0,38.809553,341.87,,1,1,1,1,,1888
54088.5,0.049,-0.054,0.565,0.567,-0.035,-0.161,10.016,328.47,33.2,14.9,0,0,39.915649,348.37,,1,1,1,1,,1888.5
54089,0.177,-0.182,0.779,0.54,0.014,-0.026,9.907,328.47,33.2,14.9,0,0,39.915649,348.37,,1,1,1,1,,1889
54089.5,0.287,-0.316,0.926,0.458,0.058,0.092,9.799,328.57,33.2,11.6,0,0,39.915649,345.17,,1,1,1,1,,1889.5
54090,0.374,-0.439,0.99,0.334,0.099,0.198,9.694,328.57,33.2,11.6,0,0,39.915649,345.17,,1,1,1,1,,1890
54090.5,0.428,-0.538,0.965,0.182,0.12,0.279,9.625,328.67,31.35,8.3,0,0,37.691434,341.97,,1,1,1,1,,1890.5
54091,0.446,-0.608,0.858,0.025,0.141,0.329,9.575,328.67,31.35,8.3,0,0,37.691434,341.97,,1,1,1,1,,1891
54091.5,0.429,-0.645,0.68,-0.125,0.147,0.35,9.562,328.77,32.28,6.5,0,0,38.809553,340.27,,1,1,1,1,,1891.5
54092,0.377,-0.644,0.455,-0.248,0.148,0.316,9.571,328.77,32.28,6.5,0,0,38.809553,340.27,,1,1,1,1,,1892
54092.5,0.296,-0.615,0.205,-0.34,0.132,0.265,9.596,328.87,33.2,3.7,0,0,39.915649,337.57,,1,1,1,1,,1892.5
54093,0.194,-0.559,-0.048,-0.398,0.102,0.147,9.647,328.87,33.2,3.7,0,0,39.915649,337.57,,1,1,1,1,,1893
54093.5,0.081,-0.484,-0.285,-0.43,0.102,0.038,9.657,328.77,32.28,359.6,0,0,38.809553,333.37,,1,1,1,1,,1893.5
54094,-0.024,-0.396,-0.492,-0.433,0.078,-0.085,9.702,328.77,32.28,359.6,0,0,38.809553,333.37,,1,1,1,1,,1894
54094.5,-0.113,-0.304,-0.658,-0.413,0.053,-0.156,9.74,328.67,33.2,0.9,0,0,39.915649,334.57,,1,1,1,1,,1894.5
54095,-0.179,-0.213,-0.777,-0.371,0.039,-0.187,9.785,328.67,33.2,0.9,0,0,39.915649,334.57,,1,1,1,1,,1895
54095.5,-0.218,-0.126,-0.843,-0.308,0.034,-0.207,9.817,328.57,34.12,359.8,0,0,41.021746,333.37,,1,1,1,1,,1895.5
54096,-0.23,-0.05,-0.854,-0.229,0.011,-0.188,9.873,328.57,34.12,359.8,0,0,41.021746,333.37,,1,1,1,1,,1896
54096.5,-0.222,0.012,-0.809,-0.13,-0.015,-0.151,9.934,328.57,35.04,2.1,0,0,42.127842,335.67,,1,1,1,1,,1896.5
54097,-0.203,0.058,-0.71,-0.023,-0.018,-0.098,9.969,328.57,35.04,2.1,0,0,42.127842,335.67,,1,1,1,1,,1897
54097.5,-0.186,0.084,-0.564,0.089,-0.037,-0.043,10.01,328.47,33.2,2.3,0,0,39.915649,335.77,,1,1,1,1,,1897.5
54098,-0.172,0.09,-0.379,0.195,-0.049,-0.007,10.032,328.47,33.2,2.3,0,0,39.915649,335.77,,1,1,1,1,,1898
54098.5,-0.168,0.075,-0.167,0.295,-0.058,-0.013,10.057,328.57,32.28,0.8,0,0,38.809553,334.37,,1,1,1,1,,1898.5
54099,-0.177,0.036,0.061,0.379,-0.054,-0.012,10.049,328.57,32.28,0.8,0,0,38.809553,334.37,,1,1,1,1,,1899
54099.5,-0.195,-0.024,0.29,0.44,-0.053,-0.02,10.036,328.67,32.28,2.7,0,0,38.809553,336.37,,1,1,1,1,,1899.5
54100,-0.223,-0.098,0.503,0.467,-0.037,0.004,9.989,328.67,32.28,2.7,0,0,38.809553,336.37,,1,1,1,1,,1900
54100.5,-0.262,-0.185,0.681,0.455,0.004,0.031,9.922,328.67,32.28,2.3,0,0,38.809553,335.97,,1,1,1,1,,1900.5
54101,-0.304,-0.279,0.81,0.402,0.048,0.057,9.829,328.67,32.28,2.3,0,0,38.809553,335.97,,1,1,1,1,,1901
54101.5,-0.345,-0.371,0.873,0.309,0.087,0.027,9.745,328.77,32.28,357.5,0,0,38.809553,331.27,,1,1,1,1,,1901.5
54102,-0.379,-0.454,0.863,0.181,0.128,0.009,9.641,328.77,32.28,357.5,0,0,38.809553,331.27,,1,1,1,1,,1902
54102.5,-0.399,-0.518,0.774,0.023,0.157,-0.035,9.556,328.77,31.35,359,0,0,37.691434,332.77,,1,1,1,1,,1902.5
54103,-0.407,-0.554,0.609,-0.144,0.172,-0.061,9.496,328.77,31.35,359,0,0,37.691434,332.77,,1,1,1,1,,1903
54103.5,-0.405,-0.563,0.383,-0.303,0.169,-0.077,9.476,328.77,33.2,359.9,0,0,39.915649,333.67,,1,1,1,1,,1903.5
54104,-0.395,-0.538,0.115,-0.433,0.157,-0.122,9.487,328.77,33.2,359.9,0,0,39.915649,333.67,,1,1,1,1,,1904
54104.5,-0.379,-0.484,-0.167,-0.519,0.128,-0.115,9.545,328.67,33.2,355.2,0,0,39.915649,328.87,,1,1,1,1,,1904.5
54105,-0.356,-0.405,-0.432,-0.543,0.082,-0.118,9.652,328.67,33.2,355.2,0,0,39.915649,328.87,,1,1,1,1,,1905
54105.5,-0.33,-0.311,-0.649,-0.503,0.038,-0.081,9.774,328.67,32.28,1.3,0,0,38.809553,334.97,,1,1,1,1,,1905.5
54106,-0.297,-0.21,-0.791,-0.396,-0.015,-0.123,9.921,328.67,32.28,1.3,0,0,38.809553,334.97,,1,1,1,1,,1906
54106.5,-0.258,-0.119,-0.839,-0.24,-0.051,-0.103,10.028,328.57,31.35,3.7,0,0,37.691434,337.27,,1,1,1,1,,1906.5
54107,-0.207,-0.047,-0.787,-0.056,-0.091,-0.095,10.128,328.57,31.35,3.7,0,0,37.691434,337.27,,1,1,1,1,,1907
54107.5,-0.148,-0.001,-0.643,0.135,-0.102,-0.092,10.178,328.57,31.35,0.4,0,0,37.691434,333.97,,1,1,1,1,,1907.5
54108,-0.08,0.012,-0.426,0.307,-0.101,-0.058,10.19,328.57,31.35,0.4,0,0,37.691434,333.97,,1,1,1,1,,1908
54108.5,-0.013,-0.009,-0.16,0.445,-0.08,-0.013,10.157,328.57,31.35,358.2,0,0,37.691434,331.77,,1,1,1,1,,1908.5
54109,0.053,-0.063,0.121,0.524,-0.044,0.009,10.075,328.57,31.35,358.2,0,0,37.691434,331.77,,1,1,1,1,,1909
54109.5,0.108,-0.142,0.381,0.533,0.007,0.045,9.944,328.57,30.43,2.5,0,0,36.585338,336.07,,1,1,1,1,,1909.5
54110,0.145,-0.233,0.583,0.456,0.071,0.082,9.774,328.57,30.43,2.5,0,0,36.585338,336.07,,1,1,1,1,,1910
54110.5,0.167,-0.322,0.693,0.31,0.129,0.082,9.614,328.67,28.4,3,0,0,34.144712,336.67,,1,1,1,1,,1910.5
54111,0.173,-0.395,0.696,0.109,0.171,0.103,9.477,328.67,28.4,3,0,0,34.144712,336.67,,1,1,1,1,,1911
54111.5,0.173,-0.443,0.589,-0.107,0.184,0.119,9.41,328.77,28.4,3.3,0,0,34.144712,337.07,,1,1,1,1,,1911.5
54112,0.164,-0.454,0.391,-0.309,0.183,0.127,9.39,328.77,28.4,3.3,0,0,34.144712,337.07,,1,1,1,1,,1912
54112.5,0.151,-0.43,0.132,-0.463,0.158,0.116,9.444,328.77,29.33,358.6,0,0,35.262831,332.37,,1,1,1,1,,1912.5
54113,0.13,-0.37,-0.146,-0.545,0.111,0.088,9.552,328.77,29.33,358.6,0,0,35.262831,332.37,,1,1,1,1,,1913
54113.5,0.104,-0.287,-0.401,-0.538,0.03,-0.005,9.732,328.77,29.33,3.9,0,0,35.262831,337.67,,1,1,1,1,,1913.5
54114,0.07,-0.193,-0.589,-0.446,-0.011,-0.021,9.883,328.77,29.33,3.9,0,0,35.262831,337.67,,1,1,1,1,,1914
54114.5,0.034,-0.103,-0.682,-0.28,-0.078,0.006,10.083,328.67,30.43,5.1,0,0,36.585338,338.77,,1,1,1,1,,1914.5
54115,-0.002,-0.036,-0.657,-0.059,-0.105,-0.042,10.187,328.67,30.43,5.1,0,0,36.585338,338.77,,1,1,1,1,,1915
54115.5,-0.029,0.003,-0.526,0.158,-0.123,-0.068,10.267,328.67,29.33,5.5,0,0,35.262831,339.17,,1,1,1,1,,1915.5
54116,-0.045,0.001,-0.302,0.372,-0.107,-0.103,10.263,328.67,29.33,5.5,0,0,35.262831,339.17,,1,1,1,1,,1916
54116.5,-0.041,-0.04,-0.024,0.508,-0.069,-0.125,10.177,328.57,28.4,1.3,0,0,34.144712,334.87,,1,1,1,1,,1916.5
54117,-0.018,-0.114,0.266,0.593,-0.044,-0.121,10.098,328.57,28.4,1.3,0,0,34.144712,334.87,,1,1,1,1,,1917
54117.5,0.024,-0.212,0.523,0.565,0.041,-0.104,9.881,328.57,28.4,0.4,0,0,34.144712,333.97,,1,1,1,1,,1917.5
54118,0.072,-0.315,0.707,0.473,0.06,-0.055,9.764,328.57,28.4,0.4,0,0,34.144712,333.97,,1,1,1,1,,1918
54118.5,0.118,-0.413,0.791,0.291,0.141,-0.012,9.534,328.77,29.33,5.7,0,0,35.262831,339.47,,1,1,1,1,,1918.5
54119,0.146,-0.482,0.755,0.075,0.147,0.047,9.47,328.77,29.33,5.7,0,0,35.262831,339.47,,1,1,1,1,,1919
54119.5,0.151,-0.519,0.61,-0.157,0.196,0.093,9.348,328.87,31.35,3.6,0,0,37.691434,337.47,,1,1,1,1,,1919.5
54120,0.134,-0.509,0.371,-0.363,0.172,0.126,9.394,328.87,31.35,3.6,0,0,37.691434,337.47,,1,1,1,1,,1920
54120.5,0.097,-0.462,0.078,-0.517,0.178,0.139,9.41,328.97,31.35,3.1,0,0,37.691434,337.07,,1,1,1,1,,1920.5
54121,0.044,-0.379,-0.233,-0.609,0.136,0.136,9.533,328.97,31.35,3.1,0,0,37.691434,337.07,,1,1,1,1,,1921
54121.5,-0.017,-0.275,-0.517,-0.614,0.095,0.124,9.653,329.07,33.2,357.9,0,0,39.915649,331.97,,1,1,1,1,,1921.5
54122,-0.075,-0.159,-0.741,-0.555,0.043,0.113,9.798,329.07,33.2,357.9,0,0,39.915649,331.97,,1,1,1,1,,1922
54122.5,-0.127,-0.048,-0.875,-0.415,-0.018,0.071,9.955,328.97,33.2,0.4,0,0,39.915649,334.37,,1,1,1,1,,1922.5
54123,-0.169,0.045,-0.902,-0.24,-0.062,0.027,10.068,328.97,33.2,0.4,0,0,39.915649,334.37,,1,1,1,1,,1923
54123.5,-0.203,0.109,-0.818,-0.012,-0.128,-0.045,10.217,328.97,33.2,4.4,0,0,39.915649,338.37,,1,1,1,1,,1923.5
54124,-0.224,0.132,-0.627,0.214,-0.139,-0.141,10.259,328.97,33.2,4.4,0,0,39.915649,338.37,,1,1,1,1,,1924
54124.5,-0.231,0.114,-0.348,0.444,-0.174,-0.214,10.343,328.87,31.35,1.8,0,0,37.691434,335.67,,1,1,1,1,,1924.5
54125,-0.219,0.052,-0.005,0.624,-0.142,-0.269,10.275,328.87,31.35,1.8,0,0,37.691434,335.67,,1,1,1,1,,1925
54125.5,-0.187,-0.048,0.357,0.744,-0.125,-0.293,10.234,328.87,31.35,1.3,0,0,37.691434,335.17,,1,1,1,1,,1925.5
54126,-0.133,-0.177,0.701,0.779,-0.037,-0.234,10.061,328.87,31.35,1.3,0,0,37.691434,335.17,,1,1,1,1,,1926
54126.5,-0.067,-0.323,0.978,0.721,0.028,-0.143,9.911,328.87,30.43,1.7,0,0,36.585338,335.57,,1,1,1,1,,1926.5
54127,0.016,-0.468,1.154,0.57,0.124,-0.02,9.675,328.87,30.43,1.7,0,0,36.585338,335.57,,1,1,1,1,,1927
54127.5,0.106,-0.593,1.193,0.326,0.191,0.087,9.476,329.07,31.35,7,0,0,37.691434,341.07,,1,1,1,1,,1927.5
54128,0.196,-0.68,1.083,0.029,0.25,0.186,9.285,329.07,31.35,7,0,0,37.691434,341.07,,1,1,1,1,,1928
54128.5,0.283,-0.715,0.823,-0.305,0.289,0.229,9.158,329.17,29.33,2.9,0,0,35.262831,337.07,,1,1,1,1,,1928.5
54129,0.352,-0.69,0.438,-0.606,0.283,0.229,9.136,329.17,29.33,2.9,0,0,35.262831,337.07,,1,1,1,1,,1929
54129.5,0.405,-0.603,-0.026,-0.851,0.25,0.204,9.188,329.27,31.35,4.3,0,0,37.691434,338.57,,1,1,1,1,,1929.5
54130,0.435,-0.465,-0.513,-0.984,0.175,0.141,9.349,329.27,31.35,4.3,0,0,37.691434,338.57,,1,1,1,1,,1930
54130.5,0.44,-0.286,-0.958,-1.007,0.095,0.095,9.535,329.27,31.35,6.1,0,0,37.691434,340.37,,1,1,1,1,,1930.5
54131,0.426,-0.096,-1.306,-0.9,-0.001,0.052,9.786,329.27,31.35,6.1,0,0,37.691434,340.37,,1,1,1,1,,1931
54131.5,0.39,0.085,-1.509,-0.686,-0.091,0.007,10.021,329.17,29.33,6.4,0,0,35.262831,340.57,,1,1,1,1,,1931.5
54132,0.345,0.234,-1.536,-0.374,-0.162,-0.045,10.248,329.17,29.33,6.4,0,0,35.262831,340.57,,1,1,1,1,,1932
54132.5,0.293,0.335,-1.382,-0.025,-0.207,0,10.414,329.27,29.33,3.3,0,0,35.262831,337.57,,1,1,1,1,,1932.5
54133,0.243,0.375,-1.057,0.359,-0.239,0.056,10.551,329.27,29.33,3.3,0,0,35.262831,337.57,,1,1,1,1,,1933
54133.5,0.193,0.344,-0.598,0.675,-0.195,0.095,10.503,329.37,29.33,1.1,0,0,35.262831,335.47,,1,1,1,1,,1933.5
54134,0.145,0.252,-0.061,0.937,-0.192,0.115,10.5,329.37,29.33,1.1,0,0,35.262831,335.47,,1,1,1,1,,1934
54134.5,0.098,0.103,0.493,1.062,-0.073,0.128,10.247,329.37,30.43,1,0,0,36.585338,335.37,,1,1,1,1,,1934.5
54135,0.052,-0.076,0.987,1.067,-0.027,0.107,10.102,329.37,30.43,1,0,0,36.585338,335.37,,1,1,1,1,,1935
54135.5,0.005,-0.268,1.37,0.937,0.096,0.061,9.773,329.37,31.35,356.8,0,0,37.691434,331.17,,1,1,1,1,,1935.5
54136,-0.043,-0.447,1.587,0.695,0.14,-0.009,9.593,329.37,31.35,356.8,0,0,37.691434,331.17,,1,1,1,1,,1936
54136.5,-0.09,-0.597,1.623,0.388,0.215,-0.056,9.365,329.47,31.35,357.8,0,0,37.691434,332.27,,1,1,1,1,,1936.5
54137,-0.14,-0.696,1.473,0.04,0.236,-0.076,9.268,329.47,31.35,357.8,0,0,37.691434,332.27,,1,1,1,1,,1937
54137.5,-0.197,-0.744,1.171,-0.273,0.245,-0.1,9.22,329.47,32.28,358.9,0,0,38.809553,333.37,,1,1,1,1,,1937.5
54138,-0.261,-0.732,0.754,-0.552,0.229,-0.095,9.245,329.47,32.28,358.9,0,0,38.809553,333.37,,1,1,1,1,,1938
54138.5,-0.335,-0.671,0.281,-0.722,0.172,-0.081,9.382,329.47,31.35,1.3,0,0,37.691434,335.77,,1,1,1,1,,1938.5
54139,-0.414,-0.574,-0.192,-0.823,0.148,-0.114,9.47,329.47,31.35,1.3,0,0,37.691434,335.77,,1,1,1,1,,1939
54139.5,-0.497,-0.451,-0.613,-0.805,0.059,-0.119,9.687,329.57,31.35,357,0,0,37.691434,331.57,,1,1,1,1,,1939.5
54140,-0.582,-0.323,-0.941,-0.726,0.037,-0.112,9.769,329.57,31.35,357,0,0,37.691434,331.57,,1,1,1,1,,1940
54140.5,-0.662,-0.196,-1.155,-0.573,-0.04,-0.135,9.958,329.57,30.43,5.7,0,0,36.585338,340.27,,1,1,1,1,,1940.5
54141,-0.733,-0.088,-1.242,-0.394,-0.029,-0.134,9.981,329.57,30.43,5.7,0,0,36.585338,340.27,,1,1,1,1,,1941
54141.5,-0.786,0.003,-1.213,-0.198,-0.086,-0.096,10.109,329.67,28.4,4,0,0,34.144712,338.67,,1,1,1,1,,1941.5
54142,-0.818,0.068,-1.076,-0.002,-0.082,-0.096,10.101,329.67,28.4,4,0,0,34.144712,338.67,,1,1,1,1,,1942
54142.5,-0.822,0.108,-0.86,0.17,-0.099,-0.121,10.145,329.77,29.33,3.9,0,0,35.262831,338.67,,1,1,1,1,,1942.5
54143,-0.79,0.12,-0.583,0.325,-0.087,-0.134,10.116,329.77,29.33,3.9,0,0,35.262831,338.67,,1,1,1,1,,1943
54143.5,-0.721,0.114,-0.279,0.426,-0.071,-0.148,10.088,329.77,32.28,2.9,0,0,38.809553,337.67,,1,1,1,1,,1943.5
54144,-0.621,0.085,0.029,0.505,-0.042,-0.17,10.049,329.77,32.28,2.9,0,0,38.809553,337.67,,1,1,1,1,,1944
54144.5,-0.498,0.037,0.313,0.514,0.01,-0.142,9.945,329.77,34.12,5.9,0,0,41.021746,340.67,,1,1,1,1,,1944.5
54145,-0.359,-0.022,0.549,0.493,0.028,-0.083,9.899,329.77,34.12,5.9,0,0,41.021746,340.67,,1,1,1,1,,1945
54145.5,-0.224,-0.09,0.719,0.409,0.083,-0.027,9.759,329.77,34.12,0.7,0,0,41.021746,335.47,,1,1,1,1,,1945.5
54146,-0.096,-0.158,0.809,0.303,0.085,0.06,9.719,329.77,34.12,0.7,0,0,41.021746,335.47,,1,1,1,1,,1946
54146.5,0.011,-0.226,0.817,0.163,0.124,0.141,9.603,329.77,34.12,6.3,0,0,41.021746,341.07,,1,1,1,1,,1946.5
54147,0.099,-0.286,0.743,0.015,0.115,0.169,9.59,329.77,34.12,6.3,0,0,41.021746,341.07,,1,1,1,1,,1947
54147.5,0.167,-0.335,0.603,-0.127,0.13,0.139,9.537,329.67,34.12,5.3,0,0,41.021746,339.97,,1,1,1,1,,1947.5
54148,0.222,-0.369,0.411,-0.242,0.091,0.065,9.603,329.67,34.12,5.3,0,0,41.021746,339.97,,1,1,1,1,,1948
54148.5,0.264,-0.391,0.201,-0.307,0.081,-0.015,9.645,329.67,33.2,1.6,0,0,39.915649,336.27,,1,1,1,1,,1948.5
54149,0.296,-0.398,-0.003,-0.322,0.039,-0.069,9.763,329.67,33.2,1.6,0,0,39.915649,336.27,,1,1,1,1,,1949
54149.5,0.315,-0.397,-0.169,-0.28,0.023,-0.109,9.839,329.67,33.2,0.7,0,0,39.915649,335.37,,1,1,1,1,,1949.5
54150,0.326,-0.383,-0.284,-0.215,0.008,-0.085,9.906,329.67,33.2,0.7,0,0,39.915649,335.37,,1,1,1,1,,1950
54150.5,0.334,-0.364,-0.34,-0.12,0,-0.038,9.956,329.77,34.12,0.1,0,0,41.021746,334.87,,1,1,1,1,,1950.5
54151,0.334,-0.337,-0.342,-0.038,0.011,0.033,9.956,329.77,34.12,0.1,0,0,41.021746,334.87,,1,1,1,1,,1951
54151.5,0.329,-0.305,-0.301,0.04,0.018,0.094,9.954,329.77,33.2,1.5,0,0,39.915649,336.27,,1,1,1,1,,1951.5
54152,0.317,-0.267,-0.235,0.077,0.047,0.146,9.879,329.77,33.2,1.5,0,0,39.915649,336.27,,1,1,1,1,,1952
54152.5,0.303,-0.22,-0.164,0.091,0.047,0.175,9.852,329.77,34.12,9.3,0,0,41.021746,344.07,,1,1,1,1,,1952.5
54153,0.283,-0.169,-0.103,0.065,0.078,0.168,9.751,329.77,34.12,9.3,0,0,41.021746,344.07,,1,1,1,1,,1953
54153.5,0.261,-0.111,-0.067,0.02,0.06,0.151,9.74,329.87,31.35,4.9,0,0,37.691434,339.77,,1,1,1,1,,1953.5
54154,0.232,-0.053,-0.058,-0.032,0.065,0.14,9.693,329.87,31.35,4.9,0,0,37.691434,339.77,,1,1,1,1,,1954
54154.5,0.195,0.003,-0.071,-0.068,0.02,0.119,9.759,329.87,30.43,4.7,0,0,36.585338,339.57,,1,1,1,1,,1954.5
54155,0.148,0.046,-0.089,-0.069,-0.002,0.134,9.801,329.87,30.43,4.7,0,0,36.585338,339.57,,1,1,1,1,,1955
54155.5,0.087,0.065,-0.096,-0.038,-0.045,0.127,9.889,329.87,30.43,4.9,0,0,36.585338,339.77,,1,1,1,1,,1955.5
54156,0.01,0.052,-0.076,0.025,-0.058,0.049,9.94,329.87,30.43,4.9,0,0,36.585338,339.77,,1,1,1,1,,1956
54156.5,-0.081,0.007,-0.03,0.086,-0.045,-0.006,9.958,329.77,29.33,5.8,0,0,35.262831,340.57,,1,1,1,1,,1956.5
54157,-0.183,-0.066,0.04,0.15,-0.033,-0.076,9.971,329.77,29.33,5.8,0,0,35.262831,340.57,,1,1,1,1,,1957
54157.5,-0.289,-0.16,0.123,0.186,0.007,-0.14,9.926,329.77,30.43,4.1,0,0,36.585338,338.87,,1,1,1,1,,1957.5
54158,-0.393,-0.264,0.204,0.201,0.037,-0.177,9.888,329.77,30.43,4.1,0,0,36.585338,338.87,,1,1,1,1,,1958
54158.5,-0.49,-0.365,0.267,0.167,0.091,-0.187,9.781,329.77,29.33,9.6,0,0,35.262831,344.37,,1,1,1,1,,1958.5
54159,-0.572,-0.446,0.293,0.109,0.102,-0.168,9.743,329.77,29.33,9.6,0,0,35.262831,344.37,,1,1,1,1,,1959
54159.5,-0.636,-0.501,0.278,0.024,0.132,-0.142,9.661,329.77,29.33,6.8,0,0,35.262831,341.57,,1,1,1,1,,1959.5
54160,-0.675,-0.519,0.22,-0.063,0.121,-0.116,9.657,329.77,29.33,6.8,0,0,35.262831,341.57,,1,1,1,1,,1960
54160.5,-0.692,-0.499,0.128,-0.15,0.133,-0.108,9.608,329.77,29.33,7.3,0,0,35.262831,342.07,,1,1,1,1,,1960.5
54161,-0.683,-0.442,0.007,-0.226,0.111,-0.086,9.631,329.77,29.33,7.3,0,0,35.262831,342.07,,1,1,1,1,,1961
54161.5,-0.647,-0.352,-0.125,-0.277,0.1,-0.077,9.642,329.77,30.43,9.9,0,0,36.585338,344.67,,1,1,1,1,,1961.5
54162,-0.586,-0.238,-0.257,-0.305,0.079,-0.113,9.692,329.77,30.43,9.9,0,0,36.585338,344.67,,1,1,1,1,,1962
54162.5,-0.504,-0.113,-0.368,-0.289,0.049,-0.126,9.756,329.67,29.33,7.5,0,0,35.262831,342.17,,1,1,1,1,,1962.5
54163,-0.407,0.009,-0.443,-0.242,0.005,-0.098,9.848,329.67,29.33,7.5,0,0,35.262831,342.17,,1,1,1,1,,1963
54163.5,-0.304,0.116,-0.467,-0.144,-0.05,-0.082,9.963,329.67,29.33,8,0,0,35.262831,342.67,,1,1,1,1,,1963.5
54164,-0.201,0.187,-0.428,-0.018,-0.08,-0.063,10.044,329.67,29.33,8,0,0,35.262831,342.67,,1,1,1,1,,1964
54164.5,-0.105,0.213,-0.321,0.141,-0.124,-0.031,10.147,329.57,30.43,9.9,0,0,36.585338,344.47,,1,1,1,1,,1964.5
54165,-0.022,0.186,-0.151,0.293,-0.125,-0.037,10.162,329.57,30.43,9.9,0,0,36.585338,344.47,,1,1,1,1,,1965
54165.5,0.048,0.109,0.063,0.42,-0.109,-0.043,10.151,329.57,31.35,8,0,0,37.691434,342.57,,1,1,1,1,,1965.5
54166,0.101,-0.013,0.293,0.493,-0.061,-0.02,10.059,329.57,31.35,8,0,0,37.691434,342.57,,1,1,1,1,,1966
54166.5,0.14,-0.164,0.504,0.499,-0.013,0.02,9.96,329.67,30.43,5.8,0,0,36.585338,340.47,,1,1,1,1,,1966.5
54167,0.165,-0.324,0.663,0.431,0.073,0.107,9.788,329.67,30.43,5.8,0,0,36.585338,340.47,,1,1,1,1,,1967
54167.5,0.177,-0.472,0.74,0.295,0.13,0.15,9.648,329.67,29.33,359.9,0,0,35.262831,334.57,,1,1,1,1,,1967.5
54168,0.178,-0.589,0.722,0.115,0.177,0.158,9.516,329.67,29.33,359.9,0,0,35.262831,334.57,,1,1,1,1,,1968
54168.5,0.179,-0.659,0.603,-0.097,0.21,0.155,9.418,329.67,28.4,1.4,0,0,34.144712,336.07,,1,1,1,1,,1968.5
54169,0.176,-0.674,0.394,-0.301,0.218,0.113,9.384,329.67,28.4,1.4,0,0,34.144712,336.07,,1,1,1,1,,1969
54169.5,0.179,-0.627,0.119,-0.474,0.202,0.046,9.409,329.57,27.48,1.1,0,0,33.038616,335.67,,1,1,1,1,,1969.5
54170,0.19,-0.527,-0.182,-0.58,0.16,-0.008,9.501,329.57,27.48,1.1,0,0,33.038616,335.67,,1,1,1,1,,1970
54170.5,0.206,-0.386,-0.471,-0.615,0.102,-0.03,9.615,329.47,30.43,2.5,0,0,36.585338,336.97,,1,1,1,1,,1970.5
54171,0.225,-0.225,-0.708,-0.566,0.029,-0.022,9.773,329.47,30.43,2.5,0,0,36.585338,336.97,,1,1,1,1,,1971
54171.5,0.24,-0.061,-0.864,-0.459,-0.016,-0.015,9.889,329.27,31.35,0.6,0,0,37.691434,334.87,,1,1,1,1,,1971.5
54172,0.252,0.088,-0.922,-0.301,-0.063,0.01,10.014,329.27,31.35,0.6,0,0,37.691434,334.87,,1,1,1,1,,1972
54172.5,0.25,0.205,-0.878,-0.118,-0.092,0.1,10.089,329.27,30.43,6.8,0,0,36.585338,341.07,,1,1,1,1,,1972.5
54173,0.238,0.279,-0.738,0.08,-0.131,0.127,10.176,329.27,30.43,6.8,0,0,36.585338,341.07,,1,1,1,1,,1973
54173.5,0.202,0.303,-0.516,0.269,-0.127,0.101,10.195,329.27,30.43,9.6,0,0,36.585338,343.87,,1,1,1,1,,1973.5
54174,0.146,0.272,-0.234,0.443,-0.132,0.056,10.229,329.27,30.43,9.6,0,0,36.585338,343.87,,1,1,1,1,,1974
54174.5,0.071,0.189,0.087,0.586,-0.116,0.003,10.205,329.37,30.43,12.6,0,0,36.585338,346.97,,1,1,1,1,,1974.5
54175,-0.024,0.06,0.414,0.673,-0.083,-0.048,10.152,329.37,30.43,12.6,0,0,36.585338,346.97,,1,1,1,1,,1975
54175.5,-0.132,-0.104,0.714,0.693,-0.007,-0.061,10.011,329.37,29.33,5.4,0,0,35.262831,339.77,,1,1,1,1,,1975.5
54176,-0.252,-0.285,0.95,0.628,0.047,-0.05,9.864,329.37,29.33,5.4,0,0,35.262831,339.77,,1,1,1,1,,1976
54176.5,-0.375,-0.464,1.09,0.489,0.108,-0.054,9.694,329.47,32.28,8.3,0,0,38.809553,342.77,,1,1,1,1,,1976.5
54177,-0.498,-0.619,1.111,0.273,0.182,-0.034,9.503,329.47,32.28,8.3,0,0,38.809553,342.77,,1,1,1,1,,1977
54177.5,-0.606,-0.728,1,0.015,0.224,-0.067,9.361,329.47,33.2,358.7,0,0,39.915649,333.17,,1,1,1,1,,1977.5
54178,-0.695,-0.776,0.764,-0.268,0.256,-0.102,9.251,329.47,33.2,358.7,0,0,39.915649,333.17,,1,1,1,1,,1978
54178.5,-0.757,-0.756,0.422,-0.522,0.242,-0.108,9.254,329.27,33.2,0.8,0,0,39.915649,335.07,,1,1,1,1,,1978.5
54179,-0.786,-0.666,0.019,-0.714,0.211,-0.178,9.313,329.27,33.2,0.8,0,0,39.915649,335.07,,1,1,1,1,,1979
54179.5,-0.784,-0.518,-0.394,-0.807,0.139,-0.211,9.48,329.27,33.2,358.8,0,0,39.915649,333.07,,1,1,1,1,,1979.5
54180,-0.748,-0.336,-0.76,-0.791,0.061,-0.196,9.666,329.27,33.2,358.8,0,0,39.915649,333.07,,1,1,1,1,,1980
54180.5,-0.681,-0.137,-1.03,-0.671,-0.027,-0.176,9.886,329.17,33.2,355.4,0,0,39.915649,329.57,,1,1,1,1,,1980.5
54181,-0.587,0.049,-1.169,-0.468,-0.079,-0.158,10.055,329.17,33.2,355.4,0,0,39.915649,329.57,,1,1,1,1,,1981
54181.5,-0.479,0.202,-1.164,-0.212,-0.136,-0.113,10.212,329.07,34.12,1.4,0,0,41.021746,335.47,,1,1,1,1,,1981.5
54182,-0.36,0.305,-1.017,0.062,-0.162,-0.08,10.302,329.07,34.12,1.4,0,0,41.021746,335.47,,1,1,1,1,,1982
54182.5,-0.253,0.344,-0.752,0.318,-0.163,-0.102,10.323,329.07,34.12,359.7,0,0,41.021746,333.77,,1,1,1,1,,1982.5
54183,-0.16,0.318,-0.405,0.527,-0.145,-0.052,10.282,329.07,34.12,359.7,0,0,41.021746,333.77,,1,1,1,1,,1983
54183.5,-0.087,0.232,-0.022,0.656,-0.105,-0.005,10.175,328.97,33.2,357.9,0,0,39.915649,331.87,,1,1,1,1,,1983.5
54184,-0.043,0.1,0.344,0.69,-0.049,0.053,10.019,328.97,33.2,357.9,0,0,39.915649,331.87,,1,1,1,1,,1984
54184.5,-0.026,-0.059,0.646,0.628,0.03,0.105,9.831,328.97,32.28,3.5,0,0,38.809553,337.47,,1,1,1,1,,1984.5
54185,-0.028,-0.224,0.847,0.484,0.089,0.123,9.664,328.97,32.28,3.5,0,0,38.809553,337.47,,1,1,1,1,,1985
54185.5,-0.041,-0.375,0.925,0.286,0.139,0.151,9.537,329.07,31.35,8.1,0,0,37.691434,342.17,,1,1,1,1,,1985.5
54186,-0.055,-0.49,0.88,0.063,0.187,0.077,9.441,329.07,31.35,8.1,0,0,37.691434,342.17,,1,1,1,1,,1986
54186.5,-0.061,-0.56,0.726,-0.148,0.194,-0.017,9.431,329.07,31.35,7.9,0,0,37.691434,341.97,,1,1,1,1,,1986.5
54187,-0.056,-0.583,0.495,-0.315,0.184,-0.101,9.474,329.07,31.35,7.9,0,0,37.691434,341.97,,1,1,1,1,,1987
54187.5,-0.035,-0.56,0.226,-0.421,0.151,-0.146,9.562,328.97,29.33,8,0,0,35.262831,341.97,,1,1,1,1,,1987.5
54188,-0.003,-0.496,-0.04,-0.451,0.108,-0.138,9.688,328.97,29.33,8,0,0,35.262831,341.97,,1,1,1,1,,1988
54188.5,0.035,-0.407,-0.264,-0.413,0.063,-0.1,9.81,328.97,29.33,7.6,0,0,35.262831,341.57,,1,1,1,1,,1988.5
54189,0.073,-0.304,-0.419,-0.313,0.004,-0.029,9.942,328.97,29.33,7.6,0,0,35.262831,341.57,,1,1,1,1,,1989
54189.5,0.103,-0.206,-0.491,-0.183,-0.025,0.022,10.007,328.97,29.33,3.3,0,0,35.262831,337.27,,1,1,1,1,,1989.5
54190,0.121,-0.119,-0.483,-0.041,-0.055,0.071,10.063,328.97,29.33,3.3,0,0,35.262831,337.27,,1,1,1,1,,1990
54190.5,0.127,-0.051,-0.404,0.088,-0.059,0.091,10.052,328.87,28.4,1.8,0,0,34.144712,335.67,,1,1,1,1,,1990.5
54191,0.126,-0.008,-0.277,0.189,-0.064,0.071,10.037,328.87,28.4,1.8,0,0,34.144712,335.67,,1,1,1,1,,1991
54191.5,0.121,0.007,-0.126,0.254,-0.047,0.084,9.976,328.87,28.4,4.1,0,0,34.144712,337.97,,1,1,1,1,,1991.5
54192,0.115,-0.002,0.026,0.276,-0.028,0.077,9.913,328.87,28.4,4.1,0,0,34.144712,337.97,,1,1,1,1,,1992
54192.5,0.114,-0.036,0.157,0.26,-0.006,0.059,9.842,328.77,28.4,8.3,0,0,34.144712,342.07,,1,1,1,1,,1992.5
54193,0.115,-0.087,0.249,0.205,0.027,0.042,9.764,328.77,28.4,8.3,0,0,34.144712,342.07,,1,1,1,1,,1993
54193.5,0.113,-0.144,0.294,0.127,0.049,0.009,9.706,328.77,28.4,4.2,0,0,34.144712,337.97,,1,1,1,1,,1993.5
54194,0.103,-0.212,0.287,0.031,0.071,-0.019,9.657,328.77,28.4,4.2,0,0,34.144712,337.97,,1,1,1,1,,1994
54194.5,0.075,-0.273,0.232,-0.063,0.082,-0.047,9.641,328.77,29.33,4.2,0,0,35.262831,337.97,,1,1,1,1,,1994.5
54195,0.029,-0.326,0.139,-0.148,0.103,-0.022,9.628,328.77,29.33,4.2,0,0,35.262831,337.97,,1,1,1,1,,1995
54195.5,-0.033,-0.36,0.022,-0.216,0.108,0.037,9.645,328.77,31.35,356.2,0,0,37.691434,329.97,,1,1,1,1,,1995.5
54196,-0.108,-0.377,-0.106,-0.265,0.111,0.073,9.661,328.77,31.35,356.2,0,0,37.691434,329.97,,1,1,1,1,,1996
54196.5,-0.187,-0.368,-0.231,-0.289,0.104,0.091,9.7,328.77,31.35,1.5,0,0,37.691434,335.27,,1,1,1,1,,1996.5
54197,-0.266,-0.335,-0.339,-0.281,0.086,0.084,9.753,328.77,31.35,1.5,0,0,37.691434,335.27,,1,1,1,1,,1997
54197.5,-0.339,-0.282,-0.416,-0.243,0.057,0.061,9.821,328.87,32.28,359.2,0,0,38.809553,333.07,,1,1,1,1,,1997.5
54198,-0.4,-0.212,-0.45,-0.176,0.033,0.021,9.886,328.87,32.28,359.2,0,0,38.809553,333.07,,1,1,1,1,,1998
54198.5,-0.448,-0.134,-0.435,-0.08,0.001,-0.044,9.967,328.77,30.43,4.5,0,0,36.585338,338.27,,1,1,1,1,,1998.5
54199,-0.482,-0.059,-0.367,0.034,-0.023,-0.14,10.018,328.77,30.43,4.5,0,0,36.585338,338.27,,1,1,1,1,,1999
54199.5,-0.495,0.001,-0.248,0.152,-0.045,-0.239,10.062,328.57,30.43,0.4,0,0,36.585338,333.97,,1,1,1,1,,1999.5
54200,-0.481,0.039,-0.09,0.257,-0.052,-0.309,10.056,328.57,30.43,0.4,0,0,36.585338,333.97,,1,1,1,1,,2000
54200.5,-0.445,0.052,0.09,0.337,-0.062,-0.343,10.042,328.47,30.43,0,0,0,36.585338,333.47,,1,1,1,1,,2000.5
54201,-0.384,0.033,0.274,0.387,-0.055,-0.354,9.991,328.47,30.43,0,0,0,36.585338,333.47,,1,1,1,1,,2001
54201.5,-0.298,-0.01,0.441,0.395,-0.039,-0.308,9.934,328.37,32.28,6.9,0,0,38.809553,340.27,,1,1,1,1,,2001.5
54202,-0.191,-0.08,0.574,0.372,-0.018,-0.191,9.879,328.37,32.28,6.9,0,0,38.809553,340.27,,1,1,1,1,,2002
54202.5,-0.072,-0.167,0.66,0.314,0.012,-0.034,9.81,328.37,33.2,6,0,0,39.915649,339.37,,1,1,1,1,,2002.5
54203,0.045,-0.262,0.691,0.23,0.042,0.117,9.746,328.37,33.2,6,0,0,39.915649,339.37,,1,1,1,1,,2003
54203.5,0.151,-0.358,0.663,0.12,0.085,0.207,9.67,328.57,32.28,5.1,0,0,38.809553,338.67,,1,1,1,1,,2003.5
54204,0.237,-0.442,0.573,-0.003,0.109,0.269,9.622,328.57,32.28,5.1,0,0,38.809553,338.67,,1,1,1,1,,2004
54204.5,0.294,-0.507,0.43,-0.128,0.129,0.279,9.582,328.67,33.2,2.1,0,0,39.915649,335.77,,1,1,1,1,,2004.5
54205,0.316,-0.549,0.245,-0.241,0.13,0.258,9.577,328.67,33.2,2.1,0,0,39.915649,335.77,,1,1,1,1,,2005
54205.5,0.304,-0.557,0.034,-0.338,0.138,0.221,9.567,328.67,34.12,4.7,0,0,41.021746,338.37,,1,1,1,1,,2005.5
54206,0.255,-0.535,-0.188,-0.412,0.126,0.204,9.592,328.67,34.12,4.7,0,0,41.021746,338.37,,1,1,1,1,,2006
54206.5,0.178,-0.482,-0.404,-0.456,0.117,0.145,9.618,328.67,32.28,6.7,0,0,38.809553,340.37,,1,1,1,1,,2006.5
54207,0.09,-0.4,-0.595,-0.466,0.094,0.074,9.679,328.67,32.28,6.7,0,0,38.809553,340.37,,1,1,1,1,,2007
54207.5,0.003,-0.297,-0.746,-0.438,0.071,-0.004,9.742,328.47,32.28,4.7,0,0,38.809553,338.17,,1,1,1,1,,2007.5
54208,-0.067,-0.178,-0.844,-0.377,0.041,-0.079,9.81,328.47,32.28,4.7,0,0,38.809553,338.17,,1,1,1,1,,2008
54208.5,-0.109,-0.057,-0.88,-0.285,0.011,-0.141,9.885,328.37,32.28,6,0,0,38.809553,339.37,,1,1,1,1,,2008.5
54209,-0.116,0.056,-0.848,-0.168,-0.021,-0.189,9.959,328.37,32.28,6,0,0,38.809553,339.37,,1,1,1,1,,2009
54209.5,-0.093,0.152,-0.748,-0.027,-0.053,-0.195,10.036,328.27,32.28,7.4,0,0,38.809553,340.67,,1,1,1,1,,2009.5
54210,-0.042,0.219,-0.583,0.122,-0.077,-0.182,10.09,328.27,32.28,7.4,0,0,38.809553,340.67,,1,1,1,1,,2010
54210.5,0.019,0.253,-0.363,0.274,-0.102,-0.135,10.142,328.27,31.35,8.8,0,0,37.691434,342.07,,1,1,1,1,,2010.5
54211,0.073,0.243,-0.101,0.409,-0.106,-0.09,10.147,328.27,31.35,8.8,0,0,37.691434,342.07,,1,1,1,1,,2011
54211.5,0.104,0.193,0.183,0.517,-0.099,-0.036,10.133,328.27,31.35,8.9,0,0,37.691434,342.17,,1,1,1,1,,2011.5
54212,0.106,0.104,0.463,0.578,-0.068,0.011,10.066,328.27,31.35,8.9,0,0,37.691434,342.17,,1,1,1,1,,2012
54212.5,0.075,-0.017,0.713,0.587,-0.035,0.051,9.99,328.37,31.35,5.4,0,0,37.691434,338.77,,1,1,1,1,,2012.5
54213,0.01,-0.156,0.908,0.539,0.02,0.075,9.87,328.37,31.35,5.4,0,0,37.691434,338.77,,1,1,1,1,,2013
54213.5,-0.079,-0.303,1.025,0.433,0.072,0.091,9.752,328.47,30.43,6.2,0,0,36.585338,339.67,,1,1,1,1,,2013.5
54214,-0.182,-0.441,1.05,0.281,0.124,0.097,9.629,328.47,30.43,6.2,0,0,36.585338,339.67,,1,1,1,1,,2014
54214.5,-0.282,-0.554,0.976,0.093,0.162,0.096,9.528,328.47,32.28,3.8,0,0,38.809553,337.27,,1,1,1,1,,2014.5
54215,-0.367,-0.633,0.807,-0.105,0.185,0.101,9.463,328.47,32.28,3.8,0,0,38.809553,337.27,,1,1,1,1,,2015
54215.5,-0.436,-0.664,0.56,-0.291,0.186,0.095,9.441,328.57,33.2,2,0,0,39.915649,335.57,,1,1,1,1,,2015.5
54216,-0.483,-0.649,0.263,-0.436,0.159,0.046,9.484,328.57,33.2,2,0,0,39.915649,335.57,,1,1,1,1,,2016
54216.5,-0.515,-0.589,-0.051,-0.525,0.122,-0.013,9.559,328.47,33.2,3.6,0,0,39.915649,337.07,,1,1,1,1,,2016.5
54217,-0.535,-0.495,-0.346,-0.547,0.078,-0.131,9.67,328.47,33.2,3.6,0,0,39.915649,337.07,,1,1,1,1,,2017
54217.5,-0.543,-0.378,-0.588,-0.507,0.038,-0.211,9.777,328.37,34.12,5.5,0,0,41.021746,338.87,,1,1,1,1,,2017.5
54218,-0.538,-0.254,-0.757,-0.417,0.003,-0.294,9.871,328.37,34.12,5.5,0,0,41.021746,338.87,,1,1,1,1,,2018
54218.5,-0.521,-0.137,-0.84,-0.293,-0.03,-0.309,9.957,328.37,34.12,4,0,0,41.021746,337.37,,1,1,1,1,,2018.5
54219,-0.484,-0.036,-0.838,-0.159,-0.038,-0.289,9.991,328.37,34.12,4,0,0,41.021746,337.37,,1,1,1,1,,2019
54219.5,-0.429,0.039,-0.761,-0.024,-0.05,-0.279,10.021,328.27,33.2,7.9,0,0,39.915649,341.17,,1,1,1,1,,2019.5
54220,-0.353,0.087,-0.626,0.087,-0.04,-0.204,9.996,328.27,33.2,7.9,0,0,39.915649,341.17,,1,1,1,1,,2020
54220.5,-0.268,0.106,-0.457,0.17,-0.031,-0.168,9.977,328.37,34.12,11.6,0,0,41.021746,344.97,,1,1,1,1,,2020.5
54221,-0.17,0.096,-0.273,0.22,-0.009,-0.095,9.919,328.37,34.12,11.6,0,0,41.021746,344.97,,1,1,1,1,,2021
54221.5,-0.068,0.065,-0.097,0.24,-0.004,0.048,9.895,328.37,34.12,11.8,0,0,41.021746,345.17,,1,1,1,1,,2021.5
54222,0.035,0.016,0.061,0.241,0.01,0.176,9.859,328.37,34.12,11.8,0,0,41.021746,345.17,,1,1,1,1,,2022
54222.5,0.13,-0.04,0.191,0.222,0.02,0.292,9.838,328.47,34.12,11.1,0,0,41.021746,344.57,,1,1,1,1,,2022.5
54223,0.212,-0.102,0.291,0.202,0.026,0.309,9.829,328.47,34.12,11.1,0,0,41.021746,344.57,,1,1,1,1,,2023
54223.5,0.278,-0.164,0.361,0.173,0.032,0.261,9.823,328.47,33.2,10.7,0,0,39.915649,344.17,,1,1,1,1,,2023.5
54224,0.318,-0.224,0.405,0.152,0.028,0.141,9.837,328.47,33.2,10.7,0,0,39.915649,344.17,,1,1,1,1,,2024
54224.5,0.332,-0.275,0.425,0.124,0.05,0.028,9.807,328.37,34.12,6.5,0,0,41.021746,339.87,,1,1,1,1,,2024.5
54225,0.318,-0.318,0.423,0.096,0.044,-0.058,9.817,328.37,34.12,6.5,0,0,41.021746,339.87,,1,1,1,1,,2025
54225.5,0.284,-0.356,0.402,0.067,0.053,-0.077,9.794,328.37,32.28,10,0,0,38.809553,343.37,,1,1,1,1,,2025.5
54226,0.227,-0.378,0.362,0.03,0.062,-0.078,9.782,328.37,32.28,10,0,0,38.809553,343.37,,1,1,1,1,,2026
54226.5,0.162,-0.39,0.305,-0.01,0.081,-0.047,9.744,328.37,34.12,10,0,0,41.021746,343.37,,1,1,1,1,,2026.5
54227,0.093,-0.388,0.231,-0.06,0.084,-0.033,9.723,328.37,34.12,10,0,0,41.021746,343.37,,1,1,1,1,,2027
54227.5,0.031,-0.371,0.139,-0.112,0.087,-0.004,9.7,328.47,33.2,7,0,0,39.915649,340.47,,1,1,1,1,,2027.5
54228,-0.015,-0.336,0.032,-0.174,0.098,0.039,9.659,328.47,33.2,7,0,0,39.915649,340.47,,1,1,1,1,,2028
54228.5,-0.035,-0.284,-0.087,-0.224,0.08,0.086,9.675,328.57,32.28,10.6,0,0,38.809553,344.17,,1,1,1,1,,2028.5
54229,-0.038,-0.222,-0.208,-0.256,0.069,0.076,9.691,328.57,32.28,10.6,0,0,38.809553,344.17,,1,1,1,1,,2029
54229.5,-0.024,-0.153,-0.316,-0.256,0.033,0.096,9.762,328.57,31.35,10.9,0,0,37.691434,344.47,,1,1,1,1,,2029.5
54230,-0.001,-0.085,-0.395,-0.22,0.004,0.106,9.828,328.57,31.35,10.9,0,0,37.691434,344.47,,1,1,1,1,,2030
54230.5,0.022,-0.027,-0.432,-0.151,-0.029,0.107,9.913,328.57,32.28,8.9,0,0,38.809553,342.47,,1,1,1,1,,2030.5
54231,0.029,0.013,-0.42,-0.058,-0.034,0.045,9.963,328.57,32.28,8.9,0,0,38.809553,342.47,,1,1,1,1,,2031
54231.5,0.022,0.026,-0.356,0.045,-0.048,0.003,10.01,328.47,33.2,8,0,0,39.915649,341.47,,1,1,1,1,,2031.5
54232,-0.007,0.012,-0.249,0.142,-0.046,-0.055,10.02,328.47,33.2,8,0,0,39.915649,341.47,,1,1,1,1,,2032
54232.5,-0.056,-0.028,-0.114,0.215,-0.021,-0.097,9.994,328.37,33.2,4.3,0,0,39.915649,337.67,,1,1,1,1,,2032.5
54233,-0.122,-0.089,0.03,0.26,0.003,-0.155,9.949,328.37,33.2,4.3,0,0,39.915649,337.67,,1,1,1,1,,2033
54233.5,-0.199,-0.16,0.167,0.271,0.015,-0.166,9.903,328.37,33.2,5,0,0,39.915649,338.37,,1,1,1,1,,2033.5
54234,-0.279,-0.235,0.281,0.256,0.031,-0.195,9.853,328.37,33.2,5,0,0,39.915649,338.37,,1,1,1,1,,2034
54234.5,-0.352,-0.302,0.359,0.209,0.056,-0.147,9.787,328.47,33.2,4.6,0,0,39.915649,338.07,,1,1,1,1,,2034.5
54235,-0.412,-0.356,0.395,0.144,0.068,-0.074,9.74,328.47,33.2,4.6,0,0,39.915649,338.07,,1,1,1,1,,2035
54235.5,-0.457,-0.391,0.385,0.059,0.09,-0.031,9.68,328.57,33.2,7.2,0,0,39.915649,340.77,,1,1,1,1,,2035.5
54236,-0.483,-0.403,0.329,-0.033,0.095,0.037,9.654,328.57,33.2,7.2,0,0,39.915649,340.77,,1,1,1,1,,2036
54236.5,-0.486,-0.387,0.233,-0.124,0.101,0.077,9.627,328.67,33.2,7.6,0,0,39.915649,341.27,,1,1,1,1,,2036.5
54237,-0.467,-0.35,0.109,-0.198,0.088,0.045,9.653,328.67,33.2,7.6,0,0,39.915649,341.27,,1,1,1,1,,2037
54237.5,-0.429,-0.295,-0.027,-0.242,0.079,0.029,9.683,328.67,32.28,7.1,0,0,38.809553,340.77,,1,1,1,1,,2037.5
54238,-0.37,-0.229,-0.158,-0.257,0.059,-0.002,9.738,328.67,32.28,7.1,0,0,38.809553,340.77,,1,1,1,1,,2038
54238.5,-0.301,-0.162,-0.266,-0.241,0.042,-0.057,9.786,328.67,34.12,7.3,0,0,41.021746,340.97,,1,1,1,1,,2038.5
54239,-0.228,-0.102,-0.343,-0.203,0.025,-0.081,9.831,328.67,34.12,7.3,0,0,41.021746,340.97,,1,1,1,1,,2039
54239.5,-0.157,-0.056,-0.381,-0.145,0.004,-0.073,9.874,328.57,34.12,7.7,0,0,41.021746,341.27,,1,1,1,1,,2039.5
54240,-0.095,-0.027,-0.379,-0.082,-0.006,-0.108,9.897,328.57,34.12,7.7,0,0,41.021746,341.27,,1,1,1,1,,2040
54240.5,-0.044,-0.015,-0.343,-0.018,-0.007,-0.132,9.909,328.47,33.2,10,0,0,39.915649,343.47,,1,1,1,1,,2040.5
54241,-0.007,-0.021,-0.278,0.037,-0.01,-0.129,9.907,328.47,33.2,10,0,0,39.915649,343.47,,1,1,1,1,,2041
54241.5,0.021,-0.037,-0.195,0.086,-0.016,-0.136,9.913,328.47,33.2,9.3,0,0,39.915649,342.77,,1,1,1,1,,2041.5
54242,0.04,-0.064,-0.1,0.124,-0.005,-0.057,9.899,328.47,33.2,9.3,0,0,39.915649,342.77,,1,1,1,1,,2042
54242.5,0.053,-0.096,-0.003,0.145,0.006,0.064,9.884,328.57,33.2,6.5,0,0,39.915649,340.07,,1,1,1,1,,2042.5
54243,0.057,-0.127,0.086,0.15,0.024,0.125,9.848,328.57,33.2,6.5,0,0,39.915649,340.07,,1,1,1,1,,2043
54243.5,0.06,-0.155,0.16,0.142,0.034,0.211,9.835,328.57,34.12,7.9,0,0,41.021746,341.47,,1,1,1,1,,2043.5
54244,0.057,-0.175,0.216,0.128,0.042,0.251,9.829,328.57,34.12,7.9,0,0,41.021746,341.47,,1,1,1,1,,2044
54244.5,0.05,-0.188,0.255,0.119,0.038,0.239,9.856,328.67,33.2,6.2,0,0,39.915649,339.87,,1,1,1,1,,2044.5
54245,0.041,-0.2,0.285,0.128,0.038,0.158,9.884,328.67,33.2,6.2,0,0,39.915649,339.87,,1,1,1,1,,2045
54245.5,0.029,-0.216,0.313,0.141,0.03,0.051,9.901,328.57,35.04,5.6,0,0,42.127842,339.17,,1,1,1,1,,2045.5
54246,0.023,-0.236,0.338,0.156,0.017,-0.068,9.91,328.57,35.04,5.6,0,0,42.127842,339.17,,1,1,1,1,,2046
54246.5,0.017,-0.266,0.36,0.157,0.021,-0.185,9.877,328.47,33.2,5.7,0,0,39.915649,339.17,,1,1,1,1,,2046.5
54247,0.01,-0.304,0.369,0.14,0.021,-0.231,9.845,328.47,33.2,5.7,0,0,39.915649,339.17,,1,1,1,1,,2047
54247.5,0,-0.344,0.358,0.101,0.037,-0.224,9.781,328.47,33.2,9.3,0,0,39.915649,342.77,,1,1,1,1,,2047.5
54248,-0.017,-0.383,0.32,0.039,0.048,-0.204,9.731,328.47,33.2,9.3,0,0,39.915649,342.77,,1,1,1,1,,2048
54248.5,-0.044,-0.417,0.248,-0.043,0.071,-0.121,9.665,328.47,35.04,7.9,0,0,42.127842,341.37,,1,1,1,1,,2048.5
54249,-0.082,-0.436,0.141,-0.138,0.091,-0.045,9.618,328.47,35.04,7.9,0,0,42.127842,341.37,,1,1,1,1,,2049
54249.5,-0.123,-0.432,0.003,-0.234,0.108,0.037,9.581,328.57,37.07,6.4,0,0,44.568467,339.97,,1,1,1,1,,2049.5
54250,-0.166,-0.406,-0.16,-0.322,0.114,0.073,9.581,328.57,37.07,6.4,0,0,44.568467,339.97,,1,1,1,1,,2050
54250.5,-0.205,-0.356,-0.333,-0.39,0.127,0.115,9.585,328.67,35.04,5.9,0,0,42.127842,339.57,,1,1,1,1,,2050.5
54251,-0.239,-0.285,-0.503,-0.429,0.111,0.144,9.63,328.67,35.04,5.9,0,0,42.127842,339.57,,1,1,1,1,,2051
54251.5,-0.263,-0.197,-0.649,-0.424,0.078,0.115,9.708,328.77,35.04,2.9,0,0,42.127842,336.67,,1,1,1,1,,2051.5
54252,-0.284,-0.098,-0.752,-0.378,0.047,0.093,9.79,328.77,35.04,2.9,0,0,42.127842,336.67,,1,1,1,1,,2052
54252.5,-0.305,-0.001,-0.798,-0.288,0.004,0.088,9.886,328.77,34.12,2.9,0,0,41.021746,336.67,,1,1,1,1,,2052.5
54253,-0.329,0.088,-0.776,-0.168,-0.036,-0.019,9.962,328.77,34.12,2.9,0,0,41.021746,336.67,,1,1,1,1,,2053
54253.5,-0.352,0.16,-0.683,-0.024,-0.074,-0.084,10.048,328.67,34.12,2.7,0,0,41.021746,336.37,,1,1,1,1,,2053.5
54254,-0.374,0.208,-0.524,0.128,-0.087,-0.105,10.09,328.67,34.12,2.7,0,0,41.021746,336.37,,1,1,1,1,,2054
54254.5,-0.392,0.224,-0.31,0.276,-0.105,-0.154,10.135,328.57,34.12,1.9,0,0,41.021746,335.47,,1,1,1,1,,2054.5
54255,-0.399,0.208,-0.056,0.405,-0.096,-0.15,10.128,328.57,34.12,1.9,0,0,41.021746,335.47,,1,1,1,1,,2055
54255.5,-0.394,0.158,0.216,0.507,-0.093,-0.138,10.127,328.57,34.12,359.6,0,0,41.021746,333.17,,1,1,1,1,,2055.5
54256,-0.377,0.072,0.486,0.572,-0.062,-0.158,10.076,328.57,34.12,359.6,0,0,41.021746,333.17,,1,1,1,1,,2056
54256.5,-0.344,-0.042,0.73,0.597,-0.036,-0.137,10.03,328.47,32.28,2.5,0,0,38.809553,335.97,,1,1,1,1,,2056.5
54257,-0.3,-0.179,0.93,0.574,0.007,-0.125,9.938,328.47,32.28,2.5,0,0,38.809553,335.97,,1,1,1,1,,2057
54257.5,-0.256,-0.325,1.065,0.498,0.051,-0.131,9.836,328.47,32.28,4.5,0,0,38.809553,337.97,,1,1,1,1,,2057.5
54258,-0.207,-0.473,1.117,0.372,0.108,-0.133,9.705,328.47,32.28,4.5,0,0,38.809553,337.97,,1,1,1,1,,2058
54258.5,-0.16,-0.6,1.074,0.191,0.156,-0.119,9.571,328.57,34.12,1.3,0,0,41.021746,334.87,,1,1,1,1,,2058.5
54259,-0.115,-0.696,0.929,-0.018,0.185,-0.104,9.462,328.57,34.12,1.3,0,0,41.021746,334.87,,1,1,1,1,,2059
54259.5,-0.068,-0.748,0.689,-0.243,0.204,-0.065,9.376,328.67,33.2,358.5,0,0,39.915649,332.17,,1,1,1,1,,2059.5
54260,-0.026,-0.749,0.372,-0.448,0.199,-0.013,9.359,328.67,33.2,358.5,0,0,39.915649,332.17,,1,1,1,1,,2060
54260.5,0.011,-0.695,0.007,-0.619,0.187,0.042,9.374,328.77,32.28,6.2,0,0,38.809553,339.97,,1,1,1,1,,2060.5
54261,0.041,-0.591,-0.372,-0.721,0.137,0.128,9.479,328.77,32.28,6.2,0,0,38.809553,339.97,,1,1,1,1,,2061
54261.5,0.06,-0.449,-0.721,-0.75,0.101,0.188,9.587,328.77,33.2,10.4,0,0,39.915649,344.17,,1,1,1,1,,2061.5
54262,0.065,-0.281,-1.004,-0.696,0.041,0.205,9.747,328.77,33.2,10.4,0,0,39.915649,344.17,,1,1,1,1,,2062
54262.5,0.052,-0.109,-1.189,-0.572,-0.008,0.206,9.88,328.87,32.28,10.4,0,0,38.809553,344.27,,1,1,1,1,,2062.5
54263,0.023,0.05,-1.26,-0.395,-0.061,0.169,10.02,328.87,32.28,10.4,0,0,38.809553,344.27,,1,1,1,1,,2063
54263.5,-0.018,0.188,-1.21,-0.183,-0.086,0.101,10.109,328.77,31.35,5.8,0,0,37.691434,339.57,,1,1,1,1,,2063.5
54264,-0.062,0.288,-1.05,0.032,-0.111,0.025,10.175,328.77,31.35,5.8,0,0,37.691434,339.57,,1,1,1,1,,2064
54264.5,-0.103,0.343,-0.798,0.235,-0.113,-0.053,10.188,328.77,32.28,5.7,0,0,38.809553,339.47,,1,1,1,1,,2064.5
54265,-0.129,0.353,-0.487,0.392,-0.098,-0.095,10.156,328.77,32.28,5.7,0,0,38.809553,339.47,,1,1,1,1,,2065
54265.5,-0.14,0.321,-0.15,0.505,-0.077,-0.121,10.105,328.77,31.35,5,0,0,37.691434,338.77,,1,1,1,1,,2065.5
54266,-0.129,0.248,0.181,0.559,-0.05,-0.127,10.03,328.77,31.35,5,0,0,37.691434,338.77,,1,1,1,1,,2066
54266.5,-0.094,0.146,0.477,0.573,-0.034,-0.156,9.98,328.67,31.35,1.3,0,0,37.691434,334.97,,1,1,1,1,,2066.5
54267,-0.046,0.022,0.721,0.55,-0.009,-0.161,9.92,328.67,31.35,1.3,0,0,37.691434,334.97,,1,1,1,1,,2067
54267.5,0.008,-0.12,0.905,0.507,-0.004,-0.161,9.899,328.57,31.35,2.9,0,0,37.691434,336.47,,1,1,1,1,,2067.5
54268,0.063,-0.268,1.024,0.443,0.022,-0.141,9.848,328.57,31.35,2.9,0,0,37.691434,336.47,,1,1,1,1,,2068
54268.5,0.106,-0.415,1.078,0.362,0.041,-0.089,9.809,328.57,31.35,5.4,0,0,37.691434,338.97,,1,1,1,1,,2068.5
54269,0.133,-0.554,1.065,0.256,0.082,-0.027,9.726,328.57,31.35,5.4,0,0,37.691434,338.97,,1,1,1,1,,2069
54269.5,0.14,-0.673,0.983,0.126,0.112,0.053,9.656,328.67,32.28,6.5,0,0,38.809553,340.17,,1,1,1,1,,2069.5
54270,0.127,-0.763,0.832,-0.03,0.159,0.104,9.548,328.67,32.28,6.5,0,0,38.809553,340.17,,1,1,1,1,,2070
54270.5,0.092,-0.813,0.611,-0.209,0.192,0.147,9.461,328.77,32.28,6,0,0,38.809553,339.77,,1,1,1,1,,2070.5
54271,0.047,-0.814,0.326,-0.394,0.215,0.149,9.387,328.77,32.28,6,0,0,38.809553,339.77,,1,1,1,1,,2071
54271.5,-0.003,-0.758,-0.01,-0.576,0.227,0.132,9.349,328.97,33.2,6.2,0,0,39.915649,340.17,,1,1,1,1,,2071.5
54272,-0.05,-0.643,-0.374,-0.718,0.207,0.127,9.379,328.97,33.2,6.2,0,0,39.915649,340.17,,1,1,1,1,,2072
54272.5,-0.092,-0.481,-0.734,-0.804,0.168,0.098,9.455,328.97,33.2,7.1,0,0,39.915649,341.07,,1,1,1,1,,2072.5
54273,-0.13,-0.279,-1.054,-0.807,0.101,0.081,9.6,328.97,33.2,7.1,0,0,39.915649,341.07,,1,1,1,1,,2073
54273.5,-0.161,-0.057,-1.294,-0.728,0.031,0.062,9.759,328.97,34.12,10.5,0,0,41.021746,344.47,,1,1,1,1,,2073.5
54274,-0.187,0.161,-1.423,-0.559,-0.062,0.033,9.962,328.97,34.12,10.5,0,0,41.021746,344.47,,1,1,1,1,,2074
54274.5,-0.21,0.355,-1.417,-0.323,-0.131,-0.049,10.128,328.97,34.12,9.4,0,0,41.021746,343.37,,1,1,1,1,,2074.5
54275,-0.226,0.502,-1.268,-0.037,-0.194,-0.107,10.294,328.97,34.12,9.4,0,0,41.021746,343.37,,1,1,1,1,,2075
54275.5,-0.229,0.586,-0.983,0.263,-0.218,-0.185,10.378,328.87,34.12,12.6,0,0,41.021746,346.47,,1,1,1,1,,2075.5
54276,-0.214,0.595,-0.588,0.544,-0.226,-0.252,10.427,328.87,34.12,12.6,0,0,41.021746,346.47,,1,1,1,1,,2076
54276.5,-0.181,0.525,-0.12,0.778,-0.208,-0.268,10.394,328.77,33.2,11.8,0,0,39.915649,345.57,,1,1,1,1,,2076.5
54277,-0.129,0.384,0.374,0.935,-0.173,-0.237,10.322,328.77,33.2,11.8,0,0,39.915649,345.57,,1,1,1,1,,2077
54277.5,-0.061,0.18,0.846,1.003,-0.106,-0.124,10.177,328.67,33.2,12.3,0,0,39.915649,345.97,,1,1,1,1,,2077.5
54278,0.009,-0.064,1.245,0.966,-0.033,-0.014,9.998,328.67,33.2,12.3,0,0,39.915649,345.97,,1,1,1,1,,2078
54278.5,0.075,-0.329,1.528,0.827,0.054,0.076,9.787,328.67,32.28,11.3,0,0,38.809553,344.97,,1,1,1,1,,2078.5
54279,0.139,-0.584,1.659,0.59,0.148,0.127,9.559,328.67,32.28,11.3,0,0,38.809553,344.97,,1,1,1,1,,2079
54279.5,0.191,-0.799,1.619,0.286,0.218,0.144,9.377,328.87,33.2,6.2,0,0,39.915649,340.07,,1,1,1,1,,2079.5
54280,0.23,-0.953,1.409,-0.058,0.284,0.151,9.22,328.87,33.2,6.2,0,0,39.915649,340.07,,1,1,1,1,,2080
54280.5,0.255,-1.025,1.048,-0.399,0.319,0.149,9.145,328.97,33.2,4.8,0,0,39.915649,338.77,,1,1,1,1,,2080.5
54281,0.27,-1.01,0.571,-0.702,0.33,0.144,9.127,328.97,33.2,4.8,0,0,39.915649,338.77,,1,1,1,1,,2081
54281.5,0.278,-0.905,0.03,-0.927,0.285,0.106,9.22,329.07,35.04,1.3,0,0,42.127842,335.37,,1,1,1,1,,2081.5
54282,0.282,-0.724,-0.515,-1.045,0.219,0.074,9.365,329.07,35.04,1.3,0,0,42.127842,335.37,,1,1,1,1,,2082
54282.5,0.276,-0.489,-1.002,-1.042,0.116,0.032,9.594,329.07,33.2,1.1,0,0,39.915649,335.17,,1,1,1,1,,2082.5
54283,0.262,-0.226,-1.371,-0.909,0.004,-0.039,9.846,329.07,33.2,1.1,0,0,39.915649,335.17,,1,1,1,1,,2083
54283.5,0.239,0.03,-1.579,-0.667,-0.088,-0.064,10.08,329.07,32.28,1.1,0,0,38.809553,335.17,,1,1,1,1,,2083.5
54284,0.207,0.255,-1.602,-0.346,-0.179,-0.064,10.292,329.07,32.28,1.1,0,0,38.809553,335.17,,1,1,1,1,,2084
54284.5,0.168,0.421,-1.438,0.011,-0.242,-0.039,10.426,329.07,31.35,4.6,0,0,37.691434,338.67,,1,1,1,1,,2084.5
54285,0.127,0.51,-1.115,0.344,-0.251,-0.004,10.458,329.07,31.35,4.6,0,0,37.691434,338.67,,1,1,1,1,,2085
54285.5,0.086,0.521,-0.677,0.625,-0.226,0.057,10.419,328.97,31.35,4.7,0,0,37.691434,338.67,,1,1,1,1,,2085.5
54286,0.057,0.453,-0.184,0.804,-0.171,0.084,10.282,328.97,31.35,4.7,0,0,37.691434,338.67,,1,1,1,1,,2086
54286.5,0.037,0.323,0.299,0.875,-0.108,0.113,10.129,329.07,33.2,10.2,0,0,39.915649,344.27,,1,1,1,1,,2086.5
54287,0.036,0.144,0.716,0.834,-0.022,0.123,9.914,329.07,33.2,10.2,0,0,39.915649,344.27,,1,1,1,1,,2087
54287.5,0.05,-0.05,1.02,0.701,0.032,0.103,9.752,329.07,33.2,8.4,0,0,39.915649,342.47,,1,1,1,1,,2087.5
54288,0.073,-0.247,1.186,0.491,0.111,0.068,9.556,329.07,33.2,8.4,0,0,39.915649,342.47,,1,1,1,1,,2088
54288.5,0.097,-0.418,1.201,0.238,0.154,0.066,9.444,329.17,34.12,8.2,0,0,41.021746,342.37,,1,1,1,1,,2088.5
54289,0.111,-0.546,1.076,-0.028,0.198,0.072,9.349,329.17,34.12,8.2,0,0,41.021746,342.37,,1,1,1,1,,2089
54289.5,0.116,-0.621,0.831,-0.275,0.209,0.012,9.348,329.07,34.12,6.9,0,0,41.021746,340.97,,1,1,1,1,,2089.5
54290,0.11,-0.639,0.508,-0.463,0.207,-0.026,9.402,329.07,34.12,6.9,0,0,41.021746,340.97,,1,1,1,1,,2090
54290.5,0.094,-0.603,0.152,-0.576,0.176,-0.037,9.524,328.97,34.12,5,0,0,41.021746,338.97,,1,1,1,1,,2090.5
54291,0.075,-0.527,-0.184,-0.595,0.13,-0.069,9.673,328.97,34.12,5,0,0,41.021746,338.97,,1,1,1,1,,2091
54291.5,0.049,-0.426,-0.462,-0.543,0.096,-0.087,9.798,328.97,34.12,7.1,0,0,41.021746,341.07,,1,1,1,1,,2091.5
54292,0.022,-0.312,-0.655,-0.433,0.051,-0.104,9.911,328.97,34.12,7.1,0,0,41.021746,341.07,,1,1,1,1,,2092
54292.5,-0.01,-0.202,-0.752,-0.297,0.01,-0.097,9.979,329.07,34.12,8.2,0,0,41.021746,342.27,,1,1,1,1,,2092.5
54293,-0.046,-0.105,-0.758,-0.146,-0.029,-0.089,10.033,329.07,34.12,8.2,0,0,41.021746,342.27,,1,1,1,1,,2093
54293.5,-0.09,-0.023,-0.684,-0.012,-0.035,-0.028,10.018,329.17,34.12,8.3,0,0,41.021746,342.47,,1,1,1,1,,2093.5
54294,-0.14,0.037,-0.553,0.106,-0.063,0.054,10.03,329.17,34.12,8.3,0,0,41.021746,342.47,,1,1,1,1,,2094
54294.5,-0.194,0.077,-0.383,0.198,-0.068,0.078,9.999,329.27,34.12,1.4,0,0,41.021746,335.67,,1,1,1,1,,2094.5
54295,-0.247,0.095,-0.195,0.269,-0.078,0.096,10.008,329.27,34.12,1.4,0,0,41.021746,335.67,,1,1,1,1,,2095
54295.5,-0.293,0.093,0.001,0.331,-0.076,0.079,10.005,329.27,31.35,8.9,0,0,37.691434,343.17,,1,1,1,1,,2095.5
54296,-0.327,0.066,0.193,0.375,-0.07,0.029,10,329.27,31.35,8.9,0,0,37.691434,343.17,,1,1,1,1,,2096
54296.5,-0.342,0.016,0.372,0.4,-0.055,-0.01,9.977,329.37,32.28,7.4,0,0,38.809553,341.77,,1,1,1,1,,2096.5
54297,-0.327,-0.056,0.525,0.392,-0.012,-0.074,9.915,329.37,32.28,7.4,0,0,38.809553,341.77,,1,1,1,1,,2097
54297.5,-0.273,-0.144,0.637,0.353,0.019,-0.108,9.855,329.17,32.28,5.3,0,0,38.809553,339.47,,1,1,1,1,,2097.5
54298,-0.182,-0.245,0.696,0.276,0.058,-0.136,9.77,329.17,32.28,5.3,0,0,38.809553,339.47,,1,1,1,1,,2098
54298.5,-0.058,-0.344,0.693,0.167,0.096,-0.134,9.681,329.17,31.35,3.3,0,0,37.691434,337.47,,1,1,1,1,,2098.5
54299,0.086,-0.436,0.623,0.031,0.122,-0.109,9.596,329.17,31.35,3.3,0,0,37.691434,337.47,,1,1,1,1,,2099
54299.5,0.235,-0.507,0.486,-0.123,0.147,-0.065,9.526,329.07,31.35,7.5,0,0,37.691434,341.57,,1,1,1,1,,2099.5
54300,0.374,-0.548,0.288,-0.279,0.166,-0.02,9.476,329.07,31.35,7.5,0,0,37.691434,341.57,,1,1,1,1,,2100
54300.5,0.483,-0.553,0.044,-0.418,0.161,0.059,9.476,329.07,31.35,6.1,0,0,37.691434,340.17,,1,1,1,1,,2100.5
54301,0.555,-0.521,-0.223,-0.523,0.157,0.138,9.499,329.07,31.35,6.1,0,0,37.691434,340.17,,1,1,1,1,,2101
54301.5,0.58,-0.449,-0.487,-0.585,0.143,0.195,9.548,329.17,30.43,2.5,0,0,36.585338,336.67,,1,1,1,1,,2101.5
54302,0.554,-0.345,-0.724,-0.597,0.115,0.238,9.631,329.17,30.43,2.5,0,0,36.585338,336.67,,1,1,1,1,,2102
54302.5,0.488,-0.218,-0.908,-0.55,0.069,0.258,9.744,329.27,30.43,359.1,0,0,36.585338,333.37,,1,1,1,1,,2102.5
54303,0.388,-0.078,-1.017,-0.441,0.016,0.245,9.886,329.27,30.43,359.1,0,0,36.585338,333.37,,1,1,1,1,,2103
54303.5,0.269,0.06,-1.031,-0.278,-0.03,0.203,10.015,329.27,28.4,4.7,0,0,34.144712,338.97,,1,1,1,1,,2103.5
54304,0.141,0.181,-0.942,-0.076,-0.075,0.122,10.133,329.27,28.4,4.7,0,0,34.144712,338.97,,1,1,1,1,,2104
54304.5,0.025,0.269,-0.751,0.146,-0.122,0.029,10.225,329.27,28.4,13.2,0,0,34.144712,347.47,,1,1,1,1,,2104.5
54305,-0.073,0.315,-0.473,0.368,-0.16,-0.068,10.288,329.27,28.4,13.2,0,0,34.144712,347.47,,1,1,1,1,,2105
54305.5,-0.139,0.31,-0.129,0.564,-0.172,-0.127,10.294,329.17,29.33,9.3,0,0,35.262831,343.47,,1,1,1,1,,2105.5
54306,-0.179,0.254,0.249,0.713,-0.153,-0.191,10.247,329.17,29.33,9.3,0,0,35.262831,343.47,,1,1,1,1,,2106
54306.5,-0.192,0.148,0.623,0.796,-0.121,-0.227,10.156,329.17,30.43,10.9,0,0,36.585338,345.07,,1,1,1,1,,2106.5
54307,-0.185,0,0.956,0.801,-0.066,-0.204,10.027,329.17,30.43,10.9,0,0,36.585338,345.07,,1,1,1,1,,2107
54307.5,-0.163,-0.168,1.209,0.721,0.007,-0.164,9.865,329.17,29.33,14.5,0,0,35.262831,348.67,,1,1,1,1,,2107.5
54308,-0.131,-0.346,1.352,0.558,0.094,-0.096,9.677,329.17,29.33,14.5,0,0,35.262831,348.67,,1,1,1,1,,2108
54308.5,-0.1,-0.513,1.362,0.326,0.167,0.006,9.498,329.17,27.48,8.2,0,0,33.038616,342.37,,1,1,1,1,,2108.5
54309,-0.072,-0.645,1.229,0.045,0.224,0.099,9.345,329.17,27.48,8.2,0,0,33.038616,342.37,,1,1,1,1,,2109
54309.5,-0.05,-0.728,0.96,-0.255,0.266,0.134,9.238,329.27,28.4,3.6,0,0,34.144712,337.87,,1,1,1,1,,2109.5
54310,-0.036,-0.751,0.579,-0.534,0.275,0.137,9.207,329.27,28.4,3.6,0,0,34.144712,337.87,,1,1,1,1,,2110
54310.5,-0.031,-0.709,0.126,-0.755,0.245,0.098,9.268,329.37,28.4,6.2,0,0,34.144712,340.57,,1,1,1,1,,2110.5
54311,-0.034,-0.607,-0.345,-0.884,0.195,0.018,9.397,329.37,28.4,6.2,0,0,34.144712,340.57,,1,1,1,1,,2111
54311.5,-0.055,-0.462,-0.779,-0.904,0.121,-0.014,9.578,329.37,27.48,6.8,0,0,33.038616,341.17,,1,1,1,1,,2111.5
54312,-0.088,-0.29,-1.124,-0.816,0.031,-0.039,9.782,329.37,27.48,6.8,0,0,33.038616,341.17,,1,1,1,1,,2112
54312.5,-0.13,-0.114,-1.338,-0.635,-0.052,-0.063,9.982,329.37,27.48,12.1,0,0,33.038616,346.47,,1,1,1,1,,2112.5
54313,-0.176,0.046,-1.402,-0.388,-0.112,-0.06,10.144,329.37,27.48,12.1,0,0,33.038616,346.47,,1,1,1,1,,2113
54313.5,-0.214,0.173,-1.312,-0.104,-0.161,-0.098,10.268,329.27,27.48,12.4,0,0,33.038616,346.67,,1,1,1,1,,2113.5
54314,-0.233,0.254,-1.082,0.178,-0.177,-0.087,10.332,329.27,27.48,12.4,0,0,33.038616,346.67,,1,1,1,1,,2114
54314.5,-0.227,0.286,-0.743,0.431,-0.163,-0.091,10.332,329.27,28.4,12.2,0,0,34.144712,346.47,,1,1,1,1,,2114.5
54315,-0.191,0.264,-0.337,0.624,-0.129,-0.106,10.27,329.27,28.4,12.2,0,0,34.144712,346.47,,1,1,1,1,,2115
54315.5,-0.127,0.193,0.087,0.738,-0.083,-0.085,10.167,329.27,28.4,7.6,0,0,34.144712,341.87,,1,1,1,1,,2115.5
54316,-0.043,0.084,0.48,0.753,-0.017,-0.031,9.999,329.27,28.4,7.6,0,0,34.144712,341.87,,1,1,1,1,,2116
54316.5,0.058,-0.043,0.795,0.676,0.046,0.004,9.823,329.27,28.4,11.2,0,0,34.144712,345.47,,1,1,1,1,,2116.5
54317,0.16,-0.174,0.996,0.513,0.106,0.02,9.635,329.27,28.4,11.2,0,0,34.144712,345.47,,1,1,1,1,,2117
54317.5,0.253,-0.291,1.063,0.291,0.15,0.065,9.495,329.27,29.33,9.9,0,0,35.262831,344.17,,1,1,1,1,,2117.5
54318,0.325,-0.38,0.994,0.042,0.183,0.132,9.393,329.27,29.33,9.9,0,0,35.262831,344.17,,1,1,1,1,,2118
54318.5,0.371,-0.425,0.806,-0.196,0.184,0.166,9.377,329.37,29.33,9.8,0,0,35.262831,344.17,,1,1,1,1,,2118.5
54319,0.39,-0.431,0.533,-0.384,0.167,0.172,9.425,329.37,29.33,9.8,0,0,35.262831,344.17,,1,1,1,1,,2119
54319.5,0.38,-0.398,0.22,-0.5,0.134,0.164,9.523,329.37,29.33,2.8,0,0,35.262831,337.17,,1,1,1,1,,2119.5
54320,0.346,-0.339,-0.084,-0.524,0.061,0.094,9.686,329.37,29.33,2.8,0,0,35.262831,337.17,,1,1,1,1,,2120
54320.5,0.303,-0.269,-0.336,-0.47,0.011,0.005,9.838,329.37,27.48,7.7,0,0,33.038616,342.07,,1,1,1,1,,2120.5
54321,0.256,-0.203,-0.501,-0.333,-0.045,0.005,10.015,329.37,27.48,7.7,0,0,33.038616,342.07,,1,1,1,1,,2121
54321.5,0.209,-0.155,-0.562,-0.163,-0.058,-0.03,10.091,329.27,28.4,11.6,0,0,34.144712,345.87,,1,1,1,1,,2121.5
54322,0.162,-0.13,-0.522,0.031,-0.087,-0.066,10.183,329.27,28.4,11.6,0,0,34.144712,345.87,,1,1,1,1,,2122
54322.5,0.12,-0.138,-0.394,0.191,-0.046,-0.031,10.121,329.27,28.4,9.1,0,0,34.144712,343.37,,1,1,1,1,,2122.5
54323,0.085,-0.169,-0.219,0.298,-0.027,-0.01,10.076,329.27,28.4,9.1,0,0,34.144712,343.37,,1,1,1,1,,2123
54323.5,0.054,-0.215,-0.03,0.337,0.027,-0.002,9.922,329.37,27.48,14.1,0,0,33.038616,348.47,,1,1,1,1,,2123.5
54324,0.025,-0.261,0.13,0.299,0.054,0.007,9.814,329.37,27.48,14.1,0,0,33.038616,348.47,,1,1,1,1,,2124
54324.5,0,-0.298,0.237,0.21,0.098,0.036,9.669,329.47,27.48,9.9,0,0,33.038616,344.37,,1,1,1,1,,2124.5
54325,-0.027,-0.313,0.27,0.071,0.111,0.057,9.584,329.47,27.48,9.9,0,0,33.038616,344.37,,1,1,1,1,,2125
54325.5,-0.055,-0.297,0.23,-0.066,0.115,0.06,9.543,329.47,28.4,10.5,0,0,34.144712,344.97,,1,1,1,1,,2125.5
54326,-0.079,-0.257,0.126,-0.203,0.116,0.058,9.533,329.47,28.4,10.5,0,0,34.144712,344.97,,1,1,1,1,,2126
54326.5,-0.096,-0.19,-0.015,-0.283,0.084,0.048,9.618,329.47,28.4,10.6,0,0,34.144712,345.07,,1,1,1,1,,2126.5
54327,-0.103,-0.111,-0.162,-0.321,0.06,0.024,9.684,329.47,28.4,10.6,0,0,34.144712,345.07,,1,1,1,1,,2127
54327.5,-0.101,-0.033,-0.286,-0.28,-0.009,0.01,9.855,329.47,27.48,12.7,0,0,33.038616,347.17,,1,1,1,1,,2127.5
54328,-0.095,0.028,-0.356,-0.194,-0.021,-0.043,9.929,329.47,27.48,12.7,0,0,33.038616,347.17,,1,1,1,1,,2128
54328.5,-0.091,0.061,-0.36,-0.062,-0.063,-0.034,10.061,329.37,26.56,11.3,0,0,31.932519,345.67,,1,1,1,1,,2128.5
54329,-0.091,0.058,-0.294,0.073,-0.04,-0.057,10.056,329.37,26.56,11.3,0,0,31.932519,345.67,,1,1,1,1,,2129
54329.5,-0.099,0.018,-0.174,0.194,-0.052,-0.077,10.089,329.37,26.56,12.9,0,0,31.932519,347.27,,1,1,1,1,,2129.5
54330,-0.111,-0.052,-0.017,0.287,-0.026,-0.063,10.032,329.37,26.56,12.9,0,0,31.932519,347.27,,1,1,1,1,,2130
54330.5,-0.129,-0.142,0.147,0.331,-0.016,-0.071,9.985,329.37,27.48,12.8,0,0,33.038616,347.17,,1,1,1,1,,2130.5
54331,-0.152,-0.242,0.299,0.337,0.017,-0.05,9.897,329.37,27.48,12.8,0,0,33.038616,347.17,,1,1,1,1,,2131
54331.5,-0.18,-0.337,0.414,0.288,0.057,-0.082,9.801,329.37,27.48,11.8,0,0,33.038616,346.17,,1,1,1,1,,2131.5
54332,-0.207,-0.417,0.477,0.215,0.077,-0.071,9.742,329.37,27.48,11.8,0,0,33.038616,346.17,,1,1,1,1,,2132
54332.5,-0.228,-0.472,0.484,0.114,0.106,-0.058,9.681,329.47,28.4,11.8,0,0,34.144712,346.27,,1,1,1,1,,2132.5
54333,-0.24,-0.497,0.435,0.017,0.115,-0.055,9.666,329.47,28.4,11.8,0,0,34.144712,346.27,,1,1,1,1,,2133
54333.5,-0.23,-0.495,0.341,-0.085,0.129,-0.019,9.626,329.47,27.48,4.5,0,0,33.038616,338.97,,1,1,1,1,,2133.5
54334,-0.195,-0.463,0.211,-0.17,0.112,-0.005,9.641,329.47,27.48,4.5,0,0,33.038616,338.97,,1,1,1,1,,2134
54334.5,-0.123,-0.409,0.059,-0.25,0.118,0.033,9.614,329.47,27.48,8.4,0,0,33.038616,342.87,,1,1,1,1,,2134.5
54335,-0.021,-0.333,-0.104,-0.301,0.081,0.054,9.671,329.47,27.48,8.4,0,0,33.038616,342.87,,1,1,1,1,,2135
54335.5,0.097,-0.249,-0.26,-0.329,0.075,0.108,9.677,329.47,27.48,9.9,0,0,33.038616,344.37,,1,1,1,1,,2135.5
54336,0.223,-0.16,-0.396,-0.325,0.044,0.139,9.749,329.47,27.48,9.9,0,0,33.038616,344.37,,1,1,1,1,,2136
54336.5,0.332,-0.077,-0.498,-0.295,0.031,0.124,9.776,329.27,27.48,13.2,0,0,33.038616,347.47,,1,1,1,1,,2136.5
54337,0.412,-0.006,-0.56,-0.241,-0.001,0.098,9.847,329.27,27.48,13.2,0,0,33.038616,347.47,,1,1,1,1,,2137
54337.5,0.447,0.049,-0.572,-0.165,-0.01,0.072,9.88,329.27,27.48,11.7,0,0,33.038616,345.97,,1,1,1,1,,2137.5
54338,0.432,0.087,-0.541,-0.093,-0.015,0.02,9.901,329.27,27.48,11.7,0,0,33.038616,345.97,,1,1,1,1,,2138
54338.5,0.371,0.104,-0.469,-0.009,-0.022,-0.021,9.933,329.17,26.56,10.6,0,0,31.932519,344.77,,1,1,1,1,,2138.5
54339,0.271,0.101,-0.364,0.065,-0.018,0.009,9.95,329.17,26.56,10.6,0,0,31.932519,344.77,,1,1,1,1,,2139
54339.5,0.151,0.08,-0.23,0.158,-0.047,0.067,10.019,329.17,28.4,11.5,0,0,34.144712,345.67,,1,1,1,1,,2139.5
54340,0.023,0.038,-0.069,0.246,-0.053,0.065,10.037,329.17,28.4,11.5,0,0,34.144712,345.67,,1,1,1,1,,2140
54340.5,-0.09,-0.02,0.113,0.34,-0.069,0.034,10.089,329.27,28.4,10.5,0,0,34.144712,344.77,,1,1,1,1,,2140.5
54341,-0.176,-0.096,0.309,0.419,-0.053,-0.023,10.069,329.27,28.4,10.5,0,0,34.144712,344.77,,1,1,1,1,,2141
54341.5,-0.224,-0.184,0.504,0.474,-0.044,-0.063,10.062,329.17,28.4,12.8,0,0,34.144712,346.97,,1,1,1,1,,2141.5
54342,-0.233,-0.279,0.68,0.487,0.002,-0.075,9.973,329.17,28.4,12.8,0,0,34.144712,346.97,,1,1,1,1,,2142
54342.5,-0.208,-0.377,0.814,0.449,0.032,-0.056,9.894,329.17,28.4,13.2,0,0,34.144712,347.37,,1,1,1,1,,2142.5
54343,-0.16,-0.469,0.888,0.358,0.092,-0.056,9.753,329.17,28.4,13.2,0,0,34.144712,347.37,,1,1,1,1,,2143
54343.5,-0.11,-0.547,0.882,0.213,0.134,0.008,9.634,329.07,28.4,12.2,0,0,34.144712,346.27,,1,1,1,1,,2143.5
54344,-0.068,-0.6,0.787,0.024,0.183,0.042,9.484,329.07,28.4,12.2,0,0,34.144712,346.27,,1,1,1,1,,2144
54344.5,-0.056,-0.621,0.595,-0.199,0.203,0.053,9.382,328.97,29.33,9.2,0,0,35.262831,343.17,,1,1,1,1,,2144.5
54345,-0.069,-0.601,0.318,-0.42,0.211,0.035,9.319,328.97,29.33,9.2,0,0,35.262831,343.17,,1,1,1,1,,2145
54345.5,-0.113,-0.538,-0.024,-0.618,0.2,-0.028,9.321,329.07,28.4,6.9,0,0,34.144712,340.97,,1,1,1,1,,2145.5
54346,-0.188,-0.438,-0.393,-0.747,0.156,-0.064,9.409,329.07,28.4,6.9,0,0,34.144712,340.97,,1,1,1,1,,2146
54346.5,-0.278,-0.304,-0.746,-0.794,0.108,-0.085,9.539,329.07,27.48,7.1,0,0,33.038616,341.17,,1,1,1,1,,2146.5
54347,-0.384,-0.153,-1.034,-0.738,0.028,-0.068,9.74,329.07,27.48,7.1,0,0,33.038616,341.17,,1,1,1,1,,2147
54347.5,-0.488,-0.001,-1.22,-0.597,-0.031,-0.115,9.912,329.07,28.4,11.7,0,0,34.144712,345.77,,1,1,1,1,,2147.5
54348,-0.575,0.136,-1.276,-0.377,-0.096,-0.118,10.102,329.07,28.4,11.7,0,0,34.144712,345.77,,1,1,1,1,,2148
54348.5,-0.626,0.244,-1.19,-0.112,-0.136,-0.113,10.233,329.07,27.48,7.9,0,0,33.038616,341.97,,1,1,1,1,,2148.5
54349,-0.633,0.311,-0.971,0.172,-0.176,-0.155,10.347,329.07,27.48,7.9,0,0,33.038616,341.97,,1,1,1,1,,2149
54349.5,-0.587,0.331,-0.639,0.437,-0.167,-0.128,10.368,328.97,28.4,9.2,0,0,34.144712,343.17,,1,1,1,1,,2149.5
54350,-0.495,0.299,-0.232,0.656,-0.153,-0.11,10.347,328.97,28.4,9.2,0,0,34.144712,343.17,,1,1,1,1,,2150
54350.5,-0.366,0.221,0.207,0.806,-0.128,-0.113,10.268,328.77,28.4,9.3,0,0,34.144712,343.07,,1,1,1,1,,2150.5
54351,-0.22,0.1,0.631,0.875,-0.085,-0.063,10.159,328.77,28.4,9.3,0,0,34.144712,343.07,,1,1,1,1,,2151
54351.5,-0.073,-0.05,0.998,0.858,-0.023,-0.013,9.997,328.67,28.4,3.4,0,0,34.144712,337.07,,1,1,1,1,,2151.5
54352,0.057,-0.219,1.269,0.754,0.032,-0.02,9.834,328.67,28.4,3.4,0,0,34.144712,337.07,,1,1,1,1,,2152
54352.5,0.156,-0.386,1.414,0.565,0.109,-0.003,9.635,328.67,28.4,9.9,0,0,34.144712,343.57,,1,1,1,1,,2152.5
54353,0.221,-0.539,1.413,0.309,0.164,0.018,9.463,328.67,28.4,9.9,0,0,34.144712,343.57,,1,1,1,1,,2153
54353.5,0.246,-0.659,1.261,0.009,0.217,0.02,9.302,328.57,26.56,12.9,0,0,31.932519,346.47,,1,1,1,1,,2153.5
54354,0.242,-0.732,0.968,-0.303,0.243,0.062,9.215,328.57,26.56,12.9,0,0,31.932519,346.47,,1,1,1,1,,2154
54354.5,0.218,-0.749,0.562,-0.589,0.26,0.119,9.175,328.67,26.56,9.2,0,0,31.932519,342.87,,1,1,1,1,,2154.5
54355,0.179,-0.706,0.083,-0.824,0.245,0.082,9.211,328.67,26.56,9.2,0,0,31.932519,342.87,,1,1,1,1,,2155
54355.5,0.139,-0.606,-0.419,-0.976,0.221,0.097,9.307,328.67,25.64,9.9,0,0,30.826423,343.57,,1,1,1,1,,2155.5
54356,0.098,-0.456,-0.893,-1.032,0.168,0.104,9.465,328.67,25.64,9.9,0,0,30.826423,343.57,,1,1,1,1,,2156
54356.5,0.062,-0.272,-1.283,-0.967,0.08,0.063,9.695,328.67,26.56,10,0,0,31.932519,343.67,,1,1,1,1,,2156.5
54357,0.033,-0.073,-1.543,-0.793,0.005,-0.015,9.918,328.67,26.56,10,0,0,31.932519,343.67,,1,1,1,1,,2157
54357.5,0.009,0.115,-1.638,-0.518,-0.09,-0.021,10.164,328.67,28.4,11.5,0,0,34.144712,345.17,,1,1,1,1,,2157.5
54358,-0.01,0.275,-1.55,-0.179,-0.166,-0.062,10.355,328.67,28.4,11.5,0,0,34.144712,345.17,,1,1,1,1,,2158
54358.5,-0.022,0.39,-1.286,0.188,-0.214,-0.108,10.491,328.57,27.48,12.5,0,0,33.038616,346.07,,1,1,1,1,,2158.5
54359,-0.023,0.444,-0.872,0.537,-0.229,-0.063,10.533,328.57,27.48,12.5,0,0,33.038616,346.07,,1,1,1,1,,2159
54359.5,-0.018,0.436,-0.352,0.837,-0.248,-0.024,10.539,328.47,27.48,8.4,0,0,33.038616,341.87,,1,1,1,1,,2159.5
54360,-0.003,0.359,0.22,1.052,-0.206,-0.059,10.44,328.47,27.48,8.4,0,0,33.038616,341.87,,1,1,1,1,,2160
54360.5,0.021,0.224,0.783,1.162,-0.149,-0.045,10.297,328.37,27.48,14.8,0,0,33.038616,348.17,,1,1,1,1,,2160.5
54361,0.05,0.039,1.279,1.154,-0.076,0.001,10.09,328.37,27.48,14.8,0,0,33.038616,348.17,,1,1,1,1,,2161
54361.5,0.08,-0.176,1.651,1.023,0,-0.024,9.86,328.37,26.56,13.9,0,0,31.932519,347.27,,1,1,1,1,,2161.5
54362,0.108,-0.398,1.858,0.777,0.109,0.029,9.589,328.37,26.56,13.9,0,0,31.932519,347.27,,1,1,1,1,,2162
54362.5,0.131,-0.605,1.87,0.439,0.193,0.086,9.355,328.37,25.64,11.4,0,0,30.826423,344.77,,1,1,1,1,,2162.5
54363,0.145,-0.777,1.681,0.044,0.263,0.082,9.155,328.37,25.64,11.4,0,0,30.826423,344.77,,1,1,1,1,,2163
54363.5,0.146,-0.889,1.302,-0.377,0.319,0.11,9.007,328.37,25.64,6.9,0,0,30.826423,340.27,,1,1,1,1,,2163.5
54364,0.139,-0.927,0.766,-0.771,0.337,0.119,8.953,328.37,25.64,6.9,0,0,30.826423,340.27,,1,1,1,1,,2164
54364.5,0.118,-0.881,0.127,-1.096,0.323,0.053,8.988,328.47,24.71,6.9,0,0,29.708304,340.37,,1,1,1,1,,2164.5
54365,0.089,-0.755,-0.549,-1.304,0.262,0.008,9.153,328.47,24.71,6.9,0,0,29.708304,340.37,,1,1,1,1,,2165
54365.5,0.049,-0.559,-1.184,-1.371,0.194,-0.023,9.366,328.47,24.71,9.2,0,0,29.708304,342.67,,1,1,1,1,,2165.5
54366,0,-0.316,-1.706,-1.284,0.077,-0.051,9.668,328.47,24.71,9.2,0,0,29.708304,342.67,,1,1,1,1,,2166
54366.5,-0.054,-0.056,-2.053,-1.052,-0.012,-0.044,9.948,328.47,26.56,8.4,0,0,31.932519,341.87,,1,1,1,1,,2166.5
54367,-0.104,0.193,-2.184,-0.706,-0.123,0.002,10.234,328.47,26.56,8.4,0,0,31.932519,341.87,,1,1,1,1,,2167
54367.5,-0.149,0.403,-2.082,-0.28,-0.197,0.025,10.461,328.37,28.4,14,0,0,34.144712,347.37,,1,1,1,1,,2167.5
54368,-0.189,0.554,-1.758,0.175,-0.255,-0.008,10.62,328.37,28.4,14,0,0,34.144712,347.37,,1,1,1,1,,2168
54368.5,-0.213,0.626,-1.244,0.616,-0.29,-0.057,10.704,328.27,28.4,8.6,0,0,34.144712,341.87,,1,1,1,1,,2168.5
54369,-0.216,0.613,-0.595,0.978,-0.265,-0.1,10.646,328.27,28.4,8.6,0,0,34.144712,341.87,,1,1,1,1,,2169
54369.5,-0.195,0.519,0.114,1.237,-0.245,-0.135,10.551,328.27,29.33,3.1,0,0,35.262831,336.37,,1,1,1,1,,2169.5
54370,-0.153,0.351,0.81,1.357,-0.161,-0.122,10.33,328.27,29.33,3.1,0,0,35.262831,336.37,,1,1,1,1,,2170
54370.5,-0.095,0.134,1.417,1.341,-0.09,-0.07,10.119,328.17,29.33,5.6,0,0,35.262831,338.77,,1,1,1,1,,2170.5
54371,-0.029,-0.112,1.879,1.189,0.008,-0.009,9.841,328.17,29.33,5.6,0,0,35.262831,338.77,,1,1,1,1,,2171
54371.5,0.04,-0.361,2.146,0.919,0.091,0.031,9.603,328.17,31.35,5.5,0,0,37.691434,338.67,,1,1,1,1,,2171.5
54372,0.108,-0.592,2.199,0.566,0.186,0.037,9.36,328.17,31.35,5.5,0,0,37.691434,338.67,,1,1,1,1,,2172
54372.5,0.168,-0.776,2.032,0.159,0.251,0.036,9.19,328.17,32.28,5.7,0,0,38.809553,338.87,,1,1,1,1,,2172.5
54373,0.221,-0.902,1.668,-0.25,0.3,0,9.075,328.17,32.28,5.7,0,0,38.809553,338.87,,1,1,1,1,,2173
54373.5,0.26,-0.954,1.145,-0.633,0.321,-0.026,9.037,328.17,31.35,5.9,0,0,37.691434,339.07,,1,1,1,1,,2173.5
54374,0.282,-0.936,0.52,-0.934,0.295,-0.013,9.102,328.17,31.35,5.9,0,0,37.691434,339.07,,1,1,1,1,,2174
54374.5,0.286,-0.846,-0.142,-1.14,0.261,0.037,9.211,328.27,31.35,9.6,0,0,37.691434,342.87,,1,1,1,1,,2174.5
54375,0.269,-0.697,-0.775,-1.22,0.192,0.092,9.403,328.27,31.35,9.6,0,0,37.691434,342.87,,1,1,1,1,,2175
54375.5,0.231,-0.509,-1.316,-1.185,0.122,0.125,9.585,328.27,31.35,8.6,0,0,37.691434,341.87,,1,1,1,1,,2175.5
54376,0.181,-0.297,-1.718,-1.038,0.029,0.13,9.818,328.27,31.35,8.6,0,0,37.691434,341.87,,1,1,1,1,,2176
54376.5,0.122,-0.083,-1.947,-0.804,-0.031,0.147,9.992,328.37,33.2,4.2,0,0,39.915649,337.57,,1,1,1,1,,2176.5
54377,0.062,0.116,-1.991,-0.505,-0.117,0.153,10.186,328.37,33.2,4.2,0,0,39.915649,337.57,,1,1,1,1,,2177
54377.5,0.01,0.284,-1.85,-0.171,-0.17,0.127,10.312,328.37,33.2,4.2,0,0,39.915649,337.57,,1,1,1,1,,2177.5
54378,-0.034,0.41,-1.543,0.175,-0.209,0.11,10.427,328.37,33.2,4.2,0,0,39.915649,337.57,,1,1,1,1,,2178
54378.5,-0.064,0.478,-1.1,0.497,-0.216,0.046,10.455,328.27,33.2,3,0,0,39.915649,336.27,,1,1,1,1,,2178.5
54379,-0.079,0.488,-0.565,0.771,-0.221,-0.029,10.461,328.27,33.2,3,0,0,39.915649,336.27,,1,1,1,1,,2179
54379.5,-0.075,0.434,0.013,0.967,-0.173,-0.099,10.367,328.17,34.12,4.6,0,0,41.021746,337.77,,1,1,1,1,,2179.5
54380,-0.058,0.328,0.577,1.07,-0.123,-0.166,10.25,328.17,34.12,4.6,0,0,41.021746,337.77,,1,1,1,1,,2180
54380.5,-0.033,0.174,1.079,1.072,-0.051,-0.204,10.073,327.97,33.2,10.2,0,0,39.915649,343.17,,1,1,1,1,,2180.5
54381,-0.002,-0.012,1.467,0.964,0.023,-0.24,9.875,327.97,33.2,10.2,0,0,39.915649,343.17,,1,1,1,1,,2181
54381.5,0.024,-0.209,1.708,0.769,0.094,-0.21,9.677,328.07,31.35,14.7,0,0,37.691434,347.77,,1,1,1,1,,2181.5
54382,0.036,-0.405,1.778,0.495,0.156,-0.142,9.482,328.07,31.35,14.7,0,0,37.691434,347.77,,1,1,1,1,,2182
54382.5,0.034,-0.581,1.675,0.182,0.193,-0.053,9.342,328.07,32.28,15.2,0,0,38.809553,348.27,,1,1,1,1,,2182.5
54383,0.018,-0.715,1.409,-0.156,0.239,0.063,9.209,328.07,32.28,15.2,0,0,38.809553,348.27,,1,1,1,1,,2183
54383.5,-0.006,-0.794,1.007,-0.47,0.239,0.14,9.187,328.27,35.04,15,0,0,42.127842,348.27,,1,1,1,1,,2183.5
54384,-0.039,-0.811,0.512,-0.737,0.238,0.206,9.189,328.27,35.04,15,0,0,42.127842,348.27,,1,1,1,1,,2184
54384.5,-0.078,-0.762,-0.027,-0.919,0.2,0.193,9.306,328.27,34.12,15.3,0,0,41.021746,348.57,,1,1,1,1,,2184.5
54385,-0.117,-0.652,-0.548,-0.999,0.163,0.196,9.446,328.27,34.12,15.3,0,0,41.021746,348.57,,1,1,1,1,,2185
54385.5,-0.158,-0.495,-0.999,-0.967,0.096,0.124,9.656,328.37,35.04,14.6,0,0,42.127842,347.97,,1,1,1,1,,2185.5
54386,-0.197,-0.309,-1.331,-0.834,0.038,0.03,9.845,328.37,35.04,14.6,0,0,42.127842,347.97,,1,1,1,1,,2186
54386.5,-0.229,-0.116,-1.514,-0.617,-0.032,-0.049,10.049,328.27,35.04,15.5,0,0,42.127842,348.77,,1,1,1,1,,2186.5
54387,-0.254,0.063,-1.531,-0.335,-0.089,-0.119,10.204,328.27,35.04,15.5,0,0,42.127842,348.77,,1,1,1,1,,2187
54387.5,-0.266,0.216,-1.387,-0.038,-0.125,-0.161,10.306,328.17,35.97,15,0,0,43.245961,348.17,,1,1,1,1,,2187.5
54388,-0.262,0.325,-1.104,0.258,-0.154,-0.217,10.359,328.17,35.97,15,0,0,43.245961,348.17,,1,1,1,1,,2188
54388.5,-0.235,0.382,-0.72,0.501,-0.156,-0.212,10.325,328.07,37.07,15.5,0,0,44.568467,348.57,,1,1,1,1,,2188.5
54389,-0.19,0.386,-0.281,0.678,-0.145,-0.151,10.263,328.07,37.07,15.5,0,0,44.568467,348.57,,1,1,1,1,,2189
54389.5,-0.132,0.337,0.162,0.766,-0.094,-0.049,10.118,328.07,35.97,13.5,0,0,43.245961,346.57,,1,1,1,1,,2189.5
54390,-0.069,0.246,0.56,0.775,-0.063,0.033,10.012,328.07,35.97,13.5,0,0,43.245961,346.57,,1,1,1,1,,2190
54390.5,-0.003,0.121,0.881,0.71,-0.006,0.044,9.868,328.07,35.04,10.7,0,0,42.127842,343.77,,1,1,1,1,,2190.5
54391,0.066,-0.027,1.1,0.598,0.012,0.004,9.796,328.07,35.04,10.7,0,0,42.127842,343.77,,1,1,1,1,,2191
54391.5,0.136,-0.183,1.214,0.455,0.049,-0.013,9.697,328.07,35.97,9.1,0,0,43.245961,342.17,,1,1,1,1,,2191.5
54392,0.208,-0.341,1.218,0.286,0.077,-0.007,9.64,328.07,35.97,9.1,0,0,43.245961,342.17,,1,1,1,1,,2192
54392.5,0.271,-0.49,1.125,0.108,0.119,0.006,9.56,328.07,34.12,7.1,0,0,41.021746,340.17,,1,1,1,1,,2192.5
54393,0.324,-0.615,0.942,-0.08,0.146,0.043,9.504,328.07,34.12,7.1,0,0,41.021746,340.17,,1,1,1,1,,2193
54393.5,0.358,-0.704,0.687,-0.256,0.167,0.064,9.467,328.07,35.04,9.2,0,0,42.127842,342.27,,1,1,1,1,,2193.5
54394,0.372,-0.749,0.376,-0.427,0.19,0.083,9.431,328.07,35.04,9.2,0,0,42.127842,342.27,,1,1,1,1,,2194
54394.5,0.364,-0.741,0.032,-0.562,0.19,0.139,9.445,328.17,33.2,11,0,0,39.915649,344.17,,1,1,1,1,,2194.5
54395,0.333,-0.678,-0.32,-0.668,0.188,0.168,9.456,328.17,33.2,11,0,0,39.915649,344.17,,1,1,1,1,,2195
54395.5,0.281,-0.562,-0.655,-0.72,0.151,0.204,9.54,328.17,35.04,10.9,0,0,42.127842,344.07,,1,1,1,1,,2195.5
54396,0.215,-0.404,-0.944,-0.719,0.12,0.232,9.613,328.17,35.04,10.9,0,0,42.127842,344.07,,1,1,1,1,,2196
54396.5,0.138,-0.215,-1.163,-0.653,0.059,0.185,9.761,328.17,33.2,10.2,0,0,39.915649,343.37,,1,1,1,1,,2196.5
54397,0.055,-0.012,-1.286,-0.52,0.008,0.112,9.891,328.17,33.2,10.2,0,0,39.915649,343.37,,1,1,1,1,,2197
54397.5,-0.024,0.183,-1.297,-0.325,-0.067,0.01,10.069,328.17,34.12,11.5,0,0,41.021746,344.67,,1,1,1,1,,2197.5
54398,-0.099,0.353,-1.182,-0.078,-0.127,-0.098,10.212,328.17,34.12,11.5,0,0,41.021746,344.67,,1,1,1,1,,2198
54398.5,-0.163,0.472,-0.946,0.19,-0.171,-0.198,10.326,328.07,33.2,11.2,0,0,39.915649,344.27,,1,1,1,1,,2198.5
54399,-0.214,0.529,-0.602,0.46,-0.195,-0.246,10.386,328.07,33.2,11.2,0,0,39.915649,344.27,,1,1,1,1,,2199
54399.5,-0.246,0.511,-0.181,0.69,-0.194,-0.247,10.387,328.07,31.35,10.7,0,0,37.691434,343.77,,1,1,1,1,,2199.5
54400,-0.262,0.417,0.277,0.863,-0.175,-0.212,10.33,328.07,31.35,10.7,0,0,37.691434,343.77,,1,1,1,1,,2200
54400.5,-0.259,0.254,0.726,0.943,-0.12,-0.147,10.187,328.07,33.2,9.9,0,0,39.915649,342.97,,1,1,1,1,,2200.5
54401,-0.247,0.038,1.114,0.924,-0.057,-0.09,10.013,328.07,33.2,9.9,0,0,39.915649,342.97,,1,1,1,1,,2201
54401.5,-0.222,-0.206,1.394,0.792,0.032,-0.074,9.778,328.07,32.28,11.8,0,0,38.809553,344.87,,1,1,1,1,,2201.5
54402,-0.19,-0.451,1.529,0.564,0.108,-0.057,9.568,328.07,32.28,11.8,0,0,38.809553,344.87,,1,1,1,1,,2202
54402.5,-0.155,-0.665,1.498,0.262,0.197,-0.014,9.358,328.17,30.43,12.9,0,0,36.585338,346.07,,1,1,1,1,,2202.5
54403,-0.123,-0.826,1.299,-0.071,0.241,0.064,9.242,328.17,30.43,12.9,0,0,36.585338,346.07,,1,1,1,1,,2203
54403.5,-0.1,-0.914,0.955,-0.398,0.277,0.095,9.161,328.17,31.35,12.6,0,0,37.691434,345.77,,1,1,1,1,,2203.5
54404,-0.091,-0.921,0.502,-0.682,0.281,0.161,9.177,328.17,31.35,12.6,0,0,37.691434,345.77,,1,1,1,1,,2204
54404.5,-0.101,-0.842,-0.008,-0.89,0.26,0.166,9.244,328.27,32.28,13.3,0,0,38.809553,346.57,,1,1,1,1,,2204.5
54405,-0.125,-0.686,-0.521,-1.001,0.205,0.144,9.403,328.27,32.28,13.3,0,0,38.809553,346.57,,1,1,1,1,,2205
54405.5,-0.165,-0.474,-0.977,-0.995,0.139,0.122,9.588,328.37,32.28,13.4,0,0,38.809553,346.77,,1,1,1,1,,2205.5
54406,-0.213,-0.231,-1.324,-0.877,0.048,0.063,9.819,328.37,32.28,13.4,0,0,38.809553,346.77,,1,1,1,1,,2206
54406.5,-0.271,0.017,-1.522,-0.653,-0.042,-0.005,10.046,328.37,32.28,14.9,0,0,38.809553,348.27,,1,1,1,1,,2206.5
54407,-0.333,0.238,-1.546,-0.353,-0.131,-0.101,10.255,328.37,32.28,14.9,0,0,38.809553,348.27,,1,1,1,1,,2207
54407.5,-0.382,0.408,-1.39,0,-0.205,-0.218,10.426,328.27,32.28,10,0,0,38.809553,343.27,,1,1,1,1,,2207.5
54408,-0.408,0.501,-1.068,0.359,-0.248,-0.33,10.522,328.27,32.28,10,0,0,38.809553,343.27,,1,1,1,1,,2208
54408.5,-0.399,0.511,-0.617,0.68,-0.243,-0.365,10.519,328.27,31.35,13.6,0,0,37.691434,346.87,,1,1,1,1,,2208.5
54409,-0.352,0.432,-0.089,0.919,-0.229,-0.369,10.437,328.27,31.35,13.6,0,0,37.691434,346.87,,1,1,1,1,,2209
54409.5,-0.261,0.276,0.45,1.041,-0.15,-0.32,10.241,328.17,31.35,14,0,0,37.691434,347.17,,1,1,1,1,,2209.5
54410,-0.132,0.066,0.927,1.02,-0.068,-0.223,10.013,328.17,31.35,14,0,0,37.691434,347.17,,1,1,1,1,,2210
54410.5,0.028,-0.172,1.282,0.863,0.055,-0.06,9.712,328.17,30.43,15.4,0,0,36.585338,348.57,,1,1,1,1,,2210.5
54411,0.204,-0.398,1.459,0.572,0.164,0.086,9.425,328.17,30.43,15.4,0,0,36.585338,348.57,,1,1,1,1,,2211
54411.5,0.386,-0.591,1.436,0.206,0.243,0.208,9.2,328.37,30.43,15.2,0,0,36.585338,348.57,,1,1,1,1,,2211.5
54412,0.562,-0.717,1.214,-0.195,0.298,0.313,9.065,328.37,30.43,15.2,0,0,36.585338,348.57,,1,1,1,1,,2212
54412.5,0.706,-0.765,0.828,-0.549,0.297,0.349,9.072,328.47,30.43,9.9,0,0,36.585338,343.37,,1,1,1,1,,2212.5
54413,0.806,-0.727,0.336,-0.829,0.277,0.363,9.145,328.47,30.43,9.9,0,0,36.585338,343.37,,1,1,1,1,,2213
54413.5,0.843,-0.613,-0.19,-0.973,0.202,0.311,9.352,328.67,28.4,6.4,0,0,34.144712,340.07,,1,1,1,1,,2213.5
54414,0.815,-0.444,-0.674,-0.991,0.128,0.278,9.561,328.67,28.4,6.4,0,0,34.144712,340.07,,1,1,1,1,,2214
54414.5,0.733,-0.243,-1.054,-0.864,0.009,0.214,9.863,328.67,30.43,8.3,0,0,36.585338,341.97,,1,1,1,1,,2214.5
54415,0.613,-0.041,-1.278,-0.634,-0.054,0.141,10.059,328.67,30.43,8.3,0,0,36.585338,341.97,,1,1,1,1,,2215
54415.5,0.475,0.142,-1.326,-0.326,-0.137,0.106,10.286,328.67,31.35,1,0,0,37.691434,334.67,,1,1,1,1,,2215.5
54416,0.34,0.279,-1.195,0.008,-0.166,0.042,10.385,328.67,31.35,1,0,0,37.691434,334.67,,1,1,1,1,,2216
54416.5,0.226,0.359,-0.913,0.331,-0.192,-0.005,10.458,328.67,32.28,1.5,0,0,38.809553,335.17,,1,1,1,1,,2216.5
54417,0.145,0.371,-0.515,0.61,-0.18,-0.054,10.425,328.67,32.28,1.5,0,0,38.809553,335.17,,1,1,1,1,,2217
54417.5,0.102,0.315,-0.057,0.803,-0.15,-0.101,10.343,328.77,33.2,3,0,0,39.915649,336.77,,1,1,1,1,,2217.5
54418,0.096,0.2,0.406,0.905,-0.099,-0.126,10.191,328.77,33.2,3,0,0,39.915649,336.77,,1,1,1,1,,2218
54418.5,0.113,0.04,0.817,0.891,-0.04,-0.135,10.003,328.67,32.28,3.7,0,0,38.809553,337.37,,1,1,1,1,,2218.5
54419,0.145,-0.147,1.127,0.776,0.033,-0.116,9.797,328.67,32.28,3.7,0,0,38.809553,337.37,,1,1,1,1,,2219
54419.5,0.176,-0.335,1.299,0.565,0.107,-0.054,9.582,328.77,32.28,3.9,0,0,38.809553,337.67,,1,1,1,1,,2219.5
54420,0.196,-0.501,1.315,0.301,0.148,0,9.443,328.77,32.28,3.9,0,0,38.809553,337.67,,1,1,1,1,,2220
54420.5,0.196,-0.627,1.178,0.003,0.199,0.053,9.306,328.87,31.35,4.2,0,0,37.691434,338.07,,1,1,1,1,,2220.5
54421,0.172,-0.699,0.906,-0.281,0.209,0.105,9.281,328.87,31.35,4.2,0,0,37.691434,338.07,,1,1,1,1,,2221
54421.5,0.127,-0.712,0.536,-0.526,0.217,0.131,9.272,328.97,31.35,8,0,0,37.691434,341.97,,1,1,1,1,,2221.5
54422,0.057,-0.663,0.112,-0.7,0.176,0.136,9.38,328.97,31.35,8,0,0,37.691434,341.97,,1,1,1,1,,2222
54422.5,-0.033,-0.564,-0.315,-0.792,0.153,0.137,9.473,329.17,32.28,9.9,0,0,38.809553,344.07,,1,1,1,1,,2222.5
54423,-0.141,-0.423,-0.698,-0.795,0.1,0.124,9.637,329.17,32.28,9.9,0,0,38.809553,344.07,,1,1,1,1,,2223
54423.5,-0.258,-0.26,-0.997,-0.714,0.055,0.096,9.775,329.27,32.28,6.4,0,0,38.809553,340.67,,1,1,1,1,,2223.5
54424,-0.382,-0.089,-1.187,-0.574,-0.005,0.037,9.924,329.27,32.28,6.4,0,0,38.809553,340.67,,1,1,1,1,,2224
54424.5,-0.497,0.071,-1.254,-0.383,-0.038,-0.02,10.027,329.27,32.28,8.1,0,0,38.809553,342.37,,1,1,1,1,,2224.5
54425,-0.593,0.208,-1.2,-0.171,-0.074,-0.082,10.119,329.27,32.28,8.1,0,0,38.809553,342.37,,1,1,1,1,,2225
54425.5,-0.657,0.309,-1.033,0.052,-0.109,-0.144,10.184,329.27,31.35,6.8,0,0,37.691434,341.07,,1,1,1,1,,2225.5
54426,-0.679,0.363,-0.777,0.252,-0.115,-0.191,10.199,329.27,31.35,6.8,0,0,37.691434,341.07,,1,1,1,1,,2226
54426.5,-0.664,0.371,-0.456,0.429,-0.126,-0.23,10.21,329.17,32.28,7.4,0,0,38.809553,341.57,,1,1,1,1,,2226.5
54427,-0.605,0.328,-0.102,0.562,-0.105,-0.244,10.159,329.17,32.28,7.4,0,0,38.809553,341.57,,1,1,1,1,,2227
54427.5,-0.509,0.241,0.253,0.646,-0.089,-0.226,10.114,329.17,32.28,8.2,0,0,38.809553,342.37,,1,1,1,1,,2227.5
54428,-0.385,0.113,0.579,0.667,-0.05,-0.224,10.009,329.17,32.28,8.2,0,0,38.809553,342.37,,1,1,1,1,,2228
54428.5,-0.24,-0.036,0.846,0.632,-0.013,-0.211,9.925,329.17,33.2,9,0,0,39.915649,343.17,,1,1,1,1,,2228.5
54429,-0.085,-0.201,1.034,0.541,0.043,-0.176,9.796,329.17,33.2,9,0,0,39.915649,343.17,,1,1,1,1,,2229
54429.5,0.061,-0.358,1.126,0.405,0.079,-0.108,9.704,329.17,31.35,8.8,0,0,37.691434,342.97,,1,1,1,1,,2229.5
54430,0.189,-0.501,1.117,0.237,0.122,-0.004,9.602,329.17,31.35,8.8,0,0,37.691434,342.97,,1,1,1,1,,2230
54430.5,0.288,-0.61,1.009,0.049,0.141,0.109,9.534,329.37,32.28,12.9,0,0,38.809553,347.27,,1,1,1,1,,2230.5
54431,0.355,-0.679,0.814,-0.14,0.171,0.191,9.47,329.37,32.28,12.9,0,0,38.809553,347.27,,1,1,1,1,,2231
54431.5,0.385,-0.699,0.548,-0.322,0.183,0.28,9.434,329.47,33.2,10.2,0,0,39.915649,344.67,,1,1,1,1,,2231.5
54432,0.38,-0.665,0.231,-0.481,0.179,0.303,9.436,329.47,33.2,10.2,0,0,39.915649,344.67,,1,1,1,1,,2232
54432.5,0.346,-0.584,-0.108,-0.596,0.169,0.291,9.478,329.57,33.2,6.9,0,0,39.915649,341.47,,1,1,1,1,,2232.5
54433,0.287,-0.461,-0.438,-0.65,0.124,0.253,9.575,329.57,33.2,6.9,0,0,39.915649,341.47,,1,1,1,1,,2233
54433.5,0.216,-0.308,-0.722,-0.629,0.064,0.149,9.717,329.57,32.28,5.3,0,0,38.809553,339.87,,1,1,1,1,,2233.5
54434,0.139,-0.149,-0.925,-0.529,0.007,0.045,9.872,329.57,32.28,5.3,0,0,38.809553,339.87,,1,1,1,1,,2234
54434.5,0.072,0,-1.024,-0.366,-0.071,-0.043,10.019,329.57,33.2,3.9,0,0,39.915649,338.47,,1,1,1,1,,2234.5
54435,0.026,0.123,-1.009,-0.166,-0.106,-0.11,10.114,329.57,33.2,3.9,0,0,39.915649,338.47,,1,1,1,1,,2235
54435.5,0.003,0.205,-0.886,0.034,-0.116,-0.138,10.156,329.47,33.2,7.8,0,0,39.915649,342.27,,1,1,1,1,,2235.5
54436,0.005,0.24,-0.678,0.219,-0.121,-0.139,10.166,329.47,33.2,7.8,0,0,39.915649,342.27,,1,1,1,1,,2236
54436.5,0.028,0.23,-0.412,0.362,-0.097,-0.099,10.128,329.47,35.04,9.6,0,0,42.127842,344.07,,1,1,1,1,,2236.5
54437,0.067,0.177,-0.124,0.452,-0.067,-0.031,10.061,329.47,35.04,9.6,0,0,42.127842,344.07,,1,1,1,1,,2237
54437.5,0.115,0.094,0.15,0.474,-0.009,0.035,9.942,329.37,34.12,11.1,0,0,41.021746,345.47,,1,1,1,1,,2237.5
54438,0.161,-0.01,0.379,0.436,0.032,0.091,9.839,329.37,34.12,11.1,0,0,41.021746,345.47,,1,1,1,1,,2238
54438.5,0.191,-0.114,0.538,0.34,0.081,0.107,9.711,329.37,33.2,8,0,0,39.915649,342.37,,1,1,1,1,,2238.5
54439,0.201,-0.208,0.613,0.211,0.101,0.084,9.641,329.37,33.2,8,0,0,39.915649,342.37,,1,1,1,1,,2239
54439.5,0.182,-0.281,0.606,0.071,0.119,0.064,9.59,329.47,31.35,10.3,0,0,37.691434,344.77,,1,1,1,1,,2239.5
54440,0.135,-0.328,0.527,-0.055,0.11,0.065,9.6,329.47,31.35,10.3,0,0,37.691434,344.77,,1,1,1,1,,2240
54440.5,0.061,-0.344,0.401,-0.151,0.1,0.078,9.628,329.47,32.28,9.6,0,0,38.809553,344.07,,1,1,1,1,,2240.5
54441,-0.036,-0.334,0.251,-0.207,0.065,0.058,9.703,329.47,32.28,9.6,0,0,38.809553,344.07,,1,1,1,1,,2241
54441.5,-0.148,-0.304,0.105,-0.215,0.045,0.038,9.773,329.47,34.12,6.7,0,0,41.021746,341.17,,1,1,1,1,,2241.5
54442,-0.268,-0.26,-0.017,-0.183,0.009,-0.011,9.866,329.47,34.12,6.7,0,0,41.021746,341.17,,1,1,1,1,,2242
54442.5,-0.382,-0.219,-0.094,-0.107,-0.017,-0.091,9.951,329.57,34.12,8.7,0,0,41.021746,343.27,,1,1,1,1,,2242.5
54443,-0.482,-0.183,-0.119,-0.012,-0.031,-0.161,10.012,329.57,34.12,8.7,0,0,41.021746,343.27,,1,1,1,1,,2243
54443.5,-0.555,-0.163,-0.092,0.09,-0.038,-0.214,10.034,329.57,34.12,7.4,0,0,41.021746,341.97,,1,1,1,1,,2243.5
54444,-0.597,-0.167,-0.026,0.166,-0.021,-0.223,9.999,329.57,34.12,7.4,0,0,41.021746,341.97,,1,1,1,1,,2244
54444.5,-0.604,-0.191,0.06,0.209,0.004,-0.182,9.935,329.57,33.2,5.6,0,0,39.915649,340.17,,1,1,1,1,,2244.5
54445,-0.577,-0.227,0.137,0.191,0.04,-0.112,9.818,329.57,33.2,5.6,0,0,39.915649,340.17,,1,1,1,1,,2245
54445.5,-0.518,-0.266,0.18,0.119,0.078,-0.077,9.699,329.57,33.2,4.2,0,0,39.915649,338.77,,1,1,1,1,,2245.5
54446,-0.436,-0.298,0.168,-0.004,0.121,-0.05,9.574,329.57,33.2,4.2,0,0,39.915649,338.77,,1,1,1,1,,2246
54446.5,-0.34,-0.31,0.092,-0.146,0.13,-0.047,9.518,329.57,33.2,6.6,0,0,39.915649,341.17,,1,1,1,1,,2246.5
54447,-0.242,-0.299,-0.041,-0.288,0.144,-0.082,9.475,329.57,33.2,6.6,0,0,39.915649,341.17,,1,1,1,1,,2247
54447.5,-0.149,-0.257,-0.214,-0.392,0.112,-0.036,9.544,329.57,35.04,10,0,0,42.127842,344.57,,1,1,1,1,,2247.5
54448,-0.07,-0.193,-0.392,-0.438,0.075,0.024,9.627,329.57,35.04,10,0,0,42.127842,344.57,,1,1,1,1,,2248
54448.5,-0.005,-0.109,-0.545,-0.414,0.021,0.073,9.774,329.57,34.12,7.6,0,0,41.021746,342.17,,1,1,1,1,,2248.5
54449,0.044,-0.023,-0.638,-0.314,-0.032,0.13,9.92,329.57,34.12,7.6,0,0,41.021746,342.17,,1,1,1,1,,2249
54449.5,0.078,0.056,-0.653,-0.175,-0.07,0.134,10.039,329.57,33.2,5.9,0,0,39.915649,340.47,,1,1,1,1,,2249.5
54450,0.104,0.114,-0.577,0.014,-0.111,0.089,10.164,329.57,33.2,5.9,0,0,39.915649,340.47,,1,1,1,1,,2250
54450.5,0.128,0.14,-0.418,0.19,-0.094,0.046,10.166,329.47,32.28,4.2,0,0,38.809553,338.67,,1,1,1,1,,2250.5
54451,0.149,0.137,-0.195,0.361,-0.107,-0.005,10.219,329.47,32.28,4.2,0,0,38.809553,338.67,,1,1,1,1,,2251
54451.5,0.172,0.098,0.068,0.478,-0.054,-0.041,10.121,329.47,31.35,8.1,0,0,37.691434,342.57,,1,1,1,1,,2251.5
54452,0.195,0.029,0.335,0.548,-0.05,-0.042,10.095,329.47,31.35,8.1,0,0,37.691434,342.57,,1,1,1,1,,2252
54452.5,0.214,-0.065,0.577,0.549,0.013,-0.027,9.928,329.47,30.43,7.7,0,0,36.585338,342.17,,1,1,1,1,,2252.5
54453,0.229,-0.171,0.759,0.484,0.032,-0.027,9.84,329.47,30.43,7.7,0,0,36.585338,342.17,,1,1,1,1,,2253
54453.5,0.237,-0.28,0.863,0.368,0.088,0.004,9.691,329.47,30.43,9.3,0,0,36.585338,343.77,,1,1,1,1,,2253.5
54454,0.242,-0.376,0.872,0.205,0.115,0.008,9.606,329.47,30.43,9.3,0,0,36.585338,343.77,,1,1,1,1,,2254
54454.5,0.24,-0.45,0.79,0.036,0.128,0.081,9.535,329.47,33.2,7.3,0,0,39.915649,341.77,,1,1,1,1,,2254.5
54455,0.228,-0.494,0.624,-0.15,0.144,0.12,9.482,329.47,33.2,7.3,0,0,39.915649,341.77,,1,1,1,1,,2255
54455.5,0.213,-0.507,0.393,-0.305,0.146,0.126,9.476,329.57,33.2,7.3,0,0,39.915649,341.87,,1,1,1,1,,2255.5
54456,0.193,-0.485,0.12,-0.446,0.148,0.108,9.469,329.57,33.2,7.3,0,0,39.915649,341.87,,1,1,1,1,,2256
54456.5,0.167,-0.43,-0.169,-0.528,0.113,0.123,9.556,329.47,32.28,8,0,0,38.809553,342.47,,1,1,1,1,,2256.5
54457,0.134,-0.345,-0.443,-0.573,0.109,0.078,9.592,329.47,32.28,8,0,0,38.809553,342.47,,1,1,1,1,,2257
54457.5,0.092,-0.24,-0.677,-0.547,0.042,0.037,9.745,329.47,33.2,9.6,0,0,39.915649,344.07,,1,1,1,1,,2257.5
54458,0.039,-0.125,-0.844,-0.478,0.035,0.003,9.801,329.47,33.2,9.6,0,0,39.915649,344.07,,1,1,1,1,,2258
54458.5,-0.02,-0.014,-0.93,-0.349,-0.032,0.003,9.969,329.37,35.04,9.4,0,0,42.127842,343.77,,1,1,1,1,,2258.5
54459,-0.083,0.082,-0.917,-0.177,-0.066,-0.014,10.057,329.37,35.04,9.4,0,0,42.127842,343.77,,1,1,1,1,,2259
54459.5,-0.14,0.153,-0.805,0.027,-0.123,-0.048,10.199,329.37,35.97,7.4,0,0,43.245961,341.77,,1,1,1,1,,2259.5
54460,-0.186,0.186,-0.598,0.241,-0.119,-0.028,10.224,329.37,35.97,7.4,0,0,43.245961,341.77,,1,1,1,1,,2260
54460.5,-0.22,0.18,-0.319,0.426,-0.129,-0.052,10.252,329.37,35.04,8.6,0,0,42.127842,342.97,,1,1,1,1,,2260.5
54461,-0.244,0.135,0.004,0.573,-0.1,-0.065,10.195,329.37,35.04,8.6,0,0,42.127842,342.97,,1,1,1,1,,2261
54461.5,-0.264,0.054,0.33,0.639,-0.042,-0.043,10.082,329.37,34.12,10,0,0,41.021746,344.37,,1,1,1,1,,2261.5
54462,-0.282,-0.05,0.619,0.633,0.012,-0.066,9.937,329.37,34.12,10,0,0,41.021746,344.37,,1,1,1,1,,2262
54462.5,-0.3,-0.166,0.832,0.533,0.068,-0.105,9.762,329.37,34.12,9.1,0,0,41.021746,343.47,,1,1,1,1,,2262.5
54463,-0.324,-0.275,0.941,0.374,0.109,-0.126,9.624,329.37,34.12,9.1,0,0,41.021746,343.47,,1,1,1,1,,2263
54463.5,-0.344,-0.364,0.932,0.153,0.175,-0.111,9.454,329.37,31.35,9.5,0,0,37.691434,343.87,,1,1,1,1,,2263.5
54464,-0.363,-0.425,0.803,-0.078,0.175,-0.126,9.393,329.37,31.35,9.5,0,0,37.691434,343.87,,1,1,1,1,,2264
54464.5,-0.372,-0.447,0.573,-0.31,0.185,-0.074,9.329,329.37,34.12,8.5,0,0,41.021746,342.87,,1,1,1,1,,2264.5
54465,-0.371,-0.426,0.267,-0.498,0.154,-0.016,9.381,329.37,34.12,8.5,0,0,41.021746,342.87,,1,1,1,1,,2265
54465.5,-0.36,-0.366,-0.072,-0.626,0.137,0.053,9.437,329.37,33.2,10.1,0,0,39.915649,344.47,,1,1,1,1,,2265.5
54466,-0.34,-0.277,-0.403,-0.67,0.078,0.11,9.603,329.37,33.2,10.1,0,0,39.915649,344.47,,1,1,1,1,,2266
54466.5,-0.308,-0.17,-0.678,-0.62,0.03,0.079,9.762,329.27,32.28,11.1,0,0,38.809553,345.37,,1,1,1,1,,2266.5
54467,-0.273,-0.059,-0.86,-0.483,-0.039,-0.003,9.966,329.27,32.28,11.1,0,0,38.809553,345.37,,1,1,1,1,,2267
54467.5,-0.232,0.036,-0.921,-0.273,-0.084,-0.111,10.125,329.17,32.28,13.2,0,0,38.809553,347.37,,1,1,1,1,,2267.5
54468,-0.186,0.106,-0.854,-0.033,-0.107,-0.164,10.233,329.17,32.28,13.2,0,0,38.809553,347.37,,1,1,1,1,,2268
54468.5,-0.133,0.137,-0.668,0.216,-0.118,-0.209,10.297,329.17,35.04,16.2,0,0,42.127842,350.37,,1,1,1,1,,2268.5
54469,-0.076,0.13,-0.392,0.425,-0.105,-0.217,10.276,329.17,35.04,16.2,0,0,42.127842,350.37,,1,1,1,1,,2269
54469.5,-0.014,0.083,-0.064,0.58,-0.092,-0.152,10.221,329.17,35.04,11.1,0,0,42.127842,345.27,,1,1,1,1,,2269.5
54470,0.052,0.009,0.271,0.651,-0.037,-0.095,10.08,329.17,35.04,11.1,0,0,42.127842,345.27,,1,1,1,1,,2270
54470.5,0.118,-0.083,0.567,0.643,-0.002,-0.011,9.952,329.17,35.04,16.8,0,0,42.127842,350.97,,1,1,1,1,,2270.5
54471,0.179,-0.186,0.79,0.552,0.048,0.105,9.778,329.17,35.04,16.8,0,0,42.127842,350.97,,1,1,1,1,,2271
54471.5,0.235,-0.282,0.912,0.401,0.074,0.211,9.666,329.17,35.04,15.6,0,0,42.127842,349.77,,1,1,1,1,,2271.5
54472,0.277,-0.364,0.923,0.21,0.117,0.261,9.536,329.17,35.04,15.6,0,0,42.127842,349.77,,1,1,1,1,,2272
54472.5,0.311,-0.42,0.824,-0.001,0.143,0.256,9.467,329.17,33.2,14.1,0,0,39.915649,348.27,,1,1,1,1,,2272.5
54473,0.335,-0.447,0.632,-0.198,0.155,0.22,9.431,329.17,33.2,14.1,0,0,39.915649,348.27,,1,1,1,1,,2273
54473.5,0.354,-0.444,0.37,-0.371,0.138,0.16,9.452,329.17,32.28,11.8,0,0,38.809553,345.97,,1,1,1,1,,2273.5
54474,0.372,-0.414,0.072,-0.496,0.131,0.085,9.487,329.17,32.28,11.8,0,0,38.809553,345.97,,1,1,1,1,,2274
54474.5,0.387,-0.361,-0.234,-0.577,0.123,0.072,9.538,329.07,30.43,6.9,0,0,36.585338,340.97,,1,1,1,1,,2274.5
54475,0.4,-0.29,-0.515,-0.593,0.071,0.012,9.647,329.07,30.43,6.9,0,0,36.585338,340.97,,1,1,1,1,,2275
54475.5,0.407,-0.206,-0.744,-0.56,0.044,-0.042,9.735,328.97,32.28,12.2,0,0,38.809553,346.17,,1,1,1,1,,2275.5
54476,0.4,-0.119,-0.902,-0.473,0.022,-0.065,9.836,328.97,32.28,12.2,0,0,38.809553,346.17,,1,1,1,1,,2276
54476.5,0.373,-0.031,-0.975,-0.355,-0.001,-0.029,9.911,328.97,34.12,11,0,0,41.021746,344.97,,1,1,1,1,,2276.5
54477,0.322,0.051,-0.962,-0.21,-0.032,-0.028,10.001,328.97,34.12,11,0,0,41.021746,344.97,,1,1,1,1,,2277
54477.5,0.243,0.117,-0.867,-0.057,-0.03,0.01,10.027,328.97,35.97,11.9,0,0,43.245961,345.87,,1,1,1,1,,2277.5
54478,0.142,0.174,-0.701,0.099,-0.064,0.086,10.093,328.97,35.97,11.9,0,0,43.245961,345.87,,1,1,1,1,,2278
54478.5,0.024,0.209,-0.475,0.25,-0.075,0.094,10.115,328.97,35.97,12.4,0,0,43.245961,346.37,,1,1,1,1,,2278.5
54479,-0.098,0.219,-0.207,0.392,-0.099,0.091,10.166,328.97,35.97,12.4,0,0,43.245961,346.37,,1,1,1,1,,2279
54479.5,-0.215,0.201,0.09,0.52,-0.096,0.089,10.165,328.97,35.97,12.3,0,0,43.245961,346.27,,1,1,1,1,,2279.5
54480,-0.315,0.149,0.396,0.618,-0.097,0.038,10.163,328.97,35.97,12.3,0,0,43.245961,346.27,,1,1,1,1,,2280
54480.5,-0.387,0.066,0.692,0.684,-0.08,-0.036,10.117,329.07,35.04,12.2,0,0,42.127842,346.27,,1,1,1,1,,2280.5
54481,-0.419,-0.049,0.953,0.697,-0.056,-0.115,10.048,329.07,35.04,12.2,0,0,42.127842,346.27,,1,1,1,1,,2281
54481.5,-0.41,-0.19,1.161,0.666,-0.031,-0.159,9.963,328.87,35.04,11.4,0,0,42.127842,345.27,,1,1,1,1,,2281.5
54482,-0.37,-0.35,1.29,0.565,0.028,-0.174,9.818,328.87,35.04,11.4,0,0,42.127842,345.27,,1,1,1,1,,2282
54482.5,-0.311,-0.516,1.321,0.405,0.09,-0.218,9.663,328.77,34.12,11,0,0,41.021746,344.77,,1,1,1,1,,2282.5
54483,-0.24,-0.668,1.236,0.172,0.171,-0.212,9.459,328.77,34.12,11,0,0,41.021746,344.77,,1,1,1,1,,2283
54483.5,-0.171,-0.787,1.022,-0.118,0.231,-0.181,9.276,328.77,34.12,11.3,0,0,41.021746,345.07,,1,1,1,1,,2283.5
54484,-0.119,-0.852,0.676,-0.453,0.295,-0.124,9.095,328.77,34.12,11.3,0,0,41.021746,345.07,,1,1,1,1,,2284
54484.5,-0.09,-0.846,0.211,-0.787,0.317,-0.029,9.011,328.87,35.04,11.2,0,0,42.127842,345.07,,1,1,1,1,,2284.5
54485,-0.082,-0.755,-0.338,-1.079,0.306,0.07,9.009,328.87,35.04,11.2,0,0,42.127842,345.07,,1,1,1,1,,2285
54485.5,-0.093,-0.583,-0.918,-1.268,0.241,0.14,9.161,328.97,35.04,11,0,0,42.127842,344.97,,1,1,1,1,,2285.5
54486,-0.12,-0.345,-1.456,-1.313,0.158,0.153,9.396,328.97,35.04,11,0,0,42.127842,344.97,,1,1,1,1,,2286
54486.5,-0.152,-0.062,-1.877,-1.188,0.011,0.161,9.745,328.97,34.12,10.7,0,0,41.021746,344.67,,1,1,1,1,,2286.5
54487,-0.181,0.224,-2.11,-0.887,-0.133,0.053,10.13,328.97,34.12,10.7,0,0,41.021746,344.67,,1,1,1,1,,2287
54487.5,-0.197,0.482,-2.106,-0.461,-0.222,-0.063,10.428,328.97,35.04,13.1,0,0,42.127842,347.07,,1,1,1,1,,2287.5
54488,-0.184,0.678,-1.851,0.053,-0.315,-0.063,10.723,328.97,35.04,13.1,0,0,42.127842,347.07,,1,1,1,1,,2288
54488.5,-0.134,0.785,-1.361,0.569,-0.35,-0.114,10.831,328.87,35.97,13.8,0,0,43.245961,347.67,,1,1,1,1,,2288.5
54489,-0.045,0.788,-0.692,1.037,-0.357,-0.145,10.894,328.87,35.97,13.8,0,0,43.245961,347.67,,1,1,1,1,,2289
54489.5,0.08,0.681,0.088,1.394,-0.284,-0.137,10.739,328.77,34.12,10.6,0,0,41.021746,344.37,,1,1,1,1,,2289.5
54490,0.228,0.479,0.883,1.594,-0.233,-0.094,10.565,328.77,34.12,10.6,0,0,41.021746,344.37,,1,1,1,1,,2290
54490.5,0.381,0.194,1.606,1.616,-0.111,-0.03,10.237,328.67,34.12,6,0,0,41.021746,339.67,,1,1,1,1,,2290.5
54491,0.526,-0.135,2.165,1.449,0.007,0.012,9.901,328.67,34.12,6,0,0,41.021746,339.67,,1,1,1,1,,2291
54491.5,0.653,-0.476,2.5,1.13,0.129,0.069,9.535,328.57,31.35,9.8,0,0,37.691434,343.37,,1,1,1,1,,2291.5
54492,0.754,-0.79,2.565,0.671,0.227,0.111,9.213,328.57,31.35,9.8,0,0,37.691434,343.37,,1,1,1,1,,2292
54492.5,0.825,-1.041,2.354,0.148,0.312,0.142,8.963,328.67,31.35,12.8,0,0,37.691434,346.47,,1,1,1,1,,2292.5
54493,0.857,-1.198,1.885,-0.407,0.375,0.147,8.78,328.67,31.35,12.8,0,0,37.691434,346.47,,1,1,1,1,,2293
54493.5,0.848,-1.246,1.206,-0.909,0.381,0.174,8.751,328.87,31.35,13,0,0,37.691434,346.87,,1,1,1,1,,2293.5
54494,0.8,-1.179,0.391,-1.329,0.389,0.214,8.77,328.87,31.35,13,0,0,37.691434,346.87,,1,1,1,1,,2294
54494.5,0.72,-0.999,-0.477,-1.605,0.327,0.258,8.961,328.97,31.35,14.9,0,0,37.691434,348.87,,1,1,1,1,,2294.5
54495,0.609,-0.729,-1.306,-1.721,0.261,0.299,9.183,328.97,31.35,14.9,0,0,37.691434,348.87,,1,1,1,1,,2295
54495.5,0.479,-0.394,-2.009,-1.653,0.135,0.295,9.533,329.07,34.12,12.5,0,0,41.021746,346.57,,1,1,1,1,,2295.5
54496,0.334,-0.033,-2.508,-1.412,0.019,0.263,9.867,329.07,34.12,12.5,0,0,41.021746,346.57,,1,1,1,1,,2296
54496.5,0.184,0.322,-2.752,-1.022,-0.113,0.186,10.23,329.07,34.12,10.2,0,0,41.021746,344.27,,1,1,1,1,,2296.5
54497,0.036,0.63,-2.71,-0.522,-0.218,0.053,10.515,329.07,34.12,10.2,0,0,41.021746,344.27,,1,1,1,1,,2297
54497.5,-0.102,0.86,-2.388,0.033,-0.323,-0.049,10.767,328.97,35.04,10.7,0,0,42.127842,344.67,,1,1,1,1,,2297.5
54498,-0.219,0.983,-1.812,0.596,-0.377,-0.166,10.893,328.97,35.04,10.7,0,0,42.127842,344.67,,1,1,1,1,,2298
54498.5,-0.306,0.993,-1.044,1.093,-0.395,-0.233,10.916,328.87,35.97,12.9,0,0,43.245961,346.77,,1,1,1,1,,2298.5
54499,-0.362,0.885,-0.162,1.481,-0.37,-0.264,10.814,328.87,35.97,12.9,0,0,43.245961,346.77,,1,1,1,1,,2299
54499.5,-0.389,0.675,0.738,1.702,-0.29,-0.262,10.599,328.87,35.04,12.1,0,0,42.127842,345.97,,1,1,1,1,,2299.5
54500,-0.391,0.383,1.563,1.754,-0.187,-0.255,10.321,328.87,35.04,12.1,0,0,42.127842,345.97,,1,1,1,1,,2300
54500.5,-0.38,0.037,2.228,1.617,-0.06,-0.204,9.979,328.77,35.04,10.9,0,0,42.127842,344.67,,1,1,1,1,,2300.5
54501,-0.354,-0.325,2.664,1.328,0.057,-0.164,9.665,328.77,35.04,10.9,0,0,42.127842,344.67,,1,1,1,1,,2301
54501.5,-0.323,-0.667,2.83,0.899,0.206,-0.119,9.315,328.87,34.12,11.5,0,0,41.021746,345.37,,1,1,1,1,,2301.5
54502,-0.292,-0.957,2.71,0.389,0.304,-0.035,9.065,328.87,34.12,11.5,0,0,41.021746,345.37,,1,1,1,1,,2302
54502.5,-0.258,-1.163,2.318,-0.166,0.394,0.032,8.838,329.07,33.2,11.2,0,0,39.915649,345.27,,1,1,1,1,,2302.5
54503,-0.226,-1.264,1.69,-0.705,0.433,0.09,8.747,329.07,33.2,11.2,0,0,39.915649,345.27,,1,1,1,1,,2303
54503.5,-0.193,-1.252,0.892,-1.174,0.442,0.144,8.726,329.17,33.2,10,0,0,39.915649,344.17,,1,1,1,1,,2303.5
54504,-0.165,-1.127,0,-1.524,0.375,0.141,8.872,329.17,33.2,10,0,0,39.915649,344.17,,1,1,1,1,,2304
54504.5,-0.141,-0.905,-0.888,-1.707,0.292,0.121,9.095,329.17,34.12,9.6,0,0,41.021746,343.77,,1,1,1,1,,2304.5
54505,-0.124,-0.606,-1.681,-1.713,0.172,0.086,9.409,329.17,34.12,9.6,0,0,41.021746,343.77,,1,1,1,1,,2305
54505.5,-0.118,-0.266,-2.294,-1.532,0.042,0.057,9.752,329.27,33.2,9.5,0,0,39.915649,343.77,,1,1,1,1,,2305.5
54506,-0.123,0.08,-2.665,-1.199,-0.082,0,10.093,329.27,33.2,9.5,0,0,39.915649,343.77,,1,1,1,1,,2306
54506.5,-0.137,0.395,-2.757,-0.739,-0.203,-0.084,10.41,329.17,34.12,9.7,0,0,41.021746,343.87,,1,1,1,1,,2306.5
54507,-0.145,0.645,-2.565,-0.216,-0.277,-0.144,10.629,329.17,34.12,9.7,0,0,41.021746,343.87,,1,1,1,1,,2307
54507.5,-0.141,0.813,-2.113,0.323,-0.333,-0.182,10.786,329.07,33.2,13.3,0,0,39.915649,347.37,,1,1,1,1,,2307.5
54508,-0.116,0.879,-1.453,0.809,-0.34,-0.193,10.805,329.07,33.2,13.3,0,0,39.915649,347.37,,1,1,1,1,,2308
54508.5,-0.066,0.842,-0.662,1.2,-0.328,-0.143,10.749,329.07,33.2,14.1,0,0,39.915649,348.17,,1,1,1,1,,2308.5
54509,0.005,0.708,0.179,1.46,-0.27,-0.062,10.589,329.07,33.2,14.1,0,0,39.915649,348.17,,1,1,1,1,,2309
54509.5,0.101,0.495,0.982,1.563,-0.192,-0.032,10.352,329.07,32.28,17.1,0,0,38.809553,351.17,,1,1,1,1,,2309.5
54510,0.213,0.223,1.668,1.514,-0.102,0.022,10.109,329.07,32.28,17.1,0,0,38.809553,351.17,,1,1,1,1,,2310
54510.5,0.338,-0.082,2.176,1.324,0.014,0.04,9.82,329.17,32.28,15.5,0,0,38.809553,349.67,,1,1,1,1,,2310.5
54511,0.469,-0.389,2.462,1.018,0.106,0.042,9.572,329.17,32.28,15.5,0,0,38.809553,349.67,,1,1,1,1,,2311
54511.5,0.598,-0.672,2.508,0.627,0.2,0.082,9.328,329.17,34.12,11.5,0,0,41.021746,345.67,,1,1,1,1,,2311.5
54512,0.711,-0.905,2.314,0.178,0.278,0.098,9.127,329.17,34.12,11.5,0,0,41.021746,345.67,,1,1,1,1,,2312
54512.5,0.796,-1.065,1.9,-0.283,0.337,0.122,8.975,329.27,33.2,12.7,0,0,39.915649,346.97,,1,1,1,1,,2312.5
54513,0.843,-1.135,1.305,-0.726,0.365,0.195,8.897,329.27,33.2,12.7,0,0,39.915649,346.97,,1,1,1,1,,2313
54513.5,0.844,-1.109,0.584,-1.101,0.36,0.249,8.915,329.37,34.12,12.2,0,0,41.021746,346.57,,1,1,1,1,,2313.5
54514,0.793,-0.985,-0.197,-1.378,0.332,0.305,9.005,329.37,34.12,12.2,0,0,41.021746,346.57,,1,1,1,1,,2314
54514.5,0.697,-0.778,-0.961,-1.517,0.254,0.357,9.208,329.57,35.97,12.8,0,0,43.245961,347.37,,1,1,1,1,,2314.5
54515,0.561,-0.506,-1.632,-1.51,0.169,0.358,9.449,329.57,35.97,12.8,0,0,43.245961,347.37,,1,1,1,1,,2315
54515.5,0.389,-0.199,-2.143,-1.342,0.053,0.297,9.771,329.57,35.97,10.2,0,0,43.245961,344.77,,1,1,1,1,,2315.5
54516,0.199,0.109,-2.436,-1.031,-0.067,0.233,10.086,329.57,35.97,10.2,0,0,43.245961,344.77,,1,1,1,1,,2316
54516.5,0,0.39,-2.478,-0.601,-0.199,0.084,10.408,329.57,35.97,10.3,0,0,43.245961,344.87,,1,1,1,1,,2316.5
54517,-0.187,0.607,-2.257,-0.098,-0.282,-0.077,10.63,329.57,35.97,10.3,0,0,43.245961,344.87,,1,1,1,1,,2317
54517.5,-0.349,0.742,-1.798,0.41,-0.335,-0.193,10.768,329.57,35.04,10.3,0,0,42.127842,344.87,,1,1,1,1,,2317.5
54518,-0.469,0.778,-1.146,0.884,-0.364,-0.314,10.82,329.57,35.04,10.3,0,0,42.127842,344.87,,1,1,1,1,,2318
54518.5,-0.534,0.711,-0.375,1.243,-0.311,-0.376,10.694,329.47,34.12,13.9,0,0,41.021746,348.37,,1,1,1,1,,2318.5
54519,-0.542,0.554,0.428,1.472,-0.267,-0.402,10.56,329.47,34.12,13.9,0,0,41.021746,348.37,,1,1,1,1,,2319
54519.5,-0.499,0.317,1.179,1.531,-0.14,-0.357,10.256,329.37,35.04,14.8,0,0,42.127842,349.17,,1,1,1,1,,2319.5
54520,-0.412,0.032,1.792,1.428,-0.043,-0.302,9.997,329.37,35.04,14.8,0,0,42.127842,349.17,,1,1,1,1,,2320
54520.5,-0.294,-0.271,2.209,1.169,0.098,-0.169,9.635,329.47,34.12,13.3,0,0,41.021746,347.77,,1,1,1,1,,2320.5
54521,-0.162,-0.556,2.379,0.779,0.196,-0.023,9.358,329.47,34.12,13.3,0,0,41.021746,347.77,,1,1,1,1,,2321
54521.5,-0.036,-0.793,2.29,0.312,0.304,0.075,9.081,329.57,33.2,12.4,0,0,39.915649,346.97,,1,1,1,1,,2321.5
54522,0.073,-0.955,1.95,-0.194,0.361,0.172,8.92,329.57,33.2,12.4,0,0,39.915649,346.97,,1,1,1,1,,2322
54522.5,0.147,-1.025,1.404,-0.653,0.367,0.211,8.879,329.77,34.12,12,0,0,41.021746,346.77,,1,1,1,1,,2322.5
54523,0.184,-0.998,0.717,-1.039,0.347,0.207,8.937,329.77,34.12,12,0,0,41.021746,346.77,,1,1,1,1,,2323
54523.5,0.182,-0.882,-0.029,-1.275,0.273,0.189,9.131,329.87,32.28,14.7,0,0,38.809553,349.57,,1,1,1,1,,2323.5
54524,0.146,-0.696,-0.743,-1.366,0.182,0.132,9.366,329.87,32.28,14.7,0,0,38.809553,349.57,,1,1,1,1,,2324
54524.5,0.089,-0.461,-1.346,-1.282,0.065,0.067,9.684,329.97,32.28,11,0,0,38.809553,345.97,,1,1,1,1,,2324.5
54525,0.022,-0.213,-1.772,-1.068,-0.014,0.018,9.929,329.97,32.28,11,0,0,38.809553,345.97,,1,1,1,1,,2325
54525.5,-0.038,0.025,-1.984,-0.74,-0.118,0.009,10.202,329.97,32.28,13.4,0,0,38.809553,348.37,,1,1,1,1,,2325.5
54526,-0.083,0.225,-1.971,-0.367,-0.16,-0.004,10.342,329.97,32.28,13.4,0,0,38.809553,348.37,,1,1,1,1,,2326
54526.5,-0.102,0.376,-1.753,0.022,-0.207,-0.031,10.475,329.97,34.12,11.9,0,0,41.021746,346.87,,1,1,1,1,,2326.5
54527,-0.091,0.461,-1.365,0.376,-0.19,-0.032,10.458,329.97,34.12,11.9,0,0,41.021746,346.87,,1,1,1,1,,2327
54527.5,-0.051,0.481,-0.864,0.665,-0.197,-0.033,10.448,329.97,33.2,13.9,0,0,39.915649,348.87,,1,1,1,1,,2327.5
54528,0.016,0.435,-0.304,0.875,-0.163,-0.043,10.349,329.97,33.2,13.9,0,0,39.915649,348.87,,1,1,1,1,,2328
54528.5,0.099,0.332,0.255,0.987,-0.124,-0.051,10.241,329.87,35.04,13.1,0,0,42.127842,347.97,,1,1,1,1,,2328.5
54529,0.192,0.178,0.763,1.013,-0.074,-0.066,10.094,329.87,35.04,13.1,0,0,42.127842,347.97,,1,1,1,1,,2329
54529.5,0.283,-0.008,1.176,0.941,-0.02,-0.075,9.934,329.87,34.12,12,0,0,41.021746,346.87,,1,1,1,1,,2329.5
54530,0.363,-0.21,1.462,0.793,0.034,-0.053,9.768,329.87,34.12,12,0,0,41.021746,346.87,,1,1,1,1,,2330
54530.5,0.419,-0.406,1.597,0.566,0.108,0.017,9.582,329.87,33.2,12.4,0,0,39.915649,347.27,,1,1,1,1,,2330.5
54531,0.448,-0.579,1.572,0.289,0.172,0.07,9.422,329.87,33.2,12.4,0,0,39.915649,347.27,,1,1,1,1,,2331
54531.5,0.451,-0.709,1.388,-0.027,0.226,0.132,9.278,330.07,34.12,11.9,0,0,41.021746,346.97,,1,1,1,1,,2331.5
54532,0.428,-0.78,1.063,-0.337,0.257,0.182,9.213,330.07,34.12,11.9,0,0,41.021746,346.97,,1,1,1,1,,2332
54532.5,0.386,-0.786,0.628,-0.622,0.275,0.196,9.18,330.17,34.12,9.9,0,0,41.021746,345.07,,1,1,1,1,,2332.5
54533,0.325,-0.725,0.128,-0.838,0.248,0.197,9.258,330.17,34.12,9.9,0,0,41.021746,345.07,,1,1,1,1,,2333
54533.5,0.252,-0.607,-0.381,-0.964,0.206,0.193,9.368,330.27,33.2,11.1,0,0,39.915649,346.37,,1,1,1,1,,2333.5
54534,0.166,-0.442,-0.847,-0.983,0.125,0.176,9.556,330.27,33.2,11.1,0,0,39.915649,346.37,,1,1,1,1,,2334
54534.5,0.068,-0.248,-1.216,-0.895,0.05,0.177,9.748,330.37,34.12,11.3,0,0,41.021746,346.67,,1,1,1,1,,2334.5
54535,-0.041,-0.049,-1.452,-0.711,-0.038,0.155,9.97,330.37,34.12,11.3,0,0,41.021746,346.67,,1,1,1,1,,2335
54535.5,-0.153,0.132,-1.526,-0.444,-0.1,0.113,10.153,330.37,33.2,11.2,0,0,39.915649,346.57,,1,1,1,1,,2335.5
54536,-0.264,0.278,-1.432,-0.134,-0.164,0.046,10.318,330.37,33.2,11.2,0,0,39.915649,346.57,,1,1,1,1,,2336
54536.5,-0.365,0.368,-1.179,0.2,-0.206,-0.07,10.433,330.17,33.2,9.9,0,0,39.915649,345.07,,1,1,1,1,,2336.5
54537,-0.447,0.396,-0.793,0.509,-0.199,-0.192,10.456,330.17,33.2,9.9,0,0,39.915649,345.07,,1,1,1,1,,2337
54537.5,-0.493,0.357,-0.318,0.768,-0.196,-0.308,10.436,330.17,31.35,10.7,0,0,37.691434,345.87,,1,1,1,1,,2337.5
54538,-0.501,0.251,0.195,0.938,-0.15,-0.398,10.327,330.17,31.35,10.7,0,0,37.691434,345.87,,1,1,1,1,,2338
54538.5,-0.468,0.096,0.688,1.005,-0.079,-0.424,10.164,330.07,32.28,10.7,0,0,38.809553,345.77,,1,1,1,1,,2338.5
54539,-0.396,-0.091,1.102,0.948,0.014,-0.409,9.93,330.07,32.28,10.7,0,0,38.809553,345.77,,1,1,1,1,,2339
54539.5,-0.295,-0.29,1.388,0.781,0.091,-0.316,9.712,330.07,31.35,12.4,0,0,37.691434,347.47,,1,1,1,1,,2339.5
54540,-0.176,-0.476,1.51,0.513,0.191,-0.153,9.458,330.07,31.35,12.4,0,0,37.691434,347.47,,1,1,1,1,,2340
54540.5,-0.05,-0.623,1.452,0.184,0.231,0.026,9.297,330.17,30.43,11.4,0,0,36.585338,346.57,,1,1,1,1,,2340.5
54541,0.074,-0.716,1.221,-0.166,0.261,0.174,9.171,330.17,30.43,11.4,0,0,36.585338,346.57,,1,1,1,1,,2341
54541.5,0.186,-0.742,0.847,-0.486,0.251,0.29,9.168,330.37,30.43,17.1,0,0,36.585338,352.47,,1,1,1,1,,2341.5
54542,0.276,-0.702,0.383,-0.727,0.204,0.356,9.248,330.37,30.43,17.1,0,0,36.585338,352.47,,1,1,1,1,,2342
54542.5,0.346,-0.605,-0.109,-0.862,0.146,0.336,9.418,330.37,30.43,13.6,0,0,36.585338,348.97,,1,1,1,1,,2342.5
54543,0.388,-0.469,-0.561,-0.868,0.067,0.285,9.631,330.37,30.43,13.6,0,0,36.585338,348.97,,1,1,1,1,,2343
54543.5,0.405,-0.314,-0.917,-0.768,0.001,0.251,9.84,330.47,31.35,10.4,0,0,37.691434,345.87,,1,1,1,1,,2343.5
54544,0.405,-0.162,-1.139,-0.572,-0.056,0.18,10.037,330.47,31.35,10.4,0,0,37.691434,345.87,,1,1,1,1,,2344
54544.5,0.392,-0.034,-1.21,-0.334,-0.077,0.113,10.151,330.37,29.33,8,0,0,35.262831,343.37,,1,1,1,1,,2344.5
54545,0.374,0.061,-1.136,-0.072,-0.095,0.058,10.24,330.37,29.33,8,0,0,35.262831,343.37,,1,1,1,1,,2345
54545.5,0.357,0.113,-0.941,0.155,-0.075,-0.026,10.216,330.27,29.33,10.5,0,0,35.262831,345.77,,1,1,1,1,,2345.5
54546,0.346,0.125,-0.665,0.335,-0.06,-0.114,10.178,330.27,29.33,10.5,0,0,35.262831,345.77,,1,1,1,1,,2346
54546.5,0.344,0.101,-0.353,0.438,-0.018,-0.176,10.051,330.17,29.33,9,0,0,35.262831,344.17,,1,1,1,1,,2346.5
54547,0.352,0.054,-0.05,0.469,-0.001,-0.17,9.956,330.17,29.33,9,0,0,35.262831,344.17,,1,1,1,1,,2347
54547.5,0.37,-0.01,0.209,0.429,0.049,-0.103,9.802,330.17,28.4,9.3,0,0,34.144712,344.47,,1,1,1,1,,2347.5
54548,0.396,-0.076,0.395,0.333,0.059,0.026,9.718,330.17,28.4,9.3,0,0,34.144712,344.47,,1,1,1,1,,2348
54548.5,0.427,-0.134,0.496,0.206,0.088,0.174,9.619,330.17,29.33,8.1,0,0,35.262831,343.27,,1,1,1,1,,2348.5
54549,0.456,-0.175,0.512,0.065,0.103,0.296,9.583,330.17,29.33,8.1,0,0,35.262831,343.27,,1,1,1,1,,2349
54549.5,0.478,-0.195,0.458,-0.054,0.089,0.318,9.598,330.17,31.35,7,0,0,37.691434,342.17,,1,1,1,1,,2349.5
54550,0.489,-0.198,0.356,-0.14,0.072,0.286,9.661,330.17,31.35,7,0,0,37.691434,342.17,,1,1,1,1,,2350
54550.5,0.483,-0.187,0.24,-0.158,0.028,0.185,9.774,330.27,32.28,6.8,0,0,38.809553,342.07,,1,1,1,1,,2350.5
54551,0.453,-0.169,0.142,-0.121,-0.024,0.053,9.903,330.27,32.28,6.8,0,0,38.809553,342.07,,1,1,1,1,,2351
54551.5,0.398,-0.163,0.089,-0.02,-0.067,-0.067,10.037,330.17,32.28,6.9,0,0,38.809553,342.07,,1,1,1,1,,2351.5
54552,0.322,-0.17,0.096,0.103,-0.076,-0.075,10.102,330.17,32.28,6.9,0,0,38.809553,342.07,,1,1,1,1,,2352
54552.5,0.224,-0.201,0.162,0.241,-0.085,-0.074,10.169,330.17,32.28,7,0,0,38.809553,342.17,,1,1,1,1,,2352.5
54553,0.118,-0.258,0.273,0.344,-0.041,-0.064,10.098,330.17,32.28,7,0,0,38.809553,342.17,,1,1,1,1,,2353
54553.5,0.004,-0.337,0.402,0.404,-0.02,-0.031,10.057,330.17,32.28,5.8,0,0,38.809553,340.97,,1,1,1,1,,2353.5
54554,-0.109,-0.433,0.518,0.386,0.068,-0.007,9.852,330.17,32.28,5.8,0,0,38.809553,340.97,,1,1,1,1,,2354
54554.5,-0.208,-0.525,0.576,0.268,0.126,0.015,9.667,330.27,31.35,3.9,0,0,37.691434,339.17,,1,1,1,1,,2354.5
54555,-0.283,-0.599,0.542,0.064,0.207,0.057,9.426,330.27,31.35,3.9,0,0,37.691434,339.17,,1,1,1,1,,2355
54555.5,-0.329,-0.629,0.389,-0.217,0.261,0.084,9.244,330.37,29.33,5.2,0,0,35.262831,340.57,,1,1,1,1,,2355.5
54556,-0.334,-0.607,0.119,-0.498,0.265,0.081,9.165,330.37,29.33,5.2,0,0,35.262831,340.57,,1,1,1,1,,2356
54556.5,-0.304,-0.526,-0.24,-0.752,0.249,0.042,9.174,330.37,29.33,5.8,0,0,35.262831,341.17,,1,1,1,1,,2356.5
54557,-0.246,-0.39,-0.638,-0.894,0.163,-0.015,9.349,330.37,29.33,5.8,0,0,35.262831,341.17,,1,1,1,1,,2357
54557.5,-0.166,-0.214,-1.01,-0.923,0.087,-0.085,9.544,330.27,29.33,357,0,0,35.262831,332.27,,1,1,1,1,,2357.5
54558,-0.073,-0.019,-1.29,-0.797,-0.036,-0.118,9.862,330.27,29.33,357,0,0,35.262831,332.27,,1,1,1,1,,2358
54558.5,0.016,0.164,-1.425,-0.56,-0.109,-0.145,10.095,330.07,30.43,1.9,0,0,36.585338,336.97,,1,1,1,1,,2358.5
54559,0.102,0.315,-1.384,-0.222,-0.203,-0.152,10.377,330.07,30.43,1.9,0,0,36.585338,336.97,,1,1,1,1,,2359
54559.5,0.184,0.407,-1.159,0.151,-0.213,-0.137,10.478,329.97,31.35,7.7,0,0,37.691434,342.67,,1,1,1,1,,2359.5
54560,0.252,0.436,-0.778,0.515,-0.252,-0.069,10.588,329.97,31.35,7.7,0,0,37.691434,342.67,,1,1,1,1,,2360
54560.5,0.306,0.387,-0.279,0.826,-0.219,0.004,10.537,330.07,31.35,7.6,0,0,37.691434,342.67,,1,1,1,1,,2360.5
54561,0.344,0.272,0.271,1.03,-0.17,0.065,10.422,330.07,31.35,7.6,0,0,37.691434,342.67,,1,1,1,1,,2361
54561.5,0.37,0.098,0.811,1.125,-0.096,0.143,10.23,330.07,32.28,7.3,0,0,38.809553,342.37,,1,1,1,1,,2361.5
54562,0.386,-0.11,1.269,1.071,-0.011,0.179,9.979,330.07,32.28,7.3,0,0,38.809553,342.37,,1,1,1,1,,2362
54562.5,0.393,-0.332,1.593,0.908,0.058,0.2,9.755,330.07,31.35,6.4,0,0,37.691434,341.47,,1,1,1,1,,2362.5
54563,0.398,-0.542,1.741,0.625,0.161,0.199,9.474,330.07,31.35,6.4,0,0,37.691434,341.47,,1,1,1,1,,2363
54563.5,0.408,-0.717,1.695,0.282,0.214,0.138,9.307,330.17,30.43,6.5,0,0,36.585338,341.67,,1,1,1,1,,2363.5
54564,0.429,-0.836,1.46,-0.107,0.291,0.116,9.108,330.17,30.43,6.5,0,0,36.585338,341.67,,1,1,1,1,,2364
54564.5,0.452,-0.886,1.056,-0.482,0.294,0.07,9.072,330.17,30.43,4,0,0,36.585338,339.17,,1,1,1,1,,2364.5
54565,0.484,-0.86,0.53,-0.809,0.303,0.054,9.056,330.17,30.43,4,0,0,36.585338,339.17,,1,1,1,1,,2365
54565.5,0.516,-0.761,-0.061,-1.039,0.25,0.048,9.196,330.17,30.43,4.7,0,0,36.585338,339.87,,1,1,1,1,,2365.5
54566,0.545,-0.604,-0.644,-1.146,0.196,0.095,9.356,330.17,30.43,4.7,0,0,36.585338,339.87,,1,1,1,1,,2366
54566.5,0.564,-0.407,-1.155,-1.126,0.11,0.115,9.594,330.17,31.35,6.3,0,0,37.691434,341.47,,1,1,1,1,,2366.5
54567,0.564,-0.195,-1.535,-0.976,0.033,0.167,9.827,330.17,31.35,6.3,0,0,37.691434,341.47,,1,1,1,1,,2367
54567.5,0.539,0.014,-1.746,-0.73,-0.052,0.207,10.06,330.07,33.2,5.7,0,0,39.915649,340.77,,1,1,1,1,,2367.5
54568,0.482,0.197,-1.766,-0.406,-0.126,0.215,10.258,330.07,33.2,5.7,0,0,39.915649,340.77,,1,1,1,1,,2368
54568.5,0.4,0.335,-1.598,-0.054,-0.17,0.157,10.386,330.07,33.2,5.4,0,0,39.915649,340.47,,1,1,1,1,,2368.5
54569,0.296,0.416,-1.264,0.307,-0.217,0.078,10.492,330.07,33.2,5.4,0,0,39.915649,340.47,,1,1,1,1,,2369
54569.5,0.18,0.435,-0.8,0.625,-0.222,-0.027,10.491,329.97,33.2,4.8,0,0,39.915649,339.77,,1,1,1,1,,2369.5
54570,0.068,0.389,-0.255,0.884,-0.22,-0.105,10.465,329.97,33.2,4.8,0,0,39.915649,339.77,,1,1,1,1,,2370
54570.5,-0.03,0.284,0.315,1.044,-0.163,-0.155,10.322,329.97,33.2,4.6,0,0,39.915649,339.57,,1,1,1,1,,2370.5
54571,-0.111,0.133,0.848,1.103,-0.121,-0.126,10.196,329.97,33.2,4.6,0,0,39.915649,339.57,,1,1,1,1,,2371
54571.5,-0.167,-0.053,1.295,1.047,-0.021,-0.11,9.97,329.87,32.28,3.3,0,0,38.809553,338.17,,1,1,1,1,,2371.5
54572,-0.202,-0.25,1.608,0.889,0.049,-0.11,9.778,329.87,32.28,3.3,0,0,38.809553,338.17,,1,1,1,1,,2372
54572.5,-0.207,-0.446,1.759,0.644,0.128,-0.1,9.556,329.87,30.43,2.3,0,0,36.585338,337.17,,1,1,1,1,,2372.5
54573,-0.191,-0.615,1.73,0.331,0.189,-0.033,9.386,329.87,30.43,2.3,0,0,36.585338,337.17,,1,1,1,1,,2373
54573.5,-0.155,-0.745,1.527,-0.012,0.251,-0.017,9.232,329.97,30.43,3.7,0,0,36.585338,338.67,,1,1,1,1,,2373.5
54574,-0.111,-0.82,1.167,-0.361,0.278,-0.004,9.144,329.97,30.43,3.7,0,0,36.585338,338.67,,1,1,1,1,,2374
54574.5,-0.063,-0.834,0.687,-0.672,0.279,0.009,9.128,329.97,30.43,1.5,0,0,36.585338,336.47,,1,1,1,1,,2374.5
54575,-0.021,-0.782,0.134,-0.918,0.248,0.048,9.189,329.97,30.43,1.5,0,0,36.585338,336.47,,1,1,1,1,,2375
54575.5,0.012,-0.673,-0.432,-1.058,0.189,0.057,9.335,329.97,32.28,3.6,0,0,38.809553,338.57,,1,1,1,1,,2375.5
54576,0.025,-0.52,-0.952,-1.092,0.135,0.035,9.496,329.97,32.28,3.6,0,0,38.809553,338.57,,1,1,1,1,,2376
54576.5,0.022,-0.338,-1.371,-1.003,0.048,0.031,9.73,329.97,31.35,1.3,0,0,37.691434,336.27,,1,1,1,1,,2376.5
54577,0.002,-0.148,-1.644,-0.816,-0.027,0.037,9.934,329.97,31.35,1.3,0,0,37.691434,336.27,,1,1,1,1,,2377
54577.5,-0.029,0.031,-1.746,-0.544,-0.097,0.025,10.146,329.97,33.2,0.7,0,0,39.915649,335.67,,1,1,1,1,,2377.5
54578,-0.068,0.18,-1.67,-0.231,-0.126,0.041,10.266,329.97,33.2,0.7,0,0,39.915649,335.67,,1,1,1,1,,2378
54578.5,-0.107,0.289,-1.433,0.091,-0.159,0.061,10.368,329.87,31.35,1.5,0,0,37.691434,336.37,,1,1,1,1,,2378.5
54579,-0.139,0.349,-1.062,0.386,-0.157,0.057,10.379,329.87,31.35,1.5,0,0,37.691434,336.37,,1,1,1,1,,2379
54579.5,-0.155,0.36,-0.605,0.624,-0.141,0.075,10.347,329.87,31.35,1.6,0,0,37.691434,336.47,,1,1,1,1,,2379.5
54580,-0.147,0.32,-0.109,0.79,-0.113,0.065,10.262,329.87,31.35,1.6,0,0,37.691434,336.47,,1,1,1,1,,2380
54580.5,-0.116,0.24,0.374,0.866,-0.071,0.017,10.139,329.77,30.43,1.9,0,0,36.585338,336.67,,1,1,1,1,,2380.5
54581,-0.064,0.129,0.799,0.865,-0.036,-0.046,10.014,329.77,30.43,1.9,0,0,36.585338,336.67,,1,1,1,1,,2381
54581.5,0.008,-0.006,1.134,0.784,0.009,-0.127,9.871,329.67,29.33,2.4,0,0,35.262831,337.07,,1,1,1,1,,2381.5
54582,0.088,-0.15,1.352,0.647,0.044,-0.169,9.758,329.67,29.33,2.4,0,0,35.262831,337.07,,1,1,1,1,,2382
54582.5,0.171,-0.291,1.444,0.461,0.093,-0.203,9.629,329.47,30.43,2.2,0,0,36.585338,336.67,,1,1,1,1,,2382.5
54583,0.249,-0.422,1.409,0.252,0.114,-0.165,9.548,329.47,30.43,2.2,0,0,36.585338,336.67,,1,1,1,1,,2383
54583.5,0.321,-0.533,1.259,0.033,0.132,-0.093,9.482,329.47,29.33,5.3,0,0,35.262831,339.77,,1,1,1,1,,2383.5
54584,0.377,-0.616,1.01,-0.176,0.148,-0.017,9.454,329.47,29.33,5.3,0,0,35.262831,339.77,,1,1,1,1,,2384
54584.5,0.42,-0.664,0.69,-0.361,0.163,0.036,9.434,329.57,31.35,5.4,0,0,37.691434,339.97,,1,1,1,1,,2384.5
54585,0.448,-0.673,0.328,-0.507,0.145,0.127,9.474,329.57,31.35,5.4,0,0,37.691434,339.97,,1,1,1,1,,2385
54585.5,0.463,-0.647,-0.044,-0.605,0.137,0.222,9.518,329.47,30.43,3.6,0,0,36.585338,338.07,,1,1,1,1,,2385.5
54586,0.455,-0.584,-0.396,-0.647,0.119,0.299,9.602,329.47,30.43,3.6,0,0,36.585338,338.07,,1,1,1,1,,2386
54586.5,0.422,-0.495,-0.696,-0.626,0.096,0.395,9.699,329.57,29.33,2.7,0,0,35.262831,337.27,,1,1,1,1,,2386.5
54587,0.358,-0.384,-0.922,-0.557,0.063,0.342,9.806,329.57,29.33,2.7,0,0,35.262831,337.27,,1,1,1,1,,2387
54587.5,0.263,-0.265,-1.058,-0.438,0.03,0.243,9.904,329.57,29.33,6.4,0,0,35.262831,340.97,,1,1,1,1,,2387.5
54588,0.148,-0.147,-1.097,-0.291,-0.007,0.143,9.99,329.57,29.33,6.4,0,0,35.262831,340.97,,1,1,1,1,,2388
54588.5,0.021,-0.039,-1.039,-0.122,-0.044,-0.011,10.061,329.57,30.43,9.6,0,0,36.585338,344.17,,1,1,1,1,,2388.5
54589,-0.101,0.052,-0.897,0.043,-0.06,-0.132,10.086,329.57,30.43,9.6,0,0,36.585338,344.17,,1,1,1,1,,2389
54589.5,-0.195,0.117,-0.688,0.194,-0.075,-0.184,10.101,329.47,31.35,7.3,0,0,37.691434,341.77,,1,1,1,1,,2389.5
54590,-0.258,0.15,-0.435,0.312,-0.076,-0.214,10.074,329.47,31.35,7.3,0,0,37.691434,341.77,,1,1,1,1,,2390
54590.5,-0.274,0.154,-0.166,0.393,-0.065,-0.238,10.033,329.37,31.35,7.6,0,0,37.691434,341.97,,1,1,1,1,,2390.5
54591,-0.254,0.125,0.094,0.427,-0.042,-0.177,9.955,329.37,31.35,7.6,0,0,37.691434,341.97,,1,1,1,1,,2391
54591.5,-0.203,0.076,0.323,0.424,-0.037,-0.131,9.911,329.17,30.43,9,0,0,36.585338,343.17,,1,1,1,1,,2391.5
54592,-0.129,0.005,0.504,0.385,-0.009,-0.103,9.841,329.17,30.43,9,0,0,36.585338,343.17,,1,1,1,1,,2392
54592.5,-0.049,-0.076,0.628,0.322,0.014,-0.03,9.799,329.07,31.35,9.9,0,0,37.691434,343.97,,1,1,1,1,,2392.5
54593,0.024,-0.167,0.692,0.241,0.044,0.086,9.741,329.07,31.35,9.9,0,0,37.691434,343.97,,1,1,1,1,,2393
54593.5,0.08,-0.254,0.695,0.145,0.061,0.115,9.713,329.07,30.43,8.3,0,0,36.585338,342.37,,1,1,1,1,,2393.5
54594,0.108,-0.335,0.643,0.048,0.095,0.117,9.672,329.07,30.43,8.3,0,0,36.585338,342.37,,1,1,1,1,,2394
54594.5,0.104,-0.401,0.542,-0.052,0.113,0.128,9.649,329.07,31.35,5.1,0,0,37.691434,339.17,,1,1,1,1,,2394.5
54595,0.074,-0.45,0.404,-0.139,0.111,0.093,9.644,329.07,31.35,5.1,0,0,37.691434,339.17,,1,1,1,1,,2395
54595.5,0.019,-0.478,0.24,-0.222,0.119,0.062,9.63,329.07,29.33,4.8,0,0,35.262831,338.87,,1,1,1,1,,2395.5
54596,-0.044,-0.478,0.062,-0.282,0.113,0.039,9.649,329.07,29.33,4.8,0,0,35.262831,338.87,,1,1,1,1,,2396
54596.5,-0.109,-0.448,-0.116,-0.329,0.113,-0.011,9.65,329.07,29.33,3.9,0,0,35.262831,337.97,,1,1,1,1,,2396.5
54597,-0.162,-0.395,-0.283,-0.347,0.089,-0.074,9.699,329.07,29.33,3.9,0,0,35.262831,337.97,,1,1,1,1,,2397
54597.5,-0.195,-0.319,-0.424,-0.339,0.068,-0.151,9.739,329.07,30.43,3.5,0,0,36.585338,337.57,,1,1,1,1,,2397.5
54598,-0.206,-0.226,-0.527,-0.296,0.033,-0.155,9.82,329.07,30.43,3.5,0,0,36.585338,337.57,,1,1,1,1,,2398
54598.5,-0.193,-0.129,-0.579,-0.217,0.007,-0.149,9.892,328.97,29.33,2.9,0,0,35.262831,336.87,,1,1,1,1,,2398.5
54599,-0.16,-0.036,-0.57,-0.102,-0.04,-0.091,10.001,328.97,29.33,2.9,0,0,35.262831,336.87,,1,1,1,1,,2399
54599.5,-0.12,0.039,-0.493,0.04,-0.071,-0.035,10.078,328.87,30.43,2.8,0,0,36.585338,336.67,,1,1,1,1,,2399.5
54600,-0.073,0.087,-0.351,0.189,-0.088,-0.004,10.135,328.87,30.43,2.8,0,0,36.585338,336.67,,1,1,1,1,,2400
54600.5,-0.03,0.101,-0.156,0.33,-0.095,0.048,10.144,328.87,30.43,3.6,0,0,36.585338,337.47,,1,1,1,1,,2400.5
54601,0.007,0.075,0.071,0.435,-0.083,0.081,10.115,328.87,30.43,3.6,0,0,36.585338,337.47,,1,1,1,1,,2401
54601.5,0.033,0.014,0.304,0.494,-0.051,0.103,10.041,328.77,31.35,5.1,0,0,37.691434,338.87,,1,1,1,1,,2401.5
54602,0.046,-0.079,0.512,0.491,-0.018,0.12,9.931,328.77,31.35,5.1,0,0,37.691434,338.87,,1,1,1,1,,2402
54602.5,0.055,-0.189,0.667,0.425,0.018,0.077,9.806,328.67,30.43,2.8,0,0,36.585338,336.47,,1,1,1,1,,2402.5
54603,0.056,-0.304,0.743,0.294,0.074,0.026,9.654,328.67,30.43,2.8,0,0,36.585338,336.47,,1,1,1,1,,2403
54603.5,0.058,-0.407,0.725,0.121,0.108,-0.025,9.547,328.57,31.35,3.9,0,0,37.691434,337.47,,1,1,1,1,,2403.5
54604,0.06,-0.484,0.612,-0.077,0.145,-0.088,9.452,328.57,31.35,3.9,0,0,37.691434,337.47,,1,1,1,1,,2404
54604.5,0.063,-0.524,0.414,-0.269,0.155,-0.118,9.425,328.57,30.43,3.8,0,0,36.585338,337.37,,1,1,1,1,,2404.5
54605,0.069,-0.523,0.155,-0.433,0.158,-0.107,9.432,328.57,30.43,3.8,0,0,36.585338,337.37,,1,1,1,1,,2405
54605.5,0.083,-0.481,-0.136,-0.552,0.153,-0.101,9.48,328.57,30.43,4.9,0,0,36.585338,338.47,,1,1,1,1,,2405.5
54606,0.097,-0.399,-0.425,-0.612,0.139,-0.068,9.557,328.57,30.43,4.9,0,0,36.585338,338.47,,1,1,1,1,,2406
54606.5,0.118,-0.286,-0.678,-0.6,0.088,0.012,9.697,328.47,30.43,5.2,0,0,36.585338,338.67,,1,1,1,1,,2406.5
54607,0.131,-0.16,-0.862,-0.515,0.035,0.061,9.844,328.47,30.43,5.2,0,0,36.585338,338.67,,1,1,1,1,,2407
54607.5,0.129,-0.033,-0.953,-0.37,-0.001,0.117,9.972,328.57,30.43,4.9,0,0,36.585338,338.47,,1,1,1,1,,2407.5
54608,0.106,0.079,-0.938,-0.182,-0.057,0.184,10.09,328.57,30.43,4.9,0,0,36.585338,338.47,,1,1,1,1,,2408
54608.5,0.058,0.166,-0.818,0.025,-0.099,0.207,10.171,328.57,29.33,4.3,0,0,35.262831,337.87,,1,1,1,1,,2408.5
54609,-0.007,0.214,-0.608,0.227,-0.125,0.194,10.214,328.57,29.33,4.3,0,0,35.262831,337.87,,1,1,1,1,,2409
54609.5,-0.089,0.221,-0.328,0.408,-0.13,0.157,10.218,328.47,30.43,4.9,0,0,36.585338,338.37,,1,1,1,1,,2409.5
54610,-0.175,0.185,-0.009,0.546,-0.12,0.113,10.184,328.47,30.43,4.9,0,0,36.585338,338.37,,1,1,1,1,,2410
54610.5,-0.25,0.111,0.317,0.631,-0.092,-0.005,10.115,328.37,29.33,4.7,0,0,35.262831,338.07,,1,1,1,1,,2410.5
54611,-0.3,0.005,0.615,0.648,-0.042,-0.122,9.998,328.37,29.33,4.7,0,0,35.262831,338.07,,1,1,1,1,,2411
54611.5,-0.325,-0.117,0.854,0.597,0.006,-0.199,9.876,328.17,29.33,3.4,0,0,35.262831,336.57,,1,1,1,1,,2411.5
54612,-0.315,-0.244,1.007,0.481,0.06,-0.262,9.735,328.17,29.33,3.4,0,0,35.262831,336.57,,1,1,1,1,,2412
54612.5,-0.275,-0.361,1.056,0.313,0.105,-0.307,9.615,328.17,28.4,5.8,0,0,34.144712,338.97,,1,1,1,1,,2412.5
54613,-0.211,-0.457,0.998,0.12,0.139,-0.314,9.523,328.17,28.4,5.8,0,0,34.144712,338.97,,1,1,1,1,,2413
54613.5,-0.132,-0.524,0.841,-0.083,0.158,-0.292,9.466,327.97,29.33,4.5,0,0,35.262831,337.47,,1,1,1,1,,2413.5
54614,-0.042,-0.555,0.602,-0.268,0.162,-0.236,9.448,327.97,29.33,4.5,0,0,35.262831,337.47,,1,1,1,1,,2414
54614.5,0.042,-0.547,0.309,-0.426,0.156,-0.124,9.458,327.97,29.33,4.4,0,0,35.262831,337.37,,1,1,1,1,,2414.5
54615,0.12,-0.504,-0.01,-0.535,0.136,0.015,9.511,327.97,29.33,4.4,0,0,35.262831,337.37,,1,1,1,1,,2415
54615.5,0.189,-0.428,-0.323,-0.596,0.116,0.151,9.575,328.07,28.4,5,0,0,34.144712,338.07,,1,1,1,1,,2415.5
54616,0.238,-0.332,-0.6,-0.59,0.071,0.263,9.688,328.07,28.4,5,0,0,34.144712,338.07,,1,1,1,1,,2416
54616.5,0.274,-0.224,-0.813,-0.53,0.032,0.313,9.788,328.27,28.4,3.9,0,0,34.144712,337.17,,1,1,1,1,,2416.5
54617,0.292,-0.121,-0.941,-0.41,-0.027,0.32,9.933,328.27,28.4,3.9,0,0,34.144712,337.17,,1,1,1,1,,2417
54617.5,0.289,-0.029,-0.97,-0.246,-0.061,0.306,10.034,328.27,28.4,5.4,0,0,34.144712,338.67,,1,1,1,1,,2417.5
54618,0.269,0.04,-0.898,-0.056,-0.09,0.204,10.128,328.27,28.4,5.4,0,0,34.144712,338.67,,1,1,1,1,,2418
54618.5,0.235,0.082,-0.732,0.138,-0.097,0.116,10.168,328.17,28.4,3.9,0,0,34.144712,337.07,,1,1,1,1,,2418.5
54619,0.193,0.096,-0.494,0.303,-0.082,0.016,10.154,328.17,28.4,3.9,0,0,34.144712,337.07,,1,1,1,1,,2419
54619.5,0.156,0.078,-0.218,0.419,-0.056,-0.089,10.1,327.97,28.4,4.7,0,0,34.144712,337.67,,1,1,1,1,,2419.5
54620,0.12,0.039,0.061,0.469,-0.009,-0.184,9.983,327.97,28.4,4.7,0,0,34.144712,337.67,,1,1,1,1,,2420
54620.5,0.091,-0.012,0.306,0.449,0.025,-0.221,9.869,327.97,27.48,10.7,0,0,33.038616,343.67,,1,1,1,1,,2420.5
54621,0.07,-0.068,0.488,0.373,0.057,-0.179,9.751,327.97,27.48,10.7,0,0,33.038616,343.67,,1,1,1,1,,2421
54621.5,0.058,-0.116,0.591,0.256,0.076,-0.088,9.673,327.87,27.48,8.6,0,0,33.038616,341.47,,1,1,1,1,,2421.5
54622,0.063,-0.153,0.614,0.127,0.086,-0.018,9.622,327.87,27.48,8.6,0,0,33.038616,341.47,,1,1,1,1,,2422
54622.5,0.077,-0.177,0.565,0.004,0.078,0.059,9.618,327.87,27.48,11.3,0,0,33.038616,344.17,,1,1,1,1,,2422.5
54623,0.1,-0.191,0.464,-0.088,0.055,0.094,9.659,327.87,27.48,11.3,0,0,33.038616,344.17,,1,1,1,1,,2423
54623.5,0.128,-0.199,0.337,-0.145,0.035,0.088,9.712,327.87,29.33,10.7,0,0,35.262831,343.57,,1,1,1,1,,2423.5
54624,0.156,-0.206,0.206,-0.158,0.014,0.059,9.786,327.87,29.33,10.7,0,0,35.262831,343.57,,1,1,1,1,,2424
54624.5,0.172,-0.219,0.094,-0.138,0.001,0.031,9.845,327.87,30.43,7,0,0,36.585338,339.87,,1,1,1,1,,2424.5
54625,0.18,-0.239,0.011,-0.091,-0.012,0.012,9.903,327.87,30.43,7,0,0,36.585338,339.87,,1,1,1,1,,2425
54625.5,0.168,-0.269,-0.036,-0.041,0.003,-0.015,9.908,327.77,29.33,8.1,0,0,35.262831,340.87,,1,1,1,1,,2425.5
54626,0.142,-0.3,-0.053,0.006,0.014,0,9.91,327.77,29.33,8.1,0,0,35.262831,340.87,,1,1,1,1,,2426
54626.5,0.096,-0.335,-0.05,0.03,0.04,-0.002,9.862,327.87,28.4,8.9,0,0,34.144712,341.77,,1,1,1,1,,2426.5
54627,0.027,-0.362,-0.043,0.026,0.064,-0.011,9.808,327.87,28.4,8.9,0,0,34.144712,341.77,,1,1,1,1,,2427
54627.5,-0.054,-0.374,-0.045,-0.008,0.088,0.01,9.738,327.87,28.4,11.9,0,0,34.144712,344.77,,1,1,1,1,,2427.5
54628,-0.15,-0.366,-0.069,-0.067,0.106,-0.007,9.679,327.87,28.4,11.9,0,0,34.144712,344.77,,1,1,1,1,,2428
54628.5,-0.252,-0.332,-0.119,-0.138,0.116,-0.024,9.636,327.97,29.33,8.3,0,0,35.262831,341.27,,1,1,1,1,,2428.5
54629,-0.35,-0.271,-0.193,-0.205,0.098,-0.041,9.633,327.97,29.33,8.3,0,0,35.262831,341.27,,1,1,1,1,,2429
54629.5,-0.435,-0.19,-0.28,-0.247,0.064,-0.074,9.676,327.97,29.33,7.2,0,0,35.262831,340.17,,1,1,1,1,,2429.5
54630,-0.498,-0.091,-0.362,-0.254,0.033,-0.088,9.741,327.97,29.33,7.2,0,0,35.262831,340.17,,1,1,1,1,,2430
54630.5,-0.529,0.009,-0.418,-0.211,-0.007,-0.067,9.841,327.97,28.4,4.2,0,0,34.144712,337.17,,1,1,1,1,,2430.5
54631,-0.528,0.097,-0.43,-0.134,-0.035,-0.082,9.919,327.97,28.4,4.2,0,0,34.144712,337.17,,1,1,1,1,,2431
54631.5,-0.497,0.165,-0.391,-0.025,-0.066,-0.098,10.003,327.97,27.48,4.3,0,0,33.038616,337.27,,1,1,1,1,,2431.5
54632,-0.439,0.2,-0.298,0.093,-0.08,-0.079,10.043,327.97,27.48,4.3,0,0,33.038616,337.27,,1,1,1,1,,2432
54632.5,-0.362,0.2,-0.159,0.209,-0.085,-0.083,10.071,327.97,29.33,5.6,0,0,35.262831,338.57,,1,1,1,1,,2432.5
54633,-0.271,0.162,0.011,0.301,-0.062,-0.098,10.037,327.97,29.33,5.6,0,0,35.262831,338.57,,1,1,1,1,,2433
54633.5,-0.177,0.094,0.193,0.362,-0.063,-0.061,10.021,327.87,29.33,1.1,0,0,35.262831,333.97,,1,1,1,1,,2433.5
54634,-0.085,-0.002,0.367,0.39,-0.037,-0.037,9.968,327.87,29.33,1.1,0,0,35.262831,333.97,,1,1,1,1,,2434
54634.5,0.002,-0.113,0.515,0.383,-0.009,-0.023,9.911,327.87,30.43,1.4,0,0,36.585338,334.27,,1,1,1,1,,2434.5
54635,0.07,-0.231,0.624,0.346,0.015,-0.04,9.85,327.87,30.43,1.4,0,0,36.585338,334.27,,1,1,1,1,,2435
54635.5,0.123,-0.349,0.683,0.275,0.043,-0.064,9.783,327.87,30.43,6.9,0,0,36.585338,339.77,,1,1,1,1,,2435.5
54636,0.159,-0.456,0.685,0.177,0.082,-0.079,9.706,327.87,30.43,6.9,0,0,36.585338,339.77,,1,1,1,1,,2436
54636.5,0.178,-0.542,0.624,0.054,0.117,-0.077,9.623,327.87,29.33,9.4,0,0,35.262831,342.27,,1,1,1,1,,2436.5
54637,0.181,-0.594,0.501,-0.084,0.14,-0.05,9.562,327.87,29.33,9.4,0,0,35.262831,342.27,,1,1,1,1,,2437
54637.5,0.168,-0.61,0.32,-0.233,0.167,-0.013,9.498,327.97,28.4,10.7,0,0,34.144712,343.67,,1,1,1,1,,2437.5
54638,0.145,-0.579,0.092,-0.377,0.181,0.052,9.464,327.97,28.4,10.7,0,0,34.144712,343.67,,1,1,1,1,,2438
54638.5,0.118,-0.504,-0.168,-0.5,0.171,0.122,9.466,328.07,29.33,10.2,0,0,35.262831,343.27,,1,1,1,1,,2438.5
54639,0.089,-0.388,-0.437,-0.585,0.149,0.162,9.51,328.07,29.33,10.2,0,0,35.262831,343.27,,1,1,1,1,,2439
54639.5,0.059,-0.239,-0.689,-0.614,0.102,0.177,9.602,328.17,30.43,12.6,0,0,36.585338,345.77,,1,1,1,1,,2439.5
54640,0.03,-0.071,-0.892,-0.572,0.036,0.139,9.746,328.17,30.43,12.6,0,0,36.585338,345.77,,1,1,1,1,,2440
54640.5,0.006,0.092,-1.015,-0.457,-0.029,0.076,9.895,328.27,30.43,10.4,0,0,36.585338,343.67,,1,1,1,1,,2440.5
54641,-0.012,0.238,-1.038,-0.285,-0.087,0.024,10.037,328.27,30.43,10.4,0,0,36.585338,343.67,,1,1,1,1,,2441
54641.5,-0.026,0.351,-0.952,-0.072,-0.137,0.003,10.16,328.27,30.43,12.4,0,0,36.585338,345.67,,1,1,1,1,,2441.5
54642,-0.035,0.419,-0.76,0.156,-0.157,0.006,10.234,328.27,30.43,12.4,0,0,36.585338,345.67,,1,1,1,1,,2442
54642.5,-0.043,0.43,-0.479,0.374,-0.17,0.022,10.276,328.17,29.33,12.3,0,0,35.262831,345.47,,1,1,1,1,,2442.5
54643,-0.052,0.385,-0.138,0.554,-0.155,0.064,10.251,328.17,29.33,12.3,0,0,35.262831,345.47,,1,1,1,1,,2443
54643.5,-0.061,0.289,0.226,0.676,-0.124,0.033,10.192,328.07,29.33,12.6,0,0,35.262831,345.67,,1,1,1,1,,2443.5
54644,-0.073,0.151,0.579,0.736,-0.086,-0.033,10.093,328.07,29.33,12.6,0,0,35.262831,345.67,,1,1,1,1,,2444
54644.5,-0.087,-0.018,0.884,0.728,-0.058,-0.104,10.004,328.07,26.56,9.7,0,0,31.932519,342.77,,1,1,1,1,,2444.5
54645,-0.096,-0.201,1.115,0.662,-0.002,-0.181,9.887,328.07,26.56,9.7,0,0,31.932519,342.77,,1,1,1,1,,2445
54645.5,-0.097,-0.387,1.253,0.54,0.058,-0.229,9.765,327.97,26.56,5.1,0,0,31.932519,338.07,,1,1,1,1,,2445.5
54646,-0.092,-0.557,1.285,0.371,0.11,-0.202,9.643,327.97,26.56,5.1,0,0,31.932519,338.07,,1,1,1,1,,2446
54646.5,-0.085,-0.695,1.204,0.159,0.171,-0.174,9.514,328.07,26.56,13.5,0,0,31.932519,346.57,,1,1,1,1,,2446.5
54647,-0.079,-0.792,1.011,-0.078,0.218,-0.116,9.397,328.07,26.56,13.5,0,0,31.932519,346.57,,1,1,1,1,,2447
54647.5,-0.075,-0.833,0.717,-0.33,0.25,-0.033,9.303,328.17,26.56,9.1,0,0,31.932519,342.27,,1,1,1,1,,2447.5
54648,-0.078,-0.811,0.337,-0.573,0.267,0.037,9.244,328.17,26.56,9.1,0,0,31.932519,342.27,,1,1,1,1,,2448
54648.5,-0.08,-0.727,-0.1,-0.78,0.247,0.108,9.253,328.37,26.56,9.4,0,0,31.932519,342.77,,1,1,1,1,,2448.5
54649,-0.087,-0.584,-0.555,-0.921,0.195,0.171,9.337,328.37,26.56,9.4,0,0,31.932519,342.77,,1,1,1,1,,2449
54649.5,-0.094,-0.391,-0.983,-0.975,0.14,0.199,9.47,328.47,26.56,3.1,0,0,31.932519,336.57,,1,1,1,1,,2449.5
54650,-0.099,-0.17,-1.336,-0.927,0.056,0.191,9.658,328.47,26.56,3.1,0,0,31.932519,336.57,,1,1,1,1,,2450
54650.5,-0.106,0.063,-1.572,-0.772,-0.042,0.147,9.889,328.47,27.48,357.5,0,0,33.038616,330.97,,1,1,1,1,,2450.5
54651,-0.11,0.28,-1.657,-0.524,-0.128,0.028,10.108,328.47,27.48,357.5,0,0,33.038616,330.97,,1,1,1,1,,2451
54651.5,-0.105,0.458,-1.572,-0.206,-0.2,-0.047,10.306,328.37,26.56,351.5,0,0,31.932519,324.87,,1,1,1,1,,2451.5
54652,-0.084,0.579,-1.318,0.145,-0.249,-0.109,10.453,328.37,26.56,351.5,0,0,31.932519,324.87,,1,1,1,1,,2452
54652.5,-0.048,0.625,-0.918,0.485,-0.251,-0.195,10.502,328.37,27.48,2.2,0,0,33.038616,335.57,,1,1,1,1,,2452.5
54653,0.002,0.597,-0.414,0.773,-0.234,-0.196,10.484,328.37,27.48,2.2,0,0,33.038616,335.57,,1,1,1,1,,2453
54653.5,0.061,0.494,0.138,0.973,-0.189,-0.162,10.383,328.37,25.64,358.1,0,0,30.826423,331.47,,1,1,1,1,,2453.5
54654,0.122,0.331,0.677,1.061,-0.113,-0.13,10.213,328.37,25.64,358.1,0,0,30.826423,331.47,,1,1,1,1,,2454
54654.5,0.186,0.123,1.143,1.032,-0.029,-0.056,10.006,328.37,24.71,0.6,0,0,29.708304,333.97,,1,1,1,1,,2454.5
54655,0.247,-0.106,1.486,0.897,0.034,0.021,9.816,328.37,24.71,0.6,0,0,29.708304,333.97,,1,1,1,1,,2455
54655.5,0.305,-0.333,1.676,0.68,0.108,0.063,9.618,328.47,23.79,7.2,0,0,28.602208,340.67,,1,1,1,1,,2455.5
54656,0.354,-0.539,1.697,0.403,0.161,0.111,9.463,328.47,23.79,7.2,0,0,28.602208,340.67,,1,1,1,1,,2456
54656.5,0.396,-0.705,1.556,0.105,0.19,0.174,9.363,328.47,23.79,7.8,0,0,28.602208,341.27,,1,1,1,1,,2456.5
54657,0.428,-0.82,1.272,-0.197,0.231,0.208,9.269,328.47,23.79,7.8,0,0,28.602208,341.27,,1,1,1,1,,2457
54657.5,0.442,-0.871,0.875,-0.468,0.231,0.23,9.265,328.57,24.71,7.1,0,0,29.708304,340.67,,1,1,1,1,,2457.5
54658,0.437,-0.858,0.407,-0.69,0.23,0.219,9.283,328.57,24.71,7.1,0,0,29.708304,340.67,,1,1,1,1,,2458
54658.5,0.411,-0.781,-0.089,-0.841,0.202,0.161,9.375,328.67,23.79,356.2,0,0,28.602208,329.87,,1,1,1,1,,2458.5
54659,0.366,-0.645,-0.563,-0.908,0.171,0.124,9.487,328.67,23.79,356.2,0,0,28.602208,329.87,,1,1,1,1,,2459
54659.5,0.305,-0.468,-0.973,-0.891,0.117,0.085,9.631,328.77,25.64,357.8,0,0,30.826423,331.57,,1,1,1,1,,2459.5
54660,0.229,-0.265,-1.283,-0.792,0.049,0.054,9.787,328.77,25.64,357.8,0,0,30.826423,331.57,,1,1,1,1,,2460
54660.5,0.141,-0.056,-1.469,-0.629,-0.01,0.034,9.934,328.77,24.71,353.3,0,0,29.708304,327.07,,1,1,1,1,,2460.5
54661,0.042,0.141,-1.517,-0.411,-0.07,0.012,10.072,328.77,24.71,353.3,0,0,29.708304,327.07,,1,1,1,1,,2461
54661.5,-0.056,0.308,-1.425,-0.16,-0.124,-0.023,10.186,328.77,23.79,358.2,0,0,28.602208,331.97,,1,1,1,1,,2461.5
54662,-0.146,0.425,-1.205,0.105,-0.174,-0.082,10.278,328.77,23.79,358.2,0,0,28.602208,331.97,,1,1,1,1,,2462
54662.5,-0.223,0.489,-0.877,0.357,-0.202,-0.111,10.323,328.77,24.71,3.4,0,0,29.708304,337.17,,1,1,1,1,,2462.5
54663,-0.28,0.491,-0.475,0.566,-0.182,-0.126,10.291,328.77,24.71,3.4,0,0,29.708304,337.17,,1,1,1,1,,2463
54663.5,-0.32,0.434,-0.039,0.716,-0.157,-0.115,10.231,328.67,26.56,9.6,0,0,31.932519,343.27,,1,1,1,1,,2463.5
54664,-0.34,0.328,0.388,0.793,-0.111,-0.121,10.13,328.67,26.56,9.6,0,0,31.932519,343.27,,1,1,1,1,,2464
54664.5,-0.343,0.184,0.766,0.79,-0.052,-0.123,10.001,328.77,29.33,13,0,0,35.262831,346.77,,1,1,1,1,,2464.5
54665,-0.333,0.016,1.06,0.712,0.011,-0.098,9.857,328.77,29.33,13,0,0,35.262831,346.77,,1,1,1,1,,2465
54665.5,-0.311,-0.157,1.243,0.562,0.074,-0.103,9.703,328.77,30.43,11.8,0,0,36.585338,345.57,,1,1,1,1,,2465.5
54666,-0.28,-0.322,1.299,0.365,0.131,-0.124,9.577,328.77,30.43,11.8,0,0,36.585338,345.57,,1,1,1,1,,2466
54666.5,-0.24,-0.46,1.23,0.138,0.169,-0.081,9.475,328.97,29.33,12.6,0,0,35.262831,346.57,,1,1,1,1,,2466.5
54667,-0.195,-0.561,1.044,-0.091,0.18,-0.046,9.427,328.97,29.33,12.6,0,0,35.262831,346.57,,1,1,1,1,,2467
54667.5,-0.148,-0.618,0.767,-0.299,0.186,-0.009,9.412,329.07,29.33,11.8,0,0,35.262831,345.87,,1,1,1,1,,2467.5
54668,-0.108,-0.627,0.432,-0.462,0.168,0.052,9.451,329.07,29.33,11.8,0,0,35.262831,345.87,,1,1,1,1,,2468
54668.5,-0.072,-0.594,0.076,-0.568,0.139,0.111,9.519,329.07,28.4,3.4,0,0,34.144712,337.47,,1,1,1,1,,2468.5
54669,-0.052,-0.519,-0.266,-0.614,0.106,0.163,9.61,329.07,28.4,3.4,0,0,34.144712,337.47,,1,1,1,1,,2469
54669.5,-0.045,-0.415,-0.562,-0.596,0.07,0.185,9.713,329.07,28.4,1.4,0,0,34.144712,335.47,,1,1,1,1,,2469.5
54670,-0.054,-0.292,-0.786,-0.524,0.029,0.157,9.819,329.07,28.4,1.4,0,0,34.144712,335.47,,1,1,1,1,,2470
54670.5,-0.07,-0.163,-0.923,-0.406,-0.01,0.083,9.923,329.07,28.4,9.7,0,0,34.144712,343.77,,1,1,1,1,,2470.5
54671,-0.087,-0.041,-0.964,-0.262,-0.03,0.003,9.991,329.07,28.4,9.7,0,0,34.144712,343.77,,1,1,1,1,,2471
54671.5,-0.097,0.066,-0.915,-0.106,-0.046,-0.073,10.044,329.07,28.4,10.7,0,0,34.144712,344.77,,1,1,1,1,,2471.5
54672,-0.09,0.146,-0.788,0.042,-0.047,-0.129,10.051,329.07,28.4,10.7,0,0,34.144712,344.77,,1,1,1,1,,2472
54672.5,-0.062,0.2,-0.605,0.164,-0.041,-0.136,10.037,329.07,27.48,8.5,0,0,33.038616,342.57,,1,1,1,1,,2472.5
54673,-0.014,0.225,-0.39,0.253,-0.033,-0.112,10.001,329.07,27.48,8.5,0,0,33.038616,342.57,,1,1,1,1,,2473
54673.5,0.058,0.222,-0.167,0.306,-0.031,-0.09,9.963,329.07,25.64,6.4,0,0,30.826423,340.47,,1,1,1,1,,2473.5
54674,0.142,0.193,0.045,0.333,-0.028,-0.029,9.93,329.07,25.64,6.4,0,0,30.826423,340.47,,1,1,1,1,,2474
54674.5,0.229,0.144,0.235,0.34,-0.026,-0.022,9.913,329.07,26.56,8.8,0,0,31.932519,342.87,,1,1,1,1,,2474.5
54675,0.309,0.076,0.394,0.334,-0.021,-0.023,9.891,329.07,26.56,8.8,0,0,31.932519,342.87,,1,1,1,1,,2475
54675.5,0.372,-0.003,0.519,0.314,-0.012,-0.007,9.869,328.97,29.33,6.2,0,0,35.262831,340.17,,1,1,1,1,,2475.5
54676,0.412,-0.09,0.606,0.278,0.004,0.037,9.841,328.97,29.33,6.2,0,0,35.262831,340.17,,1,1,1,1,,2476
54676.5,0.425,-0.177,0.651,0.225,0.03,0.08,9.796,329.07,29.33,7.5,0,0,35.262831,341.57,,1,1,1,1,,2476.5
54677,0.412,-0.261,0.652,0.16,0.052,0.146,9.764,329.07,29.33,7.5,0,0,35.262831,341.57,,1,1,1,1,,2477
54677.5,0.374,-0.335,0.612,0.091,0.065,0.216,9.741,329.17,30.43,10.7,0,0,36.585338,344.87,,1,1,1,1,,2477.5
54678,0.313,-0.396,0.537,0.024,0.068,0.23,9.737,329.17,30.43,10.7,0,0,36.585338,344.87,,1,1,1,1,,2478
54678.5,0.233,-0.44,0.434,-0.038,0.074,0.214,9.729,329.17,29.33,8.9,0,0,35.262831,343.07,,1,1,1,1,,2478.5
54679,0.145,-0.468,0.312,-0.095,0.079,0.169,9.719,329.17,29.33,8.9,0,0,35.262831,343.07,,1,1,1,1,,2479
54679.5,0.054,-0.478,0.176,-0.152,0.086,0.094,9.696,329.27,29.33,8.1,0,0,35.262831,342.37,,1,1,1,1,,2479.5
54680,-0.032,-0.466,0.031,-0.209,0.103,0.051,9.667,329.27,29.33,8.1,0,0,35.262831,342.37,,1,1,1,1,,2480
54680.5,-0.11,-0.432,-0.122,-0.266,0.107,0.031,9.649,329.27,28.4,7.3,0,0,34.144712,341.57,,1,1,1,1,,2480.5
54681,-0.174,-0.375,-0.276,-0.318,0.108,0.009,9.636,329.27,28.4,7.3,0,0,34.144712,341.57,,1,1,1,1,,2481
54681.5,-0.221,-0.301,-0.427,-0.359,0.107,-0.013,9.636,329.27,27.48,7.7,0,0,33.038616,341.97,,1,1,1,1,,2481.5
54682,-0.254,-0.213,-0.566,-0.384,0.091,-0.035,9.653,329.27,27.48,7.7,0,0,33.038616,341.97,,1,1,1,1,,2482
54682.5,-0.27,-0.112,-0.684,-0.387,0.064,-0.102,9.69,329.17,27.48,6.2,0,0,33.038616,340.37,,1,1,1,1,,2482.5
54683,-0.275,-0.007,-0.77,-0.364,0.042,-0.177,9.737,329.17,27.48,6.2,0,0,33.038616,340.37,,1,1,1,1,,2483
54683.5,-0.272,0.096,-0.814,-0.309,0.012,-0.209,9.804,329.17,27.48,6.7,0,0,33.038616,340.87,,1,1,1,1,,2483.5
54684,-0.267,0.191,-0.806,-0.221,-0.021,-0.212,9.888,329.17,27.48,6.7,0,0,33.038616,340.87,,1,1,1,1,,2484
54684.5,-0.265,0.27,-0.739,-0.101,-0.053,-0.16,9.975,329.07,27.48,4.4,0,0,33.038616,338.47,,1,1,1,1,,2484.5
54685,-0.267,0.323,-0.608,0.047,-0.086,-0.072,10.074,329.07,27.48,4.4,0,0,33.038616,338.47,,1,1,1,1,,2485
54685.5,-0.274,0.34,-0.412,0.214,-0.111,0.016,10.156,329.17,27.48,6.2,0,0,33.038616,340.37,,1,1,1,1,,2485.5
54686,-0.285,0.322,-0.159,0.385,-0.123,0.04,10.212,329.17,27.48,6.2,0,0,33.038616,340.37,,1,1,1,1,,2486
54686.5,-0.297,0.261,0.139,0.544,-0.126,0.062,10.231,329.17,26.56,1.9,0,0,31.932519,336.07,,1,1,1,1,,2486.5
54687,-0.309,0.158,0.458,0.666,-0.117,0.022,10.205,329.17,26.56,1.9,0,0,31.932519,336.07,,1,1,1,1,,2487
54687.5,-0.316,0.02,0.77,0.732,-0.082,-0.018,10.128,329.27,25.64,3.4,0,0,30.826423,337.67,,1,1,1,1,,2487.5
54688,-0.318,-0.143,1.04,0.729,-0.027,-0.031,10.016,329.27,25.64,3.4,0,0,30.826423,337.67,,1,1,1,1,,2488
54688.5,-0.306,-0.315,1.239,0.656,0.035,-0.087,9.87,329.27,25.64,1.5,0,0,30.826423,335.77,,1,1,1,1,,2488.5
54689,-0.278,-0.483,1.339,0.509,0.089,-0.119,9.709,329.27,25.64,1.5,0,0,30.826423,335.77,,1,1,1,1,,2489
54689.5,-0.233,-0.632,1.322,0.301,0.144,-0.085,9.551,329.17,26.56,0.3,0,0,31.932519,334.47,,1,1,1,1,,2489.5
54690,-0.176,-0.745,1.18,0.049,0.196,-0.053,9.407,329.17,26.56,0.3,0,0,31.932519,334.47,,1,1,1,1,,2490
54690.5,-0.105,-0.807,0.917,-0.221,0.226,-0.03,9.308,329.17,26.56,4.7,0,0,31.932519,338.87,,1,1,1,1,,2490.5
54691,-0.028,-0.807,0.553,-0.487,0.249,0.022,9.241,329.17,26.56,4.7,0,0,31.932519,338.87,,1,1,1,1,,2491
54691.5,0.05,-0.748,0.116,-0.718,0.236,0.041,9.247,329.17,28.4,9.1,0,0,34.144712,343.27,,1,1,1,1,,2491.5
54692,0.126,-0.631,-0.355,-0.887,0.212,0.034,9.301,329.17,28.4,9.1,0,0,34.144712,343.27,,1,1,1,1,,2492
54692.5,0.201,-0.472,-0.814,-0.972,0.158,0.07,9.428,329.17,29.33,2.3,0,0,35.262831,336.47,,1,1,1,1,,2492.5
54693,0.268,-0.276,-1.211,-0.958,0.093,0.095,9.599,329.17,29.33,2.3,0,0,35.262831,336.47,,1,1,1,1,,2493
54693.5,0.32,-0.067,-1.503,-0.842,0.018,0.128,9.801,329.17,29.33,5.8,0,0,35.262831,339.97,,1,1,1,1,,2493.5
54694,0.353,0.135,-1.655,-0.63,-0.067,0.165,10.017,329.17,29.33,5.8,0,0,35.262831,339.97,,1,1,1,1,,2494
54694.5,0.366,0.308,-1.644,-0.35,-0.138,0.152,10.201,329.07,29.33,8,0,0,35.262831,342.07,,1,1,1,1,,2494.5
54695,0.356,0.435,-1.47,-0.028,-0.187,0.113,10.346,329.07,29.33,8,0,0,35.262831,342.07,,1,1,1,1,,2495
54695.5,0.327,0.503,-1.147,0.289,-0.197,0.049,10.401,329.17,30.43,3.8,0,0,36.585338,337.97,,1,1,1,1,,2495.5
54696,0.291,0.508,-0.713,0.578,-0.206,0.03,10.431,329.17,30.43,3.8,0,0,36.585338,337.97,,1,1,1,1,,2496
54696.5,0.244,0.448,-0.211,0.791,-0.168,-0.003,10.345,329.17,26.56,4.5,0,0,31.932519,338.67,,1,1,1,1,,2496.5
54697,0.196,0.334,0.3,0.917,-0.115,-0.025,10.237,329.17,26.56,4.5,0,0,31.932519,338.67,,1,1,1,1,,2497
54697.5,0.155,0.176,0.768,0.932,-0.027,0.011,10.04,329.07,25.64,0,0,0,30.826423,334.07,,1,1,1,1,,2497.5
54698,0.123,-0.004,1.141,0.848,0.026,0.038,9.879,329.07,25.64,0,0,0,30.826423,334.07,,1,1,1,1,,2498
54698.5,0.106,-0.187,1.385,0.682,0.094,0.072,9.689,329.07,26.56,5.5,0,0,31.932519,339.57,,1,1,1,1,,2498.5
54699,0.104,-0.358,1.482,0.46,0.125,0.062,9.575,329.07,26.56,5.5,0,0,31.932519,339.57,,1,1,1,1,,2499
54699.5,0.122,-0.505,1.437,0.225,0.151,-0.01,9.488,328.97,26.56,5.7,0,0,31.932519,339.67,,1,1,1,1,,2499.5
54700,0.153,-0.609,1.266,-0.01,0.16,-0.062,9.458,328.97,26.56,5.7,0,0,31.932519,339.67,,1,1,1,1,,2500
54700.5,0.184,-0.672,1.001,-0.206,0.158,-0.07,9.469,329.07,27.48,5.1,0,0,33.038616,339.17,,1,1,1,1,,2500.5
54701,0.203,-0.693,0.675,-0.368,0.145,-0.09,9.494,329.07,27.48,5.1,0,0,33.038616,339.17,,1,1,1,1,,2501
54701.5,0.201,-0.669,0.324,-0.475,0.126,-0.032,9.557,329.07,27.48,5.8,0,0,33.038616,339.87,,1,1,1,1,,2501.5
54702,0.171,-0.611,-0.023,-0.539,0.124,0.056,9.595,329.07,27.48,5.8,0,0,33.038616,339.87,,1,1,1,1,,2502
54702.5,0.109,-0.526,-0.337,-0.55,0.087,0.08,9.689,329.07,28.4,7.4,0,0,34.144712,341.47,,1,1,1,1,,2502.5
54703,0.017,-0.421,-0.597,-0.523,0.079,0.107,9.731,329.07,28.4,7.4,0,0,34.144712,341.47,,1,1,1,1,,2503
54703.5,-0.086,-0.305,-0.792,-0.463,0.045,0.166,9.812,329.17,27.48,9.5,0,0,33.038616,343.67,,1,1,1,1,,2503.5
54704,-0.198,-0.189,-0.915,-0.385,0.036,0.166,9.834,329.17,27.48,9.5,0,0,33.038616,343.67,,1,1,1,1,,2504
54704.5,-0.305,-0.077,-0.97,-0.304,0.026,0.159,9.86,329.17,28.4,7.9,0,0,34.144712,342.07,,1,1,1,1,,2504.5
54705,-0.396,0.022,-0.963,-0.219,0.014,0.144,9.864,329.17,28.4,7.9,0,0,34.144712,342.07,,1,1,1,1,,2505
54705.5,-0.463,0.108,-0.906,-0.139,-0.014,0.035,9.89,329.17,28.4,6,0,0,34.144712,340.17,,1,1,1,1,,2505.5
54706,-0.492,0.177,-0.805,-0.052,-0.037,-0.061,9.921,329.17,28.4,6,0,0,34.144712,340.17,,1,1,1,1,,2506
54706.5,-0.482,0.223,-0.664,0.038,-0.05,-0.171,9.955,329.07,28.4,10.6,0,0,34.144712,344.67,,1,1,1,1,,2506.5
54707,-0.433,0.246,-0.488,0.145,-0.081,-0.278,10.022,329.07,28.4,10.6,0,0,34.144712,344.67,,1,1,1,1,,2507
54707.5,-0.355,0.24,-0.279,0.253,-0.087,-0.316,10.055,328.97,28.4,9.8,0,0,34.144712,343.77,,1,1,1,1,,2507.5
54708,-0.256,0.203,-0.045,0.362,-0.095,-0.304,10.095,328.97,28.4,9.8,0,0,34.144712,343.77,,1,1,1,1,,2508
54708.5,-0.148,0.136,0.204,0.449,-0.07,-0.303,10.074,328.77,29.33,9.1,0,0,35.262831,342.87,,1,1,1,1,,2508.5
54709,-0.04,0.042,0.447,0.504,-0.044,-0.256,10.042,328.77,29.33,9.1,0,0,35.262831,342.87,,1,1,1,1,,2509
54709.5,0.058,-0.073,0.665,0.513,0.005,-0.119,9.959,328.77,28.4,9.2,0,0,34.144712,342.97,,1,1,1,1,,2509.5
54710,0.14,-0.196,0.834,0.474,0.04,-0.005,9.883,328.77,28.4,9.2,0,0,34.144712,342.97,,1,1,1,1,,2510
54710.5,0.2,-0.317,0.937,0.382,0.105,0.118,9.751,328.87,27.48,9.2,0,0,33.038616,343.07,,1,1,1,1,,2510.5
54711,0.235,-0.422,0.955,0.24,0.15,0.266,9.634,328.87,27.48,9.2,0,0,33.038616,343.07,,1,1,1,1,,2511
54711.5,0.245,-0.501,0.885,0.076,0.162,0.309,9.563,328.97,27.48,10.9,0,0,33.038616,344.87,,1,1,1,1,,2511.5
54712,0.238,-0.545,0.732,-0.096,0.162,0.291,9.524,328.97,27.48,10.9,0,0,33.038616,344.87,,1,1,1,1,,2512
54712.5,0.215,-0.551,0.517,-0.238,0.142,0.268,9.538,329.07,27.48,10.8,0,0,33.038616,344.87,,1,1,1,1,,2512.5
54713,0.184,-0.521,0.267,-0.345,0.108,0.187,9.581,329.07,27.48,10.8,0,0,33.038616,344.87,,1,1,1,1,,2513
54713.5,0.15,-0.462,0.011,-0.395,0.064,0.091,9.67,329.17,27.48,5,0,0,33.038616,339.17,,1,1,1,1,,2513.5
54714,0.118,-0.381,-0.219,-0.393,0.039,-0.007,9.75,329.17,27.48,5,0,0,33.038616,339.17,,1,1,1,1,,2514
54714.5,0.098,-0.294,-0.398,-0.335,-0.012,-0.081,9.875,329.07,27.48,5.2,0,0,33.038616,339.27,,1,1,1,1,,2514.5
54715,0.097,-0.213,-0.509,-0.239,-0.033,-0.147,9.943,329.07,27.48,5.2,0,0,33.038616,339.27,,1,1,1,1,,2515
54715.5,0.119,-0.149,-0.549,-0.128,-0.045,-0.154,10.001,328.87,27.48,4.2,0,0,33.038616,338.07,,1,1,1,1,,2515.5
54716,0.155,-0.109,-0.522,-0.016,-0.03,-0.119,10.001,328.87,27.48,4.2,0,0,33.038616,338.07,,1,1,1,1,,2516
54716.5,0.202,-0.095,-0.444,0.072,-0.016,-0.083,9.982,328.87,25.64,4.5,0,0,30.826423,338.37,,1,1,1,1,,2516.5
54717,0.255,-0.107,-0.338,0.127,-0.005,-0.004,9.921,328.87,25.64,4.5,0,0,30.826423,338.37,,1,1,1,1,,2517
54717.5,0.308,-0.137,-0.231,0.122,0.031,0.05,9.807,328.77,27.48,11.6,0,0,33.038616,345.37,,1,1,1,1,,2517.5
54718,0.354,-0.171,-0.149,0.072,0.069,0.125,9.703,328.77,27.48,11.6,0,0,33.038616,345.37,,1,1,1,1,,2518
54718.5,0.385,-0.196,-0.112,-0.027,0.105,0.214,9.592,328.77,28.4,10,0,0,34.144712,343.77,,1,1,1,1,,2518.5
54719,0.397,-0.207,-0.128,-0.137,0.104,0.247,9.56,328.77,28.4,10,0,0,34.144712,343.77,,1,1,1,1,,2519
54719.5,0.382,-0.191,-0.193,-0.251,0.124,0.29,9.517,328.87,28.4,3.9,0,0,34.144712,337.77,,1,1,1,1,,2519.5
54720,0.343,-0.147,-0.291,-0.325,0.102,0.306,9.595,328.87,28.4,3.9,0,0,34.144712,337.77,,1,1,1,1,,2520
54720.5,0.275,-0.081,-0.391,-0.345,0.08,0.228,9.674,328.87,29.33,6.5,0,0,35.262831,340.37,,1,1,1,1,,2520.5
54721,0.186,0.001,-0.464,-0.293,0.014,0.1,9.848,328.87,29.33,6.5,0,0,35.262831,340.37,,1,1,1,1,,2521
54721.5,0.082,0.082,-0.478,-0.168,-0.044,-0.102,10.009,328.77,28.4,4.4,0,0,34.144712,338.17,,1,1,1,1,,2521.5
54722,-0.02,0.15,-0.41,0.009,-0.072,-0.194,10.136,328.77,28.4,4.4,0,0,34.144712,338.17,,1,1,1,1,,2522
54722.5,-0.11,0.19,-0.256,0.22,-0.109,-0.262,10.269,328.77,27.48,4.3,0,0,33.038616,338.07,,1,1,1,1,,2522.5
54723,-0.174,0.186,-0.016,0.439,-0.111,-0.337,10.301,328.77,27.48,4.3,0,0,33.038616,338.07,,1,1,1,1,,2523
54723.5,-0.202,0.138,0.28,0.61,-0.105,-0.284,10.291,328.67,26.56,6.7,0,0,31.932519,340.37,,1,1,1,1,,2523.5
54724,-0.201,0.046,0.602,0.74,-0.086,-0.21,10.232,328.67,26.56,6.7,0,0,31.932519,340.37,,1,1,1,1,,2524
54724.5,-0.169,-0.087,0.904,0.765,-0.017,-0.112,10.057,328.67,26.56,5.6,0,0,31.932519,339.27,,1,1,1,1,,2524.5
54725,-0.114,-0.245,1.145,0.719,0.005,-0.019,9.932,328.67,26.56,5.6,0,0,31.932519,339.27,,1,1,1,1,,2525
54725.5,-0.041,-0.411,1.288,0.568,0.075,0.071,9.698,328.77,25.64,9.4,0,0,30.826423,343.17,,1,1,1,1,,2525.5
54726,0.044,-0.566,1.305,0.353,0.105,0.12,9.559,328.77,25.64,9.4,0,0,30.826423,343.17,,1,1,1,1,,2526
54726.5,0.13,-0.692,1.186,0.08,0.171,0.168,9.355,328.77,26.56,7.8,0,0,31.932519,341.57,,1,1,1,1,,2526.5
54727,0.207,-0.772,0.932,-0.21,0.184,0.219,9.294,328.77,26.56,7.8,0,0,31.932519,341.57,,1,1,1,1,,2527
54727.5,0.262,-0.8,0.571,-0.483,0.217,0.238,9.224,328.77,26.56,8.3,0,0,31.932519,342.07,,1,1,1,1,,2527.5
54728,0.294,-0.765,0.132,-0.717,0.214,0.213,9.259,328.77,26.56,8.3,0,0,31.932519,342.07,,1,1,1,1,,2528
54728.5,0.297,-0.671,-0.336,-0.869,0.198,0.174,9.334,328.77,27.48,6,0,0,33.038616,339.77,,1,1,1,1,,2528.5
54729,0.273,-0.527,-0.785,-0.939,0.148,0.11,9.482,328.77,27.48,6,0,0,33.038616,339.77,,1,1,1,1,,2529
54729.5,0.228,-0.352,-1.165,-0.899,0.088,0.003,9.664,328.77,27.48,4,0,0,33.038616,337.77,,1,1,1,1,,2529.5
54730,0.175,-0.162,-1.434,-0.773,0.029,-0.089,9.843,328.77,27.48,4,0,0,33.038616,337.77,,1,1,1,1,,2530
54730.5,0.126,0.021,-1.563,-0.556,-0.046,-0.136,10.046,328.67,26.56,5.5,0,0,31.932519,339.17,,1,1,1,1,,2530.5
54731,0.088,0.18,-1.538,-0.294,-0.09,-0.149,10.175,328.67,26.56,5.5,0,0,31.932519,339.17,,1,1,1,1,,2531
54731.5,0.071,0.299,-1.364,-0.004,-0.134,-0.107,10.295,328.67,26.56,7.3,0,0,31.932519,340.97,,1,1,1,1,,2531.5
54732,0.069,0.365,-1.062,0.27,-0.141,-0.078,10.317,328.67,26.56,7.3,0,0,31.932519,340.97,,1,1,1,1,,2532
54732.5,0.08,0.379,-0.667,0.511,-0.154,-0.048,10.337,328.57,26.56,8.5,0,0,31.932519,342.07,,1,1,1,1,,2532.5
54733,0.104,0.334,-0.221,0.686,-0.12,0.014,10.248,328.57,26.56,8.5,0,0,31.932519,342.07,,1,1,1,1,,2533
54733.5,0.125,0.243,0.228,0.784,-0.096,0.007,10.161,328.67,26.56,6.3,0,0,31.932519,339.97,,1,1,1,1,,2533.5
54734,0.143,0.117,0.636,0.797,-0.04,0.015,10.007,328.67,26.56,6.3,0,0,31.932519,339.97,,1,1,1,1,,2534
54734.5,0.151,-0.028,0.961,0.723,0.009,0.054,9.862,328.67,25.64,3.3,0,0,30.826423,336.97,,1,1,1,1,,2534.5
54735,0.149,-0.179,1.175,0.582,0.063,0.107,9.708,328.67,25.64,3.3,0,0,30.826423,336.97,,1,1,1,1,,2535
54735.5,0.132,-0.315,1.262,0.383,0.115,0.118,9.568,328.77,26.56,6,0,0,31.932519,339.77,,1,1,1,1,,2535.5
54736,0.107,-0.426,1.218,0.158,0.148,0.122,9.472,328.77,26.56,6,0,0,31.932519,339.77,,1,1,1,1,,2536
54736.5,0.075,-0.499,1.055,-0.075,0.172,0.155,9.408,328.77,25.64,6.9,0,0,30.826423,340.67,,1,1,1,1,,2536.5
54737,0.041,-0.531,0.796,-0.284,0.168,0.134,9.409,328.77,25.64,6.9,0,0,30.826423,340.67,,1,1,1,1,,2537
54737.5,0.01,-0.519,0.474,-0.452,0.166,0.112,9.434,328.77,25.64,1.8,0,0,30.826423,335.57,,1,1,1,1,,2537.5
54738,-0.016,-0.467,0.128,-0.553,0.127,0.097,9.533,328.77,25.64,1.8,0,0,30.826423,335.57,,1,1,1,1,,2538
54738.5,-0.037,-0.391,-0.199,-0.577,0.08,0.004,9.664,328.67,25.64,359.2,0,0,30.826423,332.87,,1,1,1,1,,2538.5
54739,-0.052,-0.301,-0.471,-0.526,0.038,-0.05,9.804,328.67,25.64,359.2,0,0,30.826423,332.87,,1,1,1,1,,2539
54739.5,-0.066,-0.213,-0.656,-0.406,-0.006,-0.116,9.946,328.57,24.71,4.2,0,0,29.708304,337.77,,1,1,1,1,,2539.5
54740,-0.081,-0.14,-0.739,-0.245,-0.032,-0.149,10.048,328.57,24.71,4.2,0,0,29.708304,337.77,,1,1,1,1,,2540
54740.5,-0.098,-0.093,-0.718,-0.061,-0.055,-0.116,10.126,328.57,25.64,358.9,0,0,30.826423,332.47,,1,1,1,1,,2540.5
54741,-0.122,-0.075,-0.605,0.116,-0.062,-0.083,10.154,328.57,25.64,358.9,0,0,30.826423,332.47,,1,1,1,1,,2541
54741.5,-0.146,-0.086,-0.421,0.269,-0.055,-0.052,10.139,328.47,25.64,4.5,0,0,30.826423,337.97,,1,1,1,1,,2541.5
54742,-0.169,-0.122,-0.197,0.377,-0.039,-0.057,10.086,328.47,25.64,4.5,0,0,30.826423,337.97,,1,1,1,1,,2542
54742.5,-0.186,-0.176,0.036,0.431,-0.019,-0.103,10.005,328.57,26.56,9.6,0,0,31.932519,343.17,,1,1,1,1,,2542.5
54743,-0.19,-0.242,0.246,0.427,0.007,-0.123,9.908,328.57,26.56,9.6,0,0,31.932519,343.17,,1,1,1,1,,2543
54743.5,-0.18,-0.304,0.408,0.369,0.043,-0.097,9.804,328.57,25.64,5.2,0,0,30.826423,338.77,,1,1,1,1,,2543.5
54744,-0.152,-0.361,0.503,0.267,0.08,-0.076,9.701,328.57,25.64,5.2,0,0,30.826423,338.77,,1,1,1,1,,2544
54744.5,-0.111,-0.402,0.522,0.134,0.104,-0.041,9.612,328.57,27.48,5.8,0,0,33.038616,339.37,,1,1,1,1,,2544.5
54745,-0.058,-0.42,0.463,-0.02,0.123,0.003,9.54,328.57,27.48,5.8,0,0,33.038616,339.37,,1,1,1,1,,2545
54745.5,0.001,-0.41,0.333,-0.179,0.132,0.039,9.49,328.67,27.48,9.8,0,0,33.038616,343.47,,1,1,1,1,,2545.5
54746,0.064,-0.377,0.143,-0.327,0.126,0.091,9.477,328.67,27.48,9.8,0,0,33.038616,343.47,,1,1,1,1,,2546
54746.5,0.12,-0.316,-0.085,-0.452,0.136,0.117,9.468,328.67,26.56,5.7,0,0,31.932519,339.37,,1,1,1,1,,2546.5
54747,0.171,-0.232,-0.329,-0.538,0.108,0.147,9.518,328.67,26.56,5.7,0,0,31.932519,339.37,,1,1,1,1,,2547
54747.5,0.207,-0.131,-0.561,-0.571,0.06,0.165,9.607,328.57,26.56,1.1,0,0,31.932519,334.67,,1,1,1,1,,2547.5
54748,0.231,-0.021,-0.754,-0.545,0.027,0.184,9.721,328.57,26.56,1.1,0,0,31.932519,334.67,,1,1,1,1,,2548
54748.5,0.251,0.087,-0.881,-0.454,-0.005,0.19,9.845,328.57,25.64,9.3,0,0,30.826423,342.87,,1,1,1,1,,2548.5
54749,0.262,0.179,-0.919,-0.304,-0.055,0.174,9.995,328.57,25.64,9.3,0,0,30.826423,342.87,,1,1,1,1,,2549
54749.5,0.267,0.243,-0.856,-0.103,-0.089,0.101,10.134,328.47,26.56,357.7,0,0,31.932519,331.17,,1,1,1,1,,2549.5
54750,0.268,0.271,-0.689,0.123,-0.107,0.009,10.236,328.47,26.56,357.7,0,0,31.932519,331.17,,1,1,1,1,,2550
54750.5,0.264,0.255,-0.426,0.362,-0.129,-0.068,10.327,328.37,23.79,1.2,0,0,28.602208,334.57,,1,1,1,1,,2550.5
54751,0.254,0.191,-0.087,0.578,-0.119,-0.137,10.337,328.37,23.79,1.2,0,0,28.602208,334.57,,1,1,1,1,,2551
54751.5,0.242,0.087,0.296,0.752,-0.103,-0.159,10.319,328.27,23.79,2.6,0,0,28.602208,335.87,,1,1,1,1,,2551.5
54752,0.227,-0.057,0.686,0.857,-0.062,-0.149,10.216,328.27,23.79,2.6,0,0,28.602208,335.87,,1,1,1,1,,2552
54752.5,0.211,-0.231,1.041,0.883,-0.033,-0.119,10.106,328.17,23.79,0.6,0,0,28.602208,333.77,,1,1,1,1,,2552.5
54753,0.194,-0.417,1.322,0.822,0.023,-0.075,9.933,328.17,23.79,0.6,0,0,28.602208,333.77,,1,1,1,1,,2553
54753.5,0.178,-0.597,1.493,0.673,0.077,-0.011,9.757,328.17,24.71,3.8,0,0,29.708304,336.97,,1,1,1,1,,2553.5
54754,0.168,-0.757,1.531,0.451,0.139,0.029,9.561,328.17,24.71,3.8,0,0,29.708304,336.97,,1,1,1,1,,2554
54754.5,0.16,-0.876,1.423,0.168,0.187,0.085,9.394,328.27,24.71,6.8,0,0,29.708304,340.07,,1,1,1,1,,2554.5
54755,0.165,-0.941,1.169,-0.144,0.226,0.12,9.255,328.27,24.71,6.8,0,0,29.708304,340.07,,1,1,1,1,,2555
54755.5,0.18,-0.943,0.784,-0.469,0.256,0.119,9.146,328.37,25.64,9.5,0,0,30.826423,342.87,,1,1,1,1,,2555.5
54756,0.206,-0.877,0.297,-0.764,0.268,0.151,9.114,328.37,25.64,9.5,0,0,30.826423,342.87,,1,1,1,1,,2556
54756.5,0.24,-0.744,-0.252,-1.013,0.262,0.188,9.122,328.37,25.64,7.1,0,0,30.826423,340.47,,1,1,1,1,,2556.5
54757,0.275,-0.546,-0.816,-1.169,0.205,0.181,9.246,328.37,25.64,7.1,0,0,30.826423,340.47,,1,1,1,1,,2557
54757.5,0.303,-0.305,-1.336,-1.225,0.145,0.136,9.401,328.37,25.64,4.1,0,0,30.826423,337.47,,1,1,1,1,,2557.5
54758,0.31,-0.043,-1.759,-1.15,0.044,0.114,9.649,328.37,25.64,4.1,0,0,30.826423,337.47,,1,1,1,1,,2558
54758.5,0.284,0.216,-2.032,-0.959,-0.04,0.079,9.88,328.37,25.64,6.8,0,0,30.826423,340.17,,1,1,1,1,,2558.5
54759,0.217,0.448,-2.123,-0.668,-0.141,0.059,10.13,328.37,25.64,6.8,0,0,30.826423,340.17,,1,1,1,1,,2559
54759.5,0.117,0.629,-2.014,-0.298,-0.221,0,10.352,328.27,25.64,2.4,0,0,30.826423,335.67,,1,1,1,1,,2559.5
54760,0.005,0.744,-1.711,0.102,-0.252,-0.006,10.503,328.27,25.64,2.4,0,0,30.826423,335.67,,1,1,1,1,,2560
54760.5,-0.106,0.783,-1.232,0.526,-0.301,-0.022,10.659,328.17,24.71,0.8,0,0,29.708304,333.97,,1,1,1,1,,2560.5
54761,-0.194,0.731,-0.616,0.896,-0.279,-0.105,10.648,328.17,24.71,0.8,0,0,29.708304,333.97,,1,1,1,1,,2561
54761.5,-0.24,0.595,0.078,1.202,-0.264,-0.17,10.65,328.17,25.64,359.8,0,0,30.826423,332.97,,1,1,1,1,,2561.5
54762,-0.23,0.38,0.791,1.394,-0.168,-0.164,10.465,328.17,25.64,359.8,0,0,30.826423,332.97,,1,1,1,1,,2562
54762.5,-0.163,0.109,1.449,1.458,-0.111,-0.164,10.317,328.07,25.64,5.4,0,0,30.826423,338.47,,1,1,1,1,,2562.5
54763,-0.043,-0.201,1.993,1.39,-0.003,-0.179,10.042,328.07,25.64,5.4,0,0,30.826423,338.47,,1,1,1,1,,2563
54763.5,0.118,-0.518,2.362,1.176,0.088,-0.133,9.78,327.97,26.56,11.5,0,0,31.932519,344.47,,1,1,1,1,,2563.5
54764,0.299,-0.815,2.519,0.857,0.185,-0.098,9.498,327.97,26.56,11.5,0,0,31.932519,344.47,,1,1,1,1,,2564
54764.5,0.467,-1.064,2.441,0.43,0.279,-0.039,9.226,327.87,26.56,14.4,0,0,31.932519,347.27,,1,1,1,1,,2564.5
54765,0.601,-1.237,2.129,-0.033,0.338,0.091,9.033,327.87,26.56,14.4,0,0,31.932519,347.27,,1,1,1,1,,2565
54765.5,0.676,-1.318,1.608,-0.519,0.38,0.207,8.877,327.97,25.64,9.2,0,0,30.826423,342.17,,1,1,1,1,,2565.5
54766,0.683,-1.294,0.924,-0.937,0.351,0.317,8.896,327.97,25.64,9.2,0,0,30.826423,342.17,,1,1,1,1,,2566
54766.5,0.625,-1.168,0.148,-1.271,0.321,0.328,8.949,328.07,25.64,9.2,0,0,30.826423,342.27,,1,1,1,1,,2566.5
54767,0.52,-0.951,-0.641,-1.455,0.222,0.28,9.179,328.07,25.64,9.2,0,0,30.826423,342.27,,1,1,1,1,,2567
54767.5,0.383,-0.67,-1.361,-1.503,0.16,0.211,9.358,328.27,25.64,9,0,0,30.826423,342.27,,1,1,1,1,,2567.5
54768,0.238,-0.344,-1.947,-1.403,0.041,0.123,9.659,328.27,25.64,9,0,0,30.826423,342.27,,1,1,1,1,,2568
54768.5,0.102,-0.015,-2.343,-1.178,-0.034,0.054,9.877,328.27,24.71,7.6,0,0,29.708304,340.87,,1,1,1,1,,2568.5
54769,-0.014,0.299,-2.522,-0.86,-0.127,-0.011,10.133,328.27,24.71,7.6,0,0,29.708304,340.87,,1,1,1,1,,2569
54769.5,-0.089,0.564,-2.47,-0.47,-0.188,-0.049,10.312,328.17,23.79,7.9,0,0,28.602208,341.07,,1,1,1,1,,2569.5
54770,-0.125,0.762,-2.205,-0.065,-0.243,-0.089,10.455,328.17,23.79,7.9,0,0,28.602208,341.07,,1,1,1,1,,2570
54770.5,-0.125,0.875,-1.754,0.34,-0.262,-0.105,10.536,328.07,23.79,9.9,0,0,28.602208,342.97,,1,1,1,1,,2570.5
54771,-0.092,0.896,-1.164,0.696,-0.267,-0.084,10.555,328.07,23.79,9.9,0,0,28.602208,342.97,,1,1,1,1,,2571
54771.5,-0.036,0.827,-0.488,0.995,-0.258,-0.056,10.54,327.97,23.79,7,0,0,28.602208,339.97,,1,1,1,1,,2571.5
54772,0.036,0.672,0.217,1.194,-0.201,-0.036,10.424,327.97,23.79,7,0,0,28.602208,339.97,,1,1,1,1,,2572
54772.5,0.11,0.446,0.888,1.298,-0.156,-0.013,10.313,327.87,23.79,6.7,0,0,28.602208,339.57,,1,1,1,1,,2572.5
54773,0.174,0.169,1.473,1.286,-0.068,0.006,10.112,327.87,23.79,6.7,0,0,28.602208,339.57,,1,1,1,1,,2573
54773.5,0.221,-0.134,1.922,1.172,0.002,0.029,9.938,327.87,23.79,5.1,0,0,28.602208,337.97,,1,1,1,1,,2573.5
54774,0.237,-0.44,2.203,0.956,0.106,0.04,9.693,327.87,23.79,5.1,0,0,28.602208,337.97,,1,1,1,1,,2574
54774.5,0.225,-0.72,2.29,0.657,0.176,0.034,9.508,327.87,24.71,2.1,0,0,29.708304,334.97,,1,1,1,1,,2574.5
54775,0.187,-0.95,2.179,0.305,0.256,0.022,9.311,327.87,24.71,2.1,0,0,29.708304,334.97,,1,1,1,1,,2575
54775.5,0.123,-1.107,1.879,-0.072,0.293,0.019,9.202,327.87,25.64,359.4,0,0,30.826423,332.27,,1,1,1,1,,2575.5
54776,0.039,-1.179,1.423,-0.427,0.315,0.017,9.134,327.87,25.64,359.4,0,0,30.826423,332.27,,1,1,1,1,,2576
54776.5,-0.053,-1.164,0.855,-0.74,0.3,0.025,9.141,327.97,24.71,359.7,0,0,29.708304,332.67,,1,1,1,1,,2576.5
54777,-0.145,-1.06,0.228,-0.967,0.256,0,9.219,327.97,24.71,359.7,0,0,29.708304,332.67,,1,1,1,1,,2577
54777.5,-0.229,-0.885,-0.398,-1.106,0.207,-0.033,9.331,328.07,24.71,1.2,0,0,29.708304,334.27,,1,1,1,1,,2577.5
54778,-0.294,-0.655,-0.968,-1.133,0.123,-0.056,9.512,328.07,24.71,1.2,0,0,29.708304,334.27,,1,1,1,1,,2578
54778.5,-0.333,-0.388,-1.432,-1.061,0.05,-0.073,9.684,328.07,23.79,2,0,0,28.602208,335.07,,1,1,1,1,,2578.5
54779,-0.345,-0.115,-1.751,-0.89,-0.036,-0.088,9.895,328.07,23.79,2,0,0,28.602208,335.07,,1,1,1,1,,2579
54779.5,-0.329,0.138,-1.902,-0.65,-0.095,-0.078,10.045,328.07,23.79,2.9,0,0,28.602208,335.97,,1,1,1,1,,2579.5
54780,-0.292,0.35,-1.881,-0.363,-0.153,-0.062,10.198,328.07,23.79,2.9,0,0,28.602208,335.97,,1,1,1,1,,2580
54780.5,-0.245,0.509,-1.697,-0.065,-0.174,-0.057,10.263,327.97,23.79,4.2,0,0,28.602208,337.17,,1,1,1,1,,2580.5
54781,-0.192,0.6,-1.379,0.217,-0.188,-0.028,10.313,327.97,23.79,4.2,0,0,28.602208,337.17,,1,1,1,1,,2581
54781.5,-0.143,0.619,-0.964,0.455,-0.173,-0.052,10.283,327.97,22.69,1.5,0,0,27.279701,334.47,,1,1,1,1,,2581.5
54782,-0.096,0.571,-0.498,0.631,-0.151,-0.01,10.237,327.97,22.69,1.5,0,0,27.279701,334.47,,1,1,1,1,,2582
54782.5,-0.05,0.467,-0.022,0.746,-0.114,0.008,10.157,327.87,23.79,12.6,0,0,28.602208,345.47,,1,1,1,1,,2582.5
54783,-0.005,0.315,0.423,0.791,-0.082,0.048,10.074,327.87,23.79,12.6,0,0,28.602208,345.47,,1,1,1,1,,2583
54783.5,0.041,0.13,0.806,0.782,-0.042,0.063,9.993,327.77,24.71,8.6,0,0,29.708304,341.37,,1,1,1,1,,2583.5
54784,0.085,-0.072,1.106,0.716,0.014,0.088,9.887,327.77,24.71,8.6,0,0,29.708304,341.37,,1,1,1,1,,2584
54784.5,0.13,-0.276,1.306,0.607,0.058,0.061,9.799,327.77,24.71,2.6,0,0,29.708304,335.37,,1,1,1,1,,2584.5
54785,0.166,-0.467,1.397,0.45,0.121,-0.03,9.668,327.77,24.71,2.6,0,0,29.708304,335.37,,1,1,1,1,,2585
54785.5,0.193,-0.628,1.371,0.255,0.162,-0.05,9.568,327.67,25.64,0.3,0,0,30.826423,332.97,,1,1,1,1,,2585.5
54786,0.206,-0.744,1.231,0.032,0.21,-0.05,9.452,327.67,25.64,0.3,0,0,30.826423,332.97,,1,1,1,1,,2586
54786.5,0.203,-0.799,0.986,-0.197,0.221,-0.062,9.394,327.67,24.71,4.3,0,0,29.708304,336.97,,1,1,1,1,,2586.5
54787,0.188,-0.792,0.659,-0.407,0.223,-0.034,9.365,327.67,24.71,4.3,0,0,29.708304,336.97,,1,1,1,1,,2587
54787.5,0.158,-0.722,0.279,-0.58,0.197,0.018,9.395,327.67,25.64,1.5,0,0,30.826423,334.17,,1,1,1,1,,2587.5
54788,0.118,-0.594,-0.117,-0.685,0.146,0.047,9.485,327.67,25.64,1.5,0,0,30.826423,334.17,,1,1,1,1,,2588
54788.5,0.083,-0.429,-0.485,-0.711,0.079,0.049,9.624,327.77,24.71,355.4,0,0,29.708304,328.17,,1,1,1,1,,2588.5
54789,0.051,-0.244,-0.785,-0.647,0.011,0.062,9.787,327.77,24.71,355.4,0,0,29.708304,328.17,,1,1,1,1,,2589
54789.5,0.031,-0.064,-0.983,-0.51,-0.049,0.035,9.947,327.77,24.71,354.8,0,0,29.708304,327.57,,1,1,1,1,,2589.5
54790,0.02,0.093,-1.058,-0.31,-0.105,0.011,10.097,327.77,24.71,354.8,0,0,29.708304,327.57,,1,1,1,1,,2590
54790.5,0.019,0.207,-1.006,-0.083,-0.135,0.007,10.189,327.77,23.79,345,0,0,28.602208,317.77,,1,1,1,1,,2590.5
54791,0.023,0.267,-0.841,0.139,-0.135,-0.001,10.219,327.77,23.79,345,0,0,28.602208,317.77,,1,1,1,1,,2591
54791.5,0.023,0.267,-0.593,0.322,-0.118,0.015,10.186,327.77,22.69,344.9,0,0,27.279701,317.67,,1,1,1,1,,2591.5
54792,0.015,0.214,-0.3,0.444,-0.089,0.056,10.109,327.77,22.69,344.9,0,0,27.279701,317.67,,1,1,1,1,,2592
54792.5,-0.006,0.115,-0.005,0.492,-0.046,0.112,9.986,327.77,21.76,355.5,0,0,26.161582,328.27,,1,1,1,1,,2592.5
54793,-0.038,-0.012,0.253,0.468,-0.002,0.071,9.86,327.77,21.76,355.5,0,0,26.161582,328.27,,1,1,1,1,,2593
54793.5,-0.083,-0.145,0.444,0.381,0.048,0.066,9.733,327.67,22.69,359,0,0,27.279701,331.67,,1,1,1,1,,2593.5
54794,-0.134,-0.266,0.549,0.25,0.093,-0.021,9.636,327.67,22.69,359,0,0,27.279701,331.67,,1,1,1,1,,2594
54794.5,-0.19,-0.362,0.565,0.099,0.123,-0.091,9.575,327.67,21.76,1.7,0,0,26.161582,334.37,,1,1,1,1,,2594.5
54795,-0.241,-0.42,0.501,-0.045,0.136,-0.126,9.561,327.67,21.76,1.7,0,0,26.161582,334.37,,1,1,1,1,,2595
54795.5,-0.283,-0.437,0.377,-0.162,0.134,-0.172,9.587,327.67,21.76,358.9,0,0,26.161582,331.57,,1,1,1,1,,2595.5
54796,-0.311,-0.418,0.221,-0.237,0.114,-0.176,9.651,327.67,21.76,358.9,0,0,26.161582,331.57,,1,1,1,1,,2596
54796.5,-0.321,-0.37,0.062,-0.261,0.08,-0.142,9.729,327.67,22.69,355.8,0,0,27.279701,328.47,,1,1,1,1,,2596.5
54797,-0.313,-0.301,-0.077,-0.242,0.044,-0.094,9.814,327.67,22.69,355.8,0,0,27.279701,328.47,,1,1,1,1,,2597
54797.5,-0.284,-0.22,-0.176,-0.186,0.014,-0.102,9.883,327.67,22.69,4,0,0,27.279701,336.67,,1,1,1,1,,2597.5
54798,-0.237,-0.141,-0.227,-0.108,-0.015,-0.062,9.938,327.67,22.69,4,0,0,27.279701,336.67,,1,1,1,1,,2598
54798.5,-0.177,-0.077,-0.228,-0.02,-0.034,-0.039,9.973,327.67,23.79,359.3,0,0,28.602208,331.97,,1,1,1,1,,2598.5
54799,-0.109,-0.03,-0.187,0.06,-0.033,-0.044,9.966,327.67,23.79,359.3,0,0,28.602208,331.97,,1,1,1,1,,2599
54799.5,-0.036,-0.008,-0.116,0.119,-0.028,0.025,9.939,327.67,23.79,359.8,0,0,28.602208,332.47,,1,1,1,1,,2599.5
54800,0.035,-0.007,-0.033,0.145,-0.015,0.062,9.885,327.67,23.79,359.8,0,0,28.602208,332.47,,1,1,1,1,,2600
54800.5,0.097,-0.03,0.042,0.141,0.001,0.112,9.835,327.67,26.56,353.4,0,0,31.932519,326.07,,1,1,1,1,,2600.5
54801,0.143,-0.071,0.099,0.113,0.018,0.162,9.784,327.67,26.56,353.4,0,0,31.932519,326.07,,1,1,1,1,,2601
54801.5,0.17,-0.12,0.128,0.064,0.039,0.199,9.736,327.57,27.48,353.8,0,0,33.038616,326.37,,1,1,1,1,,2601.5
54802,0.175,-0.17,0.123,-0.003,0.068,0.146,9.682,327.57,27.48,353.8,0,0,33.038616,326.37,,1,1,1,1,,2602
54802.5,0.159,-0.214,0.084,-0.079,0.086,0.086,9.652,327.57,26.56,354,0,0,31.932519,326.57,,1,1,1,1,,2602.5
54803,0.125,-0.242,0.016,-0.143,0.081,0.005,9.666,327.57,26.56,354,0,0,31.932519,326.57,,1,1,1,1,,2603
54803.5,0.082,-0.251,-0.068,-0.184,0.077,-0.088,9.701,327.47,26.56,352.5,0,0,31.932519,324.97,,1,1,1,1,,2603.5
54804,0.035,-0.241,-0.149,-0.188,0.056,-0.12,9.771,327.47,26.56,352.5,0,0,31.932519,324.97,,1,1,1,1,,2604
54804.5,-0.006,-0.217,-0.208,-0.153,0.024,-0.135,9.85,327.57,23.79,4.4,0,0,28.602208,336.97,,1,1,1,1,,2604.5
54805,-0.036,-0.18,-0.232,-0.086,-0.003,-0.128,9.926,327.57,23.79,4.4,0,0,28.602208,336.97,,1,1,1,1,,2605
54805.5,-0.043,-0.142,-0.212,0.005,-0.024,-0.092,9.984,327.57,25.64,356.2,0,0,30.826423,328.77,,1,1,1,1,,2605.5
54806,-0.028,-0.107,-0.147,0.1,-0.035,-0.065,10.013,327.57,25.64,356.2,0,0,30.826423,328.77,,1,1,1,1,,2606
54806.5,0.009,-0.084,-0.046,0.19,-0.04,-0.023,10.026,327.57,25.64,359.1,0,0,30.826423,331.67,,1,1,1,1,,2606.5
54807,0.06,-0.076,0.079,0.259,-0.031,0.013,10.005,327.57,25.64,359.1,0,0,30.826423,331.67,,1,1,1,1,,2607
54807.5,0.112,-0.088,0.211,0.306,-0.022,-0.013,9.986,327.57,24.71,357.7,0,0,29.708304,330.27,,1,1,1,1,,2607.5
54808,0.166,-0.118,0.337,0.323,-0.008,-0.011,9.939,327.57,24.71,357.7,0,0,29.708304,330.27,,1,1,1,1,,2608
54808.5,0.208,-0.169,0.44,0.31,0.005,0.004,9.887,327.57,23.79,0.8,0,0,28.602208,333.37,,1,1,1,1,,2608.5
54809,0.233,-0.232,0.507,0.255,0.041,0.009,9.787,327.57,23.79,0.8,0,0,28.602208,333.37,,1,1,1,1,,2609
54809.5,0.237,-0.298,0.522,0.161,0.067,0.121,9.697,327.67,25.64,351.8,0,0,30.826423,324.47,,1,1,1,1,,2609.5
54810,0.211,-0.36,0.474,0.034,0.089,0.194,9.601,327.67,25.64,351.8,0,0,30.826423,324.47,,1,1,1,1,,2610
54810.5,0.156,-0.41,0.361,-0.116,0.105,0.257,9.528,327.67,25.64,357.7,0,0,30.826423,330.37,,1,1,1,1,,2610.5
54811,0.075,-0.431,0.186,-0.276,0.138,0.28,9.453,327.67,25.64,357.7,0,0,30.826423,330.37,,1,1,1,1,,2611
54811.5,-0.031,-0.418,-0.04,-0.426,0.142,0.262,9.439,327.77,27.48,345.4,0,0,33.038616,318.17,,1,1,1,1,,2611.5
54812,-0.146,-0.371,-0.295,-0.539,0.126,0.142,9.477,327.77,27.48,345.4,0,0,33.038616,318.17,,1,1,1,1,,2612
54812.5,-0.26,-0.291,-0.551,-0.601,0.11,-0.005,9.553,327.67,28.4,349,0,0,34.144712,321.67,,1,1,1,1,,2612.5
54813,-0.362,-0.182,-0.775,-0.599,0.081,-0.097,9.655,327.67,28.4,349,0,0,34.144712,321.67,,1,1,1,1,,2613
54813.5,-0.436,-0.059,-0.94,-0.534,0.035,-0.198,9.78,327.57,29.33,342.3,0,0,35.262831,314.87,,1,1,1,1,,2613.5
54814,-0.473,0.068,-1.024,-0.409,-0.004,-0.265,9.913,327.57,29.33,342.3,0,0,35.262831,314.87,,1,1,1,1,,2614
54814.5,-0.47,0.18,-1.01,-0.235,-0.042,-0.266,10.036,327.47,28.4,351.7,0,0,34.144712,324.17,,1,1,1,1,,2614.5
54815,-0.427,0.272,-0.893,-0.029,-0.09,-0.3,10.152,327.47,28.4,351.7,0,0,34.144712,324.17,,1,1,1,1,,2615
54815.5,-0.351,0.328,-0.681,0.188,-0.109,-0.308,10.22,327.37,28.4,354.9,0,0,34.144712,327.27,,1,1,1,1,,2615.5
54816,-0.25,0.344,-0.388,0.4,-0.13,-0.239,10.28,327.37,28.4,354.9,0,0,34.144712,327.27,,1,1,1,1,,2616
54816.5,-0.144,0.315,-0.035,0.597,-0.142,-0.21,10.306,327.37,27.48,354.9,0,0,33.038616,327.27,,1,1,1,1,,2616.5
54817,-0.043,0.24,0.351,0.756,-0.142,-0.154,10.299,327.37,27.48,354.9,0,0,33.038616,327.27,,1,1,1,1,,2617
54817.5,0.037,0.118,0.74,0.86,-0.11,-0.032,10.223,327.47,27.48,359.2,0,0,33.038616,331.67,,1,1,1,1,,2617.5
54818,0.089,-0.036,1.092,0.882,-0.061,0.068,10.097,327.47,27.48,359.2,0,0,33.038616,331.67,,1,1,1,1,,2618
54818.5,0.104,-0.214,1.369,0.823,-0.005,0.157,9.94,327.67,26.56,355.4,0,0,31.932519,328.07,,1,1,1,1,,2618.5
54819,0.082,-0.398,1.538,0.676,0.055,0.273,9.756,327.67,26.56,355.4,0,0,31.932519,328.07,,1,1,1,1,,2619
54819.5,0.025,-0.572,1.574,0.458,0.111,0.321,9.582,327.67,25.64,1.8,0,0,30.826423,334.47,,1,1,1,1,,2619.5
54820,-0.047,-0.718,1.466,0.179,0.172,0.318,9.405,327.67,25.64,1.8,0,0,30.826423,334.47,,1,1,1,1,,2620
54820.5,-0.117,-0.819,1.214,-0.12,0.203,0.258,9.304,327.87,27.48,357.6,0,0,33.038616,330.47,,1,1,1,1,,2620.5
54821,-0.168,-0.87,0.841,-0.415,0.228,0.116,9.231,327.87,27.48,357.6,0,0,33.038616,330.47,,1,1,1,1,,2621
54821.5,-0.186,-0.859,0.38,-0.67,0.216,-0.051,9.244,327.67,27.48,1.7,0,0,33.038616,334.37,,1,1,1,1,,2621.5
54822,-0.169,-0.791,-0.126,-0.864,0.202,-0.174,9.282,327.67,27.48,1.7,0,0,33.038616,334.37,,1,1,1,1,,2622
54822.5,-0.123,-0.667,-0.632,-0.982,0.17,-0.228,9.381,327.67,29.33,353.9,0,0,35.262831,326.57,,1,1,1,1,,2622.5
54823,-0.059,-0.5,-1.09,-1.012,0.124,-0.263,9.507,327.67,29.33,353.9,0,0,35.262831,326.57,,1,1,1,1,,2623
54823.5,0.014,-0.305,-1.463,-0.965,0.078,-0.199,9.645,327.57,29.33,356.2,0,0,35.262831,328.77,,1,1,1,1,,2623.5
54824,0.083,-0.093,-1.721,-0.838,0.026,-0.115,9.798,327.57,29.33,356.2,0,0,35.262831,328.77,,1,1,1,1,,2624
54824.5,0.136,0.116,-1.843,-0.652,-0.019,-0.049,9.935,327.47,30.43,358.6,0,0,36.585338,331.07,,1,1,1,1,,2624.5
54825,0.17,0.308,-1.823,-0.423,-0.057,-0.005,10.057,327.47,30.43,358.6,0,0,36.585338,331.07,,1,1,1,1,,2625
54825.5,0.185,0.469,-1.665,-0.167,-0.1,0.009,10.162,327.47,31.35,357.5,0,0,37.691434,329.97,,1,1,1,1,,2625.5
54826,0.181,0.587,-1.384,0.098,-0.137,0.039,10.247,327.47,31.35,357.5,0,0,37.691434,329.97,,1,1,1,1,,2626
54826.5,0.161,0.656,-1.001,0.351,-0.158,0.096,10.297,327.57,32.28,0.4,0,0,38.809553,332.97,,1,1,1,1,,2626.5
54827,0.122,0.667,-0.544,0.58,-0.171,0.14,10.318,327.57,32.28,0.4,0,0,38.809553,332.97,,1,1,1,1,,2627
54827.5,0.071,0.624,-0.047,0.767,-0.171,0.205,10.301,327.67,31.35,357.9,0,0,37.691434,330.57,,1,1,1,1,,2627.5
54828,0.003,0.523,0.456,0.907,-0.173,0.237,10.285,327.67,31.35,357.9,0,0,37.691434,330.57,,1,1,1,1,,2628
54828.5,-0.076,0.373,0.935,0.991,-0.139,0.227,10.22,327.77,31.35,356.6,0,0,37.691434,329.37,,1,1,1,1,,2628.5
54829,-0.165,0.181,1.356,1.016,-0.104,0.146,10.143,327.77,31.35,356.6,0,0,37.691434,329.37,,1,1,1,1,,2629
54829.5,-0.256,-0.041,1.695,0.975,-0.056,0.031,10.033,327.77,31.35,356.5,0,0,37.691434,329.27,,1,1,1,1,,2629.5
54830,-0.337,-0.28,1.926,0.867,0.004,-0.104,9.901,327.77,31.35,356.5,0,0,37.691434,329.27,,1,1,1,1,,2630
54830.5,-0.409,-0.52,2.029,0.694,0.077,-0.271,9.739,327.67,31.35,356.4,0,0,37.691434,329.07,,1,1,1,1,,2630.5
54831,-0.465,-0.742,1.993,0.459,0.142,-0.319,9.579,327.67,31.35,356.4,0,0,37.691434,329.07,,1,1,1,1,,2631
54831.5,-0.505,-0.927,1.812,0.179,0.199,-0.344,9.428,327.57,29.33,353.8,0,0,35.262831,326.37,,1,1,1,1,,2631.5
54832,-0.529,-1.059,1.49,-0.136,0.259,-0.288,9.277,327.57,29.33,353.8,0,0,35.262831,326.37,,1,1,1,1,,2632
54832.5,-0.537,-1.125,1.042,-0.46,0.297,-0.196,9.165,327.67,30.43,353.1,0,0,36.585338,325.77,,1,1,1,1,,2632.5
54833,-0.531,-1.114,0.492,-0.772,0.31,-0.122,9.097,327.67,30.43,353.1,0,0,36.585338,325.77,,1,1,1,1,,2633
54833.5,-0.505,-1.019,-0.121,-1.034,0.289,-0.073,9.113,327.67,31.35,352.8,0,0,37.691434,325.47,,1,1,1,1,,2633.5
54834,-0.458,-0.851,-0.751,-1.219,0.241,-0.051,9.19,327.67,31.35,352.8,0,0,37.691434,325.47,,1,1,1,1,,2634
54834.5,-0.387,-0.616,-1.343,-1.301,0.169,-0.056,9.351,327.67,31.35,354.3,0,0,37.691434,326.97,,1,1,1,1,,2634.5
54835,-0.29,-0.335,-1.841,-1.267,0.1,-0.065,9.537,327.67,31.35,354.3,0,0,37.691434,326.97,,1,1,1,1,,2635
54835.5,-0.178,-0.031,-2.198,-1.114,-0.003,-0.037,9.783,327.67,31.35,358.3,0,0,37.691434,330.97,,1,1,1,1,,2635.5
54836,-0.055,0.263,-2.373,-0.851,-0.099,0.036,10.022,327.67,31.35,358.3,0,0,37.691434,330.97,,1,1,1,1,,2636
54836.5,0.058,0.526,-2.347,-0.51,-0.178,0.1,10.245,327.77,32.28,355.4,0,0,38.809553,328.17,,1,1,1,1,,2636.5
54837,0.154,0.729,-2.118,-0.119,-0.23,0.167,10.41,327.77,32.28,355.4,0,0,38.809553,328.17,,1,1,1,1,,2637
54837.5,0.219,0.859,-1.705,0.279,-0.261,0.166,10.528,327.67,31.35,1.9,0,0,37.691434,334.57,,1,1,1,1,,2637.5
54838,0.25,0.901,-1.144,0.652,-0.264,0.134,10.565,327.67,31.35,1.9,0,0,37.691434,334.57,,1,1,1,1,,2638
54838.5,0.246,0.853,-0.489,0.953,-0.244,0.13,10.525,327.77,31.35,2.1,0,0,37.691434,334.87,,1,1,1,1,,2638.5
54839,0.214,0.723,0.199,1.16,-0.205,0.068,10.421,327.77,31.35,2.1,0,0,37.691434,334.87,,1,1,1,1,,2639
54839.5,0.165,0.527,0.856,1.25,-0.135,0.016,10.25,327.67,29.33,0.6,0,0,35.262831,333.27,,1,1,1,1,,2639.5
54840,0.113,0.283,1.421,1.227,-0.065,-0.004,10.069,327.67,29.33,0.6,0,0,35.262831,333.27,,1,1,1,1,,2640
54840.5,0.073,0.013,1.849,1.094,0.018,-0.013,9.86,327.77,29.33,4.5,0,0,35.262831,337.27,,1,1,1,1,,2640.5
54841,0.051,-0.255,2.104,0.872,0.09,0.007,9.679,327.77,29.33,4.5,0,0,35.262831,337.27,,1,1,1,1,,2641
54841.5,0.055,-0.502,2.174,0.588,0.161,0.012,9.503,327.67,28.4,354.7,0,0,34.144712,327.37,,1,1,1,1,,2641.5
54842,0.084,-0.708,2.062,0.275,0.203,0.017,9.394,327.67,28.4,354.7,0,0,34.144712,327.37,,1,1,1,1,,2642
54842.5,0.138,-0.858,1.79,-0.034,0.222,-0.025,9.332,327.57,31.35,354.3,0,0,37.691434,326.87,,1,1,1,1,,2642.5
54843,0.203,-0.945,1.391,-0.319,0.235,-0.068,9.304,327.57,31.35,354.3,0,0,37.691434,326.87,,1,1,1,1,,2643
54843.5,0.27,-0.966,0.907,-0.553,0.224,-0.098,9.328,327.57,31.35,352.3,0,0,37.691434,324.87,,1,1,1,1,,2643.5
54844,0.337,-0.926,0.383,-0.727,0.198,-0.136,9.386,327.57,31.35,352.3,0,0,37.691434,324.87,,1,1,1,1,,2644
54844.5,0.38,-0.832,-0.137,-0.831,0.164,-0.092,9.472,327.47,31.35,358.6,0,0,37.691434,331.07,,1,1,1,1,,2644.5
54845,0.399,-0.692,-0.611,-0.859,0.115,-0.005,9.58,327.47,31.35,358.6,0,0,37.691434,331.07,,1,1,1,1,,2645
54845.5,0.384,-0.525,-1.006,-0.82,0.068,0.094,9.69,327.57,30.43,359.4,0,0,36.585338,331.97,,1,1,1,1,,2645.5
54846,0.335,-0.343,-1.299,-0.726,0.031,0.196,9.793,327.57,30.43,359.4,0,0,36.585338,331.97,,1,1,1,1,,2646
54846.5,0.25,-0.159,-1.476,-0.587,-0.009,0.278,9.891,327.77,29.33,4.7,0,0,35.262831,337.47,,1,1,1,1,,2646.5
54847,0.134,0.01,-1.536,-0.425,-0.033,0.256,9.954,327.77,29.33,4.7,0,0,35.262831,337.47,,1,1,1,1,,2647
54847.5,0.004,0.158,-1.489,-0.261,-0.041,0.211,9.982,327.77,29.33,4.3,0,0,35.262831,337.07,,1,1,1,1,,2647.5
54848,-0.132,0.278,-1.352,-0.106,-0.047,0.126,9.996,327.77,29.33,4.3,0,0,35.262831,337.07,,1,1,1,1,,2648
54848.5,-0.263,0.368,-1.148,0.026,-0.047,0.043,9.983,327.87,30.43,357.2,0,0,36.585338,330.07,,1,1,1,1,,2648.5
54849,-0.379,0.429,-0.9,0.137,-0.048,-0.017,9.981,327.87,30.43,357.2,0,0,36.585338,330.07,,1,1,1,1,,2649
54849.5,-0.474,0.461,-0.627,0.225,-0.054,-0.067,9.972,327.87,31.35,357.8,0,0,37.691434,330.67,,1,1,1,1,,2649.5
54850,-0.543,0.461,-0.345,0.306,-0.072,-0.126,9.999,327.87,31.35,357.8,0,0,37.691434,330.67,,1,1,1,1,,2650
54850.5,-0.591,0.433,-0.061,0.384,-0.086,-0.202,10.027,327.77,30.43,353,0,0,36.585338,325.77,,1,1,1,1,,2650.5
54851,-0.611,0.377,0.222,0.469,-0.109,-0.261,10.084,327.77,30.43,353,0,0,36.585338,325.77,,1,1,1,1,,2651
54851.5,-0.604,0.291,0.503,0.556,-0.116,-0.278,10.126,327.67,30.43,355.1,0,0,36.585338,327.77,,1,1,1,1,,2651.5
54852,-0.569,0.173,0.775,0.633,-0.1,-0.277,10.139,327.67,30.43,355.1,0,0,36.585338,327.77,,1,1,1,1,,2652
54852.5,-0.508,0.026,1.028,0.686,-0.073,-0.3,10.118,327.57,30.43,355.7,0,0,36.585338,328.27,,1,1,1,1,,2652.5
54853,-0.425,-0.145,1.247,0.7,-0.032,-0.274,10.053,327.57,30.43,355.7,0,0,36.585338,328.27,,1,1,1,1,,2653
54853.5,-0.325,-0.335,1.409,0.653,0.022,-0.186,9.938,327.47,30.43,359.3,0,0,36.585338,331.77,,1,1,1,1,,2653.5
54854,-0.212,-0.527,1.488,0.536,0.086,-0.084,9.778,327.47,30.43,359.3,0,0,36.585338,331.77,,1,1,1,1,,2654
54854.5,-0.097,-0.702,1.461,0.342,0.156,0.039,9.588,327.57,29.33,0.8,0,0,35.262831,333.37,,1,1,1,1,,2654.5
54855,0.014,-0.843,1.312,0.09,0.201,0.123,9.419,327.57,29.33,0.8,0,0,35.262831,333.37,,1,1,1,1,,2655
54855.5,0.109,-0.933,1.035,-0.207,0.252,0.15,9.257,327.77,30.43,2.1,0,0,36.585338,334.87,,1,1,1,1,,2655.5
54856,0.18,-0.954,0.641,-0.51,0.269,0.166,9.167,327.77,30.43,2.1,0,0,36.585338,334.87,,1,1,1,1,,2656
54856.5,0.218,-0.905,0.157,-0.788,0.269,0.151,9.131,327.87,31.35,358.6,0,0,37.691434,331.47,,1,1,1,1,,2656.5
54857,0.224,-0.777,-0.378,-1.008,0.241,0.118,9.182,327.87,31.35,358.6,0,0,37.691434,331.47,,1,1,1,1,,2657
54857.5,0.199,-0.584,-0.914,-1.139,0.196,0.072,9.3,327.87,29.33,0.4,0,0,35.262831,333.27,,1,1,1,1,,2657.5
54858,0.151,-0.34,-1.395,-1.159,0.127,0.03,9.487,327.87,29.33,0.4,0,0,35.262831,333.27,,1,1,1,1,,2658
54858.5,0.09,-0.065,-1.768,-1.06,0.05,-0.011,9.707,327.97,31.35,357.8,0,0,37.691434,330.77,,1,1,1,1,,2658.5
54859,0.033,0.211,-1.989,-0.845,-0.049,-0.017,9.967,327.97,31.35,357.8,0,0,37.691434,330.77,,1,1,1,1,,2659
54859.5,-0.007,0.461,-2.023,-0.528,-0.137,0.005,10.217,327.97,31.35,359.2,0,0,37.691434,332.17,,1,1,1,1,,2659.5
54860,-0.024,0.656,-1.858,-0.146,-0.21,0.004,10.423,327.97,31.35,359.2,0,0,37.691434,332.17,,1,1,1,1,,2660
54860.5,-0.018,0.777,-1.502,0.269,-0.265,0.027,10.573,327.87,32.28,356.9,0,0,38.809553,329.77,,1,1,1,1,,2660.5
54861,0.009,0.81,-0.985,0.661,-0.295,0.029,10.637,327.87,32.28,356.9,0,0,38.809553,329.77,,1,1,1,1,,2661
54861.5,0.045,0.75,-0.356,0.995,-0.289,0.036,10.62,327.87,32.28,0.7,0,0,38.809553,333.57,,1,1,1,1,,2661.5
54862,0.084,0.6,0.32,1.225,-0.247,0.064,10.499,327.87,32.28,0.7,0,0,38.809553,333.57,,1,1,1,1,,2662
54862.5,0.114,0.375,0.974,1.333,-0.182,0.107,10.328,327.87,31.35,359.2,0,0,37.691434,332.07,,1,1,1,1,,2662.5
54863,0.128,0.099,1.539,1.304,-0.089,0.105,10.092,327.87,31.35,359.2,0,0,37.691434,332.07,,1,1,1,1,,2663
54863.5,0.118,-0.2,1.958,1.152,0.002,0.063,9.859,327.87,31.35,358.9,0,0,37.691434,331.77,,1,1,1,1,,2663.5
54864,0.087,-0.495,2.19,0.886,0.109,-0.008,9.599,327.87,31.35,358.9,0,0,37.691434,331.77,,1,1,1,1,,2664
54864.5,0.032,-0.754,2.212,0.536,0.206,-0.114,9.378,327.77,28.4,353.3,0,0,34.144712,326.07,,1,1,1,1,,2664.5
54865,-0.042,-0.957,2.021,0.133,0.292,-0.167,9.179,327.77,28.4,353.3,0,0,34.144712,326.07,,1,1,1,1,,2665
54865.5,-0.13,-1.078,1.635,-0.288,0.343,-0.206,9.05,327.87,28.4,0.1,0,0,34.144712,332.97,,1,1,1,1,,2665.5
54866,-0.225,-1.11,1.088,-0.684,0.362,-0.21,8.984,327.87,28.4,0.1,0,0,34.144712,332.97,,1,1,1,1,,2666
54866.5,-0.318,-1.043,0.432,-1.016,0.339,-0.139,9.016,327.97,28.4,2.4,0,0,34.144712,335.37,,1,1,1,1,,2666.5
54867,-0.397,-0.886,-0.269,-1.251,0.296,-0.047,9.109,327.97,28.4,2.4,0,0,34.144712,335.37,,1,1,1,1,,2667
54867.5,-0.453,-0.656,-0.95,-1.368,0.216,0.007,9.291,328.07,28.4,0.3,0,0,34.144712,333.37,,1,1,1,1,,2667.5
54868,-0.487,-0.378,-1.54,-1.342,0.118,0.028,9.535,328.07,28.4,0.3,0,0,34.144712,333.37,,1,1,1,1,,2668
54868.5,-0.494,-0.076,-1.979,-1.176,0.007,0.028,9.817,328.07,31.35,359.4,0,0,37.691434,332.47,,1,1,1,1,,2668.5
54869,-0.477,0.216,-2.218,-0.885,-0.093,0.009,10.086,328.07,31.35,359.4,0,0,37.691434,332.47,,1,1,1,1,,2669
54869.5,-0.447,0.463,-2.233,-0.509,-0.177,-0.001,10.314,328.07,32.28,359.3,0,0,38.809553,332.37,,1,1,1,1,,2669.5
54870,-0.4,0.643,-2.026,-0.089,-0.237,0.029,10.486,328.07,32.28,359.3,0,0,38.809553,332.37,,1,1,1,1,,2670
54870.5,-0.353,0.742,-1.623,0.327,-0.274,0.043,10.572,328.07,31.35,359.7,0,0,37.691434,332.77,,1,1,1,1,,2670.5
54871,-0.311,0.747,-1.07,0.696,-0.275,0.015,10.58,328.07,31.35,359.7,0,0,37.691434,332.77,,1,1,1,1,,2671
54871.5,-0.275,0.667,-0.427,0.977,-0.243,-0.018,10.499,328.07,31.35,0.6,0,0,37.691434,333.67,,1,1,1,1,,2671.5
54872,-0.244,0.516,0.238,1.154,-0.199,-0.08,10.374,328.07,31.35,0.6,0,0,37.691434,333.67,,1,1,1,1,,2672
54872.5,-0.217,0.309,0.859,1.213,-0.13,-0.132,10.195,328.07,31.35,359.6,0,0,37.691434,332.67,,1,1,1,1,,2672.5
54873,-0.191,0.071,1.38,1.161,-0.052,-0.18,10.016,328.07,31.35,359.6,0,0,37.691434,332.67,,1,1,1,1,,2673
54873.5,-0.163,-0.177,1.76,1.015,0.031,-0.172,9.828,327.97,30.43,358.4,0,0,36.585338,331.37,,1,1,1,1,,2673.5
54874,-0.131,-0.41,1.973,0.79,0.108,-0.164,9.653,327.97,30.43,358.4,0,0,36.585338,331.37,,1,1,1,1,,2674
54874.5,-0.091,-0.613,2.007,0.503,0.185,-0.117,9.479,327.97,28.4,0.4,0,0,34.144712,333.37,,1,1,1,1,,2674.5
54875,-0.045,-0.765,1.862,0.174,0.251,-0.103,9.33,327.97,28.4,0.4,0,0,34.144712,333.37,,1,1,1,1,,2675
54875.5,0.013,-0.856,1.553,-0.166,0.293,-0.086,9.218,327.97,29.33,1.7,0,0,35.262831,334.67,,1,1,1,1,,2675.5
54876,0.084,-0.882,1.109,-0.495,0.309,-0.056,9.153,327.97,29.33,1.7,0,0,35.262831,334.67,,1,1,1,1,,2676
54876.5,0.169,-0.839,0.568,-0.778,0.286,-0.004,9.166,327.97,29.33,1,0,0,35.262831,333.97,,1,1,1,1,,2676.5
54877,0.272,-0.734,-0.02,-0.986,0.244,0.051,9.239,327.97,29.33,1,0,0,35.262831,333.97,,1,1,1,1,,2677
54877.5,0.38,-0.578,-0.596,-1.088,0.161,0.108,9.4,328.07,29.33,0.2,0,0,35.262831,333.27,,1,1,1,1,,2677.5
54878,0.487,-0.395,-1.103,-1.08,0.084,0.176,9.575,328.07,29.33,0.2,0,0,35.262831,333.27,,1,1,1,1,,2678
54878.5,0.582,-0.202,-1.493,-0.966,0.006,0.232,9.779,328.07,29.33,1.8,0,0,35.262831,334.87,,1,1,1,1,,2678.5
54879,0.657,-0.017,-1.73,-0.763,-0.059,0.256,9.964,328.07,29.33,1.8,0,0,35.262831,334.87,,1,1,1,1,,2679
54879.5,0.697,0.148,-1.797,-0.493,-0.12,0.279,10.145,328.07,30.43,358.3,0,0,36.585338,331.37,,1,1,1,1,,2679.5
54880,0.701,0.271,-1.692,-0.184,-0.157,0.269,10.279,328.07,30.43,358.3,0,0,36.585338,331.37,,1,1,1,1,,2680
54880.5,0.666,0.35,-1.429,0.137,-0.18,0.245,10.373,328.17,29.33,2.5,0,0,35.262831,335.67,,1,1,1,1,,2680.5
54881,0.592,0.373,-1.037,0.438,-0.19,0.207,10.415,328.17,29.33,2.5,0,0,35.262831,335.67,,1,1,1,1,,2681
54881.5,0.491,0.348,-0.557,0.686,-0.171,0.159,10.386,328.17,31.35,1.5,0,0,37.691434,334.67,,1,1,1,1,,2681.5
54882,0.374,0.278,-0.04,0.855,-0.116,0.095,10.283,328.17,31.35,1.5,0,0,37.691434,334.67,,1,1,1,1,,2682
54882.5,0.256,0.173,0.462,0.931,-0.064,0.024,10.15,328.17,31.35,1.2,0,0,37.691434,334.37,,1,1,1,1,,2682.5
54883,0.149,0.045,0.897,0.907,-0.004,-0.03,9.975,328.17,31.35,1.2,0,0,37.691434,334.37,,1,1,1,1,,2683
54883.5,0.063,-0.091,1.223,0.787,0.055,-0.061,9.799,328.07,31.35,3.4,0,0,37.691434,336.47,,1,1,1,1,,2683.5
54884,0.008,-0.222,1.409,0.586,0.125,-0.078,9.609,328.07,31.35,3.4,0,0,37.691434,336.47,,1,1,1,1,,2684
54884.5,-0.017,-0.335,1.44,0.33,0.165,-0.105,9.462,327.97,31.35,1,0,0,37.691434,333.97,,1,1,1,1,,2684.5
54885,-0.013,-0.417,1.322,0.06,0.173,-0.135,9.388,327.97,31.35,1,0,0,37.691434,333.97,,1,1,1,1,,2685
54885.5,0.01,-0.472,1.075,-0.206,0.194,-0.178,9.326,327.87,30.43,357.5,0,0,36.585338,330.37,,1,1,1,1,,2685.5
54886,0.047,-0.491,0.733,-0.43,0.172,-0.168,9.355,327.87,30.43,357.5,0,0,36.585338,330.37,,1,1,1,1,,2686
54886.5,0.087,-0.481,0.338,-0.599,0.151,-0.118,9.4,327.87,28.4,358.5,0,0,34.144712,331.37,,1,1,1,1,,2686.5
54887,0.118,-0.443,-0.069,-0.696,0.116,-0.042,9.504,327.87,28.4,358.5,0,0,34.144712,331.37,,1,1,1,1,,2687
54887.5,0.14,-0.384,-0.443,-0.714,0.081,0.061,9.619,327.87,30.43,0.6,0,0,36.585338,333.47,,1,1,1,1,,2687.5
54888,0.149,-0.307,-0.748,-0.656,0.024,0.158,9.783,327.87,30.43,0.6,0,0,36.585338,333.47,,1,1,1,1,,2688
54888.5,0.147,-0.226,-0.953,-0.525,-0.004,0.23,9.917,328.07,29.33,1.8,0,0,35.262831,334.87,,1,1,1,1,,2688.5
54889,0.129,-0.148,-1.044,-0.35,-0.028,0.242,10.036,328.07,29.33,1.8,0,0,35.262831,334.87,,1,1,1,1,,2689
54889.5,0.097,-0.08,-1.015,-0.14,-0.056,0.254,10.138,328.07,30.43,0.4,0,0,36.585338,333.47,,1,1,1,1,,2689.5
54890,0.053,-0.025,-0.879,0.066,-0.049,0.244,10.17,328.07,30.43,0.4,0,0,36.585338,333.47,,1,1,1,1,,2690
54890.5,0.006,0.011,-0.657,0.252,-0.051,0.184,10.184,328.07,30.43,359.9,0,0,36.585338,332.97,,1,1,1,1,,2690.5
54891,-0.05,0.026,-0.38,0.392,-0.035,0.103,10.13,328.07,30.43,359.9,0,0,36.585338,332.97,,1,1,1,1,,2691
54891.5,-0.106,0.027,-0.086,0.473,-0.011,-0.041,10.046,327.97,30.43,358.9,0,0,36.585338,331.87,,1,1,1,1,,2691.5
54892,-0.154,0.011,0.191,0.49,0.011,-0.179,9.936,327.97,30.43,358.9,0,0,36.585338,331.87,,1,1,1,1,,2692
54892.5,-0.195,-0.014,0.42,0.459,0.006,-0.249,9.872,327.77,30.43,358.9,0,0,36.585338,331.67,,1,1,1,1,,2692.5
54893,-0.219,-0.05,0.589,0.396,0.015,-0.277,9.806,327.77,30.43,358.9,0,0,36.585338,331.67,,1,1,1,1,,2693
54893.5,-0.22,-0.092,0.69,0.314,0.016,-0.239,9.772,327.67,30.43,357.2,0,0,36.585338,329.87,,1,1,1,1,,2693.5
54894,-0.194,-0.141,0.728,0.223,0.024,-0.201,9.734,327.67,30.43,357.2,0,0,36.585338,329.87,,1,1,1,1,,2694
54894.5,-0.138,-0.195,0.703,0.12,0.05,-0.14,9.688,327.57,30.43,359.2,0,0,36.585338,331.77,,1,1,1,1,,2694.5
54895,-0.058,-0.255,0.624,0.015,0.069,-0.05,9.65,327.57,30.43,359.2,0,0,36.585338,331.77,,1,1,1,1,,2695
54895.5,0.041,-0.312,0.496,-0.097,0.084,-0.015,9.614,327.67,30.43,0.8,0,0,36.585338,333.47,,1,1,1,1,,2695.5
54896,0.147,-0.361,0.328,-0.203,0.101,0.007,9.593,327.67,30.43,0.8,0,0,36.585338,333.47,,1,1,1,1,,2696
54896.5,0.252,-0.396,0.131,-0.302,0.119,0.026,9.571,327.57,28.4,1,0,0,34.144712,333.57,,1,1,1,1,,2696.5
54897,0.342,-0.409,-0.081,-0.373,0.109,0.085,9.606,327.57,28.4,1,0,0,34.144712,333.57,,1,1,1,1,,2697
54897.5,0.407,-0.398,-0.286,-0.411,0.095,0.142,9.648,327.77,28.4,1.1,0,0,34.144712,333.87,,1,1,1,1,,2697.5
54898,0.441,-0.365,-0.468,-0.411,0.083,0.181,9.718,327.77,28.4,1.1,0,0,34.144712,333.87,,1,1,1,1,,2698
54898.5,0.443,-0.31,-0.607,-0.371,0.066,0.204,9.783,327.67,30.43,358,0,0,36.585338,330.67,,1,1,1,1,,2698.5
54899,0.415,-0.239,-0.69,-0.297,0.035,0.195,9.864,327.67,30.43,358,0,0,36.585338,330.67,,1,1,1,1,,2699
54899.5,0.364,-0.159,-0.71,-0.194,0.008,0.215,9.937,327.67,30.43,0.6,0,0,36.585338,333.27,,1,1,1,1,,2699.5
54900,0.298,-0.076,-0.663,-0.072,-0.013,0.166,10.003,327.67,30.43,0.6,0,0,36.585338,333.27,,1,1,1,1,,2700
54900.5,0.223,-0.004,-0.554,0.061,-0.027,0.142,10.044,327.67,30.43,359.8,0,0,36.585338,332.47,,1,1,1,1,,2700.5
54901,0.152,0.051,-0.393,0.18,-0.036,0.092,10.053,327.67,30.43,359.8,0,0,36.585338,332.47,,1,1,1,1,,2701
54901.5,0.091,0.081,-0.198,0.277,-0.033,0.043,10.038,327.57,30.43,357.3,0,0,36.585338,329.87,,1,1,1,1,,2701.5
54902,0.045,0.086,0.009,0.336,-0.017,-0.057,9.978,327.57,30.43,357.3,0,0,36.585338,329.87,,1,1,1,1,,2702
54902.5,0.017,0.068,0.204,0.356,-0.003,-0.058,9.924,327.37,30.43,357.8,0,0,36.585338,330.17,,1,1,1,1,,2702.5
54903,0.009,0.026,0.368,0.336,0.02,-0.069,9.854,327.37,30.43,357.8,0,0,36.585338,330.17,,1,1,1,1,,2703
54903.5,0.016,-0.028,0.486,0.289,0.026,-0.11,9.814,327.37,30.43,358.9,0,0,36.585338,331.27,,1,1,1,1,,2703.5
54904,0.041,-0.092,0.556,0.226,0.034,-0.081,9.772,327.37,30.43,358.9,0,0,36.585338,331.27,,1,1,1,1,,2704
54904.5,0.075,-0.161,0.577,0.161,0.022,-0.107,9.769,327.27,29.33,1,0,0,35.262831,333.27,,1,1,1,1,,2704.5
54905,0.107,-0.228,0.557,0.1,0.029,-0.128,9.76,327.27,29.33,1,0,0,35.262831,333.27,,1,1,1,1,,2705
54905.5,0.133,-0.293,0.506,0.048,0.026,-0.051,9.771,327.27,29.33,1.1,0,0,35.262831,333.37,,1,1,1,1,,2705.5
54906,0.141,-0.351,0.432,0.002,0.041,0.002,9.762,327.27,29.33,1.1,0,0,35.262831,333.37,,1,1,1,1,,2706
54906.5,0.128,-0.401,0.341,-0.043,0.056,0.031,9.758,327.17,28.4,3.3,0,0,34.144712,335.47,,1,1,1,1,,2706.5
54907,0.094,-0.437,0.239,-0.081,0.077,0.041,9.745,327.17,28.4,3.3,0,0,34.144712,335.47,,1,1,1,1,,2707
54907.5,0.045,-0.46,0.129,-0.118,0.096,0.043,9.737,327.27,28.4,3.3,0,0,34.144712,335.57,,1,1,1,1,,2707.5
54908,-0.017,-0.472,0.018,-0.151,0.097,0.045,9.729,327.27,28.4,3.3,0,0,34.144712,335.57,,1,1,1,1,,2708
54908.5,-0.087,-0.466,-0.095,-0.187,0.106,0.046,9.707,327.37,28.4,358.4,0,0,34.144712,330.77,,1,1,1,1,,2708.5
54909,-0.155,-0.443,-0.206,-0.22,0.107,0.019,9.699,327.37,28.4,358.4,0,0,34.144712,330.77,,1,1,1,1,,2709
54909.5,-0.217,-0.403,-0.313,-0.251,0.099,0.021,9.684,327.37,28.4,2.5,0,0,34.144712,334.87,,1,1,1,1,,2709.5
54910,-0.269,-0.342,-0.414,-0.274,0.081,-0.003,9.694,327.37,28.4,2.5,0,0,34.144712,334.87,,1,1,1,1,,2710
54910.5,-0.303,-0.261,-0.503,-0.284,0.067,-0.049,9.715,327.37,29.33,3.5,0,0,35.262831,335.87,,1,1,1,1,,2710.5
54911,-0.318,-0.169,-0.571,-0.27,0.04,-0.024,9.762,327.37,29.33,3.5,0,0,35.262831,335.87,,1,1,1,1,,2711
54911.5,-0.311,-0.069,-0.607,-0.228,0.02,-0.022,9.816,327.37,30.43,2.4,0,0,36.585338,334.77,,1,1,1,1,,2711.5
54912,-0.28,0.028,-0.604,-0.162,-0.003,-0.033,9.879,327.37,30.43,2.4,0,0,36.585338,334.77,,1,1,1,1,,2712
54912.5,-0.23,0.115,-0.557,-0.078,-0.017,-0.04,9.92,327.27,29.33,357.3,0,0,35.262831,329.57,,1,1,1,1,,2712.5
54913,-0.167,0.18,-0.467,0.012,-0.027,-0.082,9.957,327.27,29.33,357.3,0,0,35.262831,329.57,,1,1,1,1,,2713
54913.5,-0.087,0.221,-0.34,0.106,-0.039,-0.053,9.99,327.17,28.4,0.8,0,0,34.144712,332.97,,1,1,1,1,,2713.5
54914,0.001,0.231,-0.184,0.193,-0.039,0.027,10.001,327.17,28.4,0.8,0,0,34.144712,332.97,,1,1,1,1,,2714
54914.5,0.085,0.205,-0.009,0.269,-0.043,0.086,10.004,326.97,27.48,355.7,0,0,33.038616,327.67,,1,1,1,1,,2714.5
54915,0.164,0.148,0.172,0.325,-0.035,0.115,9.991,326.97,27.48,355.7,0,0,33.038616,327.67,,1,1,1,1,,2715
54915.5,0.23,0.063,0.347,0.36,-0.029,0.121,9.967,326.97,27.48,354.5,0,0,33.038616,326.47,,1,1,1,1,,2715.5
54916,0.28,-0.044,0.502,0.372,-0.017,0.052,9.942,326.97,27.48,354.5,0,0,33.038616,326.47,,1,1,1,1,,2716
54916.5,0.308,-0.163,0.628,0.361,0.003,-0.075,9.905,326.97,27.48,356,0,0,33.038616,327.97,,1,1,1,1,,2716.5
54917,0.317,-0.285,0.717,0.331,0.019,-0.118,9.874,326.97,27.48,356,0,0,33.038616,327.97,,1,1,1,1,,2717
54917.5,0.311,-0.402,0.766,0.286,0.038,-0.17,9.839,326.87,27.48,359.4,0,0,33.038616,331.27,,1,1,1,1,,2717.5
54918,0.295,-0.506,0.771,0.221,0.062,-0.182,9.792,326.87,27.48,359.4,0,0,33.038616,331.27,,1,1,1,1,,2718
54918.5,0.276,-0.588,0.729,0.14,0.09,-0.146,9.741,326.97,27.48,0.9,0,0,33.038616,332.87,,1,1,1,1,,2718.5
54919,0.251,-0.645,0.643,0.048,0.109,-0.08,9.699,326.97,27.48,0.9,0,0,33.038616,332.87,,1,1,1,1,,2719
54919.5,0.228,-0.668,0.514,-0.05,0.127,0.044,9.661,327.17,26.56,2.7,0,0,31.932519,334.87,,1,1,1,1,,2719.5
54920,0.205,-0.659,0.349,-0.155,0.15,0.135,9.612,327.17,26.56,2.7,0,0,31.932519,334.87,,1,1,1,1,,2720
54920.5,0.186,-0.62,0.153,-0.26,0.157,0.21,9.58,327.27,28.4,357.2,0,0,34.144712,329.47,,1,1,1,1,,2720.5
54921,0.171,-0.55,-0.065,-0.358,0.153,0.266,9.557,327.27,28.4,357.2,0,0,34.144712,329.47,,1,1,1,1,,2721
54921.5,0.163,-0.454,-0.295,-0.442,0.132,0.291,9.558,327.27,28.4,358.5,0,0,34.144712,330.77,,1,1,1,1,,2721.5
54922,0.165,-0.34,-0.521,-0.502,0.11,0.293,9.571,327.27,28.4,358.5,0,0,34.144712,330.77,,1,1,1,1,,2722
54922.5,0.169,-0.212,-0.728,-0.531,0.077,0.246,9.615,327.27,28.4,357.5,0,0,34.144712,329.77,,1,1,1,1,,2722.5
54923,0.171,-0.082,-0.901,-0.526,0.044,0.202,9.665,327.27,28.4,357.5,0,0,34.144712,329.77,,1,1,1,1,,2723
54923.5,0.166,0.045,-1.025,-0.484,0.01,0.122,9.741,327.17,30.43,359.8,0,0,36.585338,331.97,,1,1,1,1,,2723.5
54924,0.151,0.161,-1.088,-0.404,-0.02,0.016,9.82,327.17,30.43,359.8,0,0,36.585338,331.97,,1,1,1,1,,2724
54924.5,0.122,0.258,-1.079,-0.284,-0.06,-0.059,9.927,326.97,31.35,1.1,0,0,37.691434,333.07,,1,1,1,1,,2724.5
54925,0.078,0.325,-0.991,-0.128,-0.09,-0.121,10.033,326.97,31.35,1.1,0,0,37.691434,333.07,,1,1,1,1,,2725
54925.5,0.028,0.36,-0.82,0.061,-0.117,-0.16,10.146,326.87,31.35,359.3,0,0,37.691434,331.17,,1,1,1,1,,2725.5
54926,-0.021,0.353,-0.566,0.274,-0.146,-0.188,10.25,326.87,31.35,359.3,0,0,37.691434,331.17,,1,1,1,1,,2726
54926.5,-0.066,0.302,-0.241,0.48,-0.145,-0.193,10.297,326.77,31.35,1.5,0,0,37.691434,333.27,,1,1,1,1,,2726.5
54927,-0.1,0.209,0.133,0.665,-0.121,-0.177,10.304,326.77,31.35,1.5,0,0,37.691434,333.27,,1,1,1,1,,2727
54927.5,-0.122,0.077,0.526,0.792,-0.079,-0.121,10.235,326.87,29.33,356.3,0,0,35.262831,328.17,,1,1,1,1,,2727.5
54928,-0.135,-0.085,0.899,0.854,-0.044,-0.11,10.153,326.87,29.33,356.3,0,0,35.262831,328.17,,1,1,1,1,,2728
54928.5,-0.143,-0.264,1.216,0.833,0.021,-0.026,10.001,326.87,29.33,1.6,0,0,35.262831,333.47,,1,1,1,1,,2728.5
54929,-0.152,-0.442,1.44,0.733,0.073,0.003,9.849,326.87,29.33,1.6,0,0,35.262831,333.47,,1,1,1,1,,2729
54929.5,-0.162,-0.608,1.546,0.555,0.136,-0.059,9.658,326.97,31.35,3.9,0,0,37.691434,335.87,,1,1,1,1,,2729.5
54930,-0.173,-0.742,1.515,0.312,0.18,-0.032,9.504,326.97,31.35,3.9,0,0,37.691434,335.87,,1,1,1,1,,2730
54930.5,-0.183,-0.831,1.344,0.033,0.215,0.016,9.363,327.07,30.43,6.2,0,0,36.585338,338.27,,1,1,1,1,,2730.5
54931,-0.193,-0.864,1.043,-0.26,0.233,0.049,9.273,327.07,30.43,6.2,0,0,36.585338,338.27,,1,1,1,1,,2731
54931.5,-0.198,-0.839,0.636,-0.534,0.241,0.073,9.222,327.17,31.35,7.8,0,0,37.691434,339.97,,1,1,1,1,,2731.5
54932,-0.198,-0.758,0.159,-0.765,0.217,0.124,9.244,327.17,31.35,7.8,0,0,37.691434,339.97,,1,1,1,1,,2732
54932.5,-0.188,-0.624,-0.343,-0.922,0.171,0.1,9.331,327.17,33.2,10.4,0,0,39.915649,342.57,,1,1,1,1,,2732.5
54933,-0.17,-0.452,-0.822,-0.991,0.121,0.068,9.464,327.17,33.2,10.4,0,0,39.915649,342.57,,1,1,1,1,,2733
54933.5,-0.14,-0.259,-1.228,-0.956,0.061,0.049,9.641,327.17,32.28,7.3,0,0,38.809553,339.47,,1,1,1,1,,2733.5
54934,-0.099,-0.061,-1.519,-0.826,-0.005,-0.008,9.835,327.17,32.28,7.3,0,0,38.809553,339.47,,1,1,1,1,,2734
54934.5,-0.057,0.119,-1.665,-0.607,-0.078,-0.058,10.037,326.97,33.2,4.1,0,0,39.915649,336.07,,1,1,1,1,,2734.5
54935,-0.009,0.261,-1.648,-0.333,-0.124,-0.101,10.185,326.97,33.2,4.1,0,0,39.915649,336.07,,1,1,1,1,,2735
54935.5,0.037,0.356,-1.474,-0.026,-0.175,-0.11,10.323,326.97,33.2,2.3,0,0,39.915649,334.27,,1,1,1,1,,2735.5
54936,0.075,0.393,-1.16,0.277,-0.195,-0.082,10.386,326.97,33.2,2.3,0,0,39.915649,334.27,,1,1,1,1,,2736
54936.5,0.104,0.373,-0.739,0.549,-0.189,-0.024,10.401,326.87,33.2,2,0,0,39.915649,333.87,,1,1,1,1,,2736.5
54937,0.126,0.297,-0.253,0.759,-0.164,0.007,10.342,326.87,33.2,2,0,0,39.915649,333.87,,1,1,1,1,,2737
54937.5,0.142,0.177,0.246,0.887,-0.117,0.021,10.241,326.87,32.28,0.1,0,0,38.809553,331.97,,1,1,1,1,,2737.5
54938,0.159,0.021,0.708,0.922,-0.047,-0.001,10.087,326.87,32.28,0.1,0,0,38.809553,331.97,,1,1,1,1,,2738
54938.5,0.182,-0.151,1.087,0.859,0.021,-0.008,9.915,326.77,31.35,1.8,0,0,37.691434,333.57,,1,1,1,1,,2738.5
54939,0.217,-0.322,1.346,0.71,0.094,-0.01,9.739,326.77,31.35,1.8,0,0,37.691434,333.57,,1,1,1,1,,2739
54939.5,0.268,-0.477,1.463,0.496,0.151,0.014,9.581,326.87,30.43,1.3,0,0,36.585338,333.17,,1,1,1,1,,2739.5
54940,0.324,-0.601,1.431,0.238,0.203,-0.004,9.439,326.87,30.43,1.3,0,0,36.585338,333.17,,1,1,1,1,,2740
54940.5,0.382,-0.682,1.259,-0.035,0.219,0.047,9.356,326.87,30.43,5.2,0,0,36.585338,337.07,,1,1,1,1,,2740.5
54941,0.427,-0.716,0.967,-0.298,0.222,0.102,9.306,326.87,30.43,5.2,0,0,36.585338,337.07,,1,1,1,1,,2741
54941.5,0.444,-0.7,0.586,-0.525,0.206,0.15,9.317,326.87,30.43,4.6,0,0,36.585338,336.47,,1,1,1,1,,2741.5
54942,0.433,-0.639,0.159,-0.698,0.19,0.196,9.35,326.87,30.43,4.6,0,0,36.585338,336.47,,1,1,1,1,,2742
54942.5,0.39,-0.533,-0.275,-0.798,0.136,0.206,9.462,326.97,29.33,3.4,0,0,35.262831,335.37,,1,1,1,1,,2742.5
54943,0.323,-0.401,-0.668,-0.81,0.081,0.144,9.6,326.97,29.33,3.4,0,0,35.262831,335.37,,1,1,1,1,,2743
54943.5,0.242,-0.25,-0.983,-0.742,0.03,0.112,9.76,326.97,30.43,0.9,0,0,36.585338,332.87,,1,1,1,1,,2743.5
54944,0.154,-0.099,-1.187,-0.592,-0.028,0.09,9.929,326.97,30.43,0.9,0,0,36.585338,332.87,,1,1,1,1,,2744
54944.5,0.068,0.038,-1.26,-0.385,-0.074,0.051,10.078,326.97,31.35,6.2,0,0,37.691434,338.17,,1,1,1,1,,2744.5
54945,-0.013,0.149,-1.195,-0.126,-0.14,0.028,10.238,326.97,31.35,6.2,0,0,37.691434,338.17,,1,1,1,1,,2745
54945.5,-0.076,0.218,-0.996,0.153,-0.171,0.004,10.337,326.97,31.35,8,0,0,37.691434,339.97,,1,1,1,1,,2745.5
54946,-0.12,0.236,-0.68,0.425,-0.191,-0.061,10.392,326.97,31.35,8,0,0,37.691434,339.97,,1,1,1,1,,2746
54946.5,-0.135,0.199,-0.282,0.655,-0.178,-0.112,10.372,326.77,30.43,6.7,0,0,36.585338,338.47,,1,1,1,1,,2746.5
54947,-0.126,0.112,0.154,0.807,-0.127,-0.158,10.266,326.77,30.43,6.7,0,0,36.585338,338.47,,1,1,1,1,,2747
54947.5,-0.099,-0.017,0.574,0.867,-0.075,-0.177,10.129,326.77,30.43,8.3,0,0,36.585338,340.07,,1,1,1,1,,2747.5
54948,-0.059,-0.176,0.93,0.82,0.009,-0.156,9.92,326.77,30.43,8.3,0,0,36.585338,340.07,,1,1,1,1,,2748
54948.5,-0.014,-0.339,1.173,0.67,0.086,-0.111,9.717,326.77,30.43,7.4,0,0,36.585338,339.17,,1,1,1,1,,2748.5
54949,0.022,-0.494,1.276,0.44,0.155,-0.068,9.516,326.77,30.43,7.4,0,0,36.585338,339.17,,1,1,1,1,,2749
54949.5,0.043,-0.62,1.222,0.15,0.204,-0.022,9.352,326.87,28.4,8.5,0,0,34.144712,340.37,,1,1,1,1,,2749.5
54950,0.042,-0.701,1.017,-0.161,0.238,0.025,9.233,326.87,28.4,8.5,0,0,34.144712,340.37,,1,1,1,1,,2750
54950.5,0.017,-0.725,0.681,-0.463,0.249,0.046,9.184,326.97,29.33,0,0,0,35.262831,331.97,,1,1,1,1,,2750.5
54951,-0.021,-0.687,0.255,-0.713,0.23,0.057,9.211,326.97,29.33,0,0,0,35.262831,331.97,,1,1,1,1,,2751
54951.5,-0.063,-0.589,-0.215,-0.891,0.199,0.066,9.292,327.07,28.4,6.7,0,0,34.144712,338.77,,1,1,1,1,,2751.5
54952,-0.104,-0.441,-0.674,-0.963,0.133,0.071,9.459,327.07,28.4,6.7,0,0,34.144712,338.77,,1,1,1,1,,2752
54952.5,-0.128,-0.257,-1.066,-0.932,0.07,0.073,9.639,327.17,29.33,359.2,0,0,35.262831,331.37,,1,1,1,1,,2752.5
54953,-0.136,-0.058,-1.347,-0.792,-0.013,0.083,9.869,327.17,29.33,359.2,0,0,35.262831,331.37,,1,1,1,1,,2753
54953.5,-0.125,0.132,-1.479,-0.56,-0.088,0.082,10.072,327.07,28.4,354.8,0,0,34.144712,326.87,,1,1,1,1,,2753.5
54954,-0.097,0.293,-1.446,-0.259,-0.149,0.078,10.27,327.07,28.4,354.8,0,0,34.144712,326.87,,1,1,1,1,,2754
54954.5,-0.06,0.408,-1.246,0.077,-0.199,0.057,10.408,326.97,28.4,348.4,0,0,34.144712,320.37,,1,1,1,1,,2754.5
54955,-0.022,0.458,-0.899,0.412,-0.211,0.025,10.486,326.97,28.4,348.4,0,0,34.144712,320.37,,1,1,1,1,,2755
54955.5,0.018,0.443,-0.44,0.709,-0.213,-0.038,10.494,326.97,27.48,353.7,0,0,33.038616,325.67,,1,1,1,1,,2755.5
54956,0.056,0.356,0.084,0.938,-0.193,-0.1,10.445,326.97,27.48,353.7,0,0,33.038616,325.67,,1,1,1,1,,2756
54956.5,0.091,0.207,0.619,1.081,-0.15,-0.127,10.334,326.87,28.4,353.2,0,0,34.144712,325.07,,1,1,1,1,,2756.5
54957,0.126,0.007,1.11,1.117,-0.087,-0.133,10.163,326.87,28.4,353.2,0,0,34.144712,325.07,,1,1,1,1,,2757
54957.5,0.16,-0.224,1.504,1.034,-0.001,-0.138,9.935,326.77,29.33,358.8,0,0,35.262831,330.57,,1,1,1,1,,2757.5
54958,0.195,-0.462,1.752,0.832,0.091,-0.137,9.679,326.77,29.33,358.8,0,0,35.262831,330.57,,1,1,1,1,,2758
54958.5,0.233,-0.678,1.821,0.528,0.178,-0.113,9.431,326.77,31.35,356.7,0,0,37.691434,328.47,,1,1,1,1,,2758.5
54959,0.272,-0.848,1.693,0.153,0.257,-0.073,9.212,326.77,31.35,356.7,0,0,37.691434,328.47,,1,1,1,1,,2759
54959.5,0.311,-0.948,1.374,-0.254,0.306,-0.003,9.059,326.97,31.35,355.5,0,0,37.691434,327.47,,1,1,1,1,,2759.5
54960,0.344,-0.966,0.893,-0.644,0.319,0.088,8.992,326.97,31.35,355.5,0,0,37.691434,327.47,,1,1,1,1,,2760
54960.5,0.369,-0.899,0.299,-0.971,0.306,0.172,9.016,327.17,30.43,1,0,0,36.585338,333.17,,1,1,1,1,,2760.5
54961,0.387,-0.754,-0.343,-1.194,0.242,0.235,9.153,327.17,30.43,1,0,0,36.585338,333.17,,1,1,1,1,,2761
54961.5,0.397,-0.546,-0.962,-1.279,0.16,0.285,9.37,327.27,31.35,356.4,0,0,37.691434,328.67,,1,1,1,1,,2761.5
54962,0.394,-0.297,-1.481,-1.211,0.049,0.289,9.657,327.27,31.35,356.4,0,0,37.691434,328.67,,1,1,1,1,,2762
54962.5,0.374,-0.042,-1.837,-0.993,-0.056,0.265,9.962,327.27,31.35,356.5,0,0,37.691434,328.77,,1,1,1,1,,2762.5
54963,0.336,0.191,-1.984,-0.656,-0.152,0.238,10.244,327.27,31.35,356.5,0,0,37.691434,328.77,,1,1,1,1,,2763
54963.5,0.28,0.375,-1.903,-0.242,-0.224,0.149,10.465,327.27,31.35,2.1,0,0,37.691434,334.37,,1,1,1,1,,2763.5
54964,0.212,0.49,-1.61,0.18,-0.239,0.03,10.558,327.27,31.35,2.1,0,0,37.691434,334.37,,1,1,1,1,,2764
54964.5,0.141,0.523,-1.146,0.564,-0.25,-0.065,10.591,327.27,30.43,357.6,0,0,36.585338,329.87,,1,1,1,1,,2764.5
54965,0.078,0.476,-0.57,0.863,-0.21,-0.132,10.497,327.27,30.43,357.6,0,0,36.585338,329.87,,1,1,1,1,,2765
54965.5,0.028,0.365,0.043,1.046,-0.157,-0.164,10.353,327.17,27.48,3.1,0,0,33.038616,335.27,,1,1,1,1,,2765.5
54966,-0.008,0.201,0.623,1.098,-0.079,-0.137,10.139,327.17,27.48,3.1,0,0,33.038616,335.27,,1,1,1,1,,2766
54966.5,-0.021,0.013,1.105,1.022,-0.003,-0.09,9.913,327.27,27.48,1.7,0,0,33.038616,333.97,,1,1,1,1,,2766.5
54967,-0.011,-0.181,1.44,0.833,0.079,0.001,9.67,327.27,27.48,1.7,0,0,33.038616,333.97,,1,1,1,1,,2767
54967.5,0.018,-0.357,1.595,0.555,0.144,0.086,9.475,327.17,27.48,3.3,0,0,33.038616,335.47,,1,1,1,1,,2767.5
54968,0.067,-0.495,1.564,0.237,0.197,0.075,9.33,327.17,27.48,3.3,0,0,33.038616,335.47,,1,1,1,1,,2768
54968.5,0.129,-0.584,1.364,-0.084,0.221,0.035,9.268,327.17,29.33,356.7,0,0,35.262831,328.87,,1,1,1,1,,2768.5
54969,0.197,-0.621,1.034,-0.357,0.207,-0.011,9.3,327.17,29.33,356.7,0,0,35.262831,328.87,,1,1,1,1,,2769
54969.5,0.26,-0.608,0.626,-0.557,0.172,-0.063,9.385,327.17,30.43,347.4,0,0,36.585338,319.57,,1,1,1,1,,2769.5
54970,0.304,-0.559,0.196,-0.662,0.128,-0.068,9.523,327.17,30.43,347.4,0,0,36.585338,319.57,,1,1,1,1,,2770
54970.5,0.325,-0.483,-0.204,-0.679,0.074,-0.041,9.668,327.27,31.35,353.3,0,0,37.691434,325.57,,1,1,1,1,,2770.5
54971,0.316,-0.401,-0.532,-0.615,0.026,-0.018,9.806,327.27,31.35,353.3,0,0,37.691434,325.57,,1,1,1,1,,2771
54971.5,0.275,-0.316,-0.763,-0.503,-0.003,0.052,9.895,327.37,34.12,352.6,0,0,41.021746,324.97,,1,1,1,1,,2771.5
54972,0.208,-0.237,-0.89,-0.354,-0.035,0.123,9.996,327.37,34.12,352.6,0,0,41.021746,324.97,,1,1,1,1,,2772
54972.5,0.131,-0.169,-0.913,-0.198,-0.027,0.126,10.016,327.47,34.12,353.3,0,0,41.021746,325.77,,1,1,1,1,,2772.5
54973,0.052,-0.112,-0.848,-0.044,-0.045,0.146,10.063,327.47,34.12,353.3,0,0,41.021746,325.77,,1,1,1,1,,2773
54973.5,-0.014,-0.071,-0.712,0.09,-0.031,0.16,10.042,327.57,33.2,348.9,0,0,39.915649,321.47,,1,1,1,1,,2773.5
54974,-0.058,-0.038,-0.531,0.19,-0.014,0.16,10.015,327.57,33.2,348.9,0,0,39.915649,321.47,,1,1,1,1,,2774
54974.5,-0.073,-0.018,-0.329,0.255,0,0.18,9.959,327.57,33.2,0.6,0,0,39.915649,333.17,,1,1,1,1,,2774.5
54975,-0.059,-0.005,-0.131,0.278,0.008,0.173,9.909,327.57,33.2,0.6,0,0,39.915649,333.17,,1,1,1,1,,2775
54975.5,-0.018,0.002,0.044,0.271,0.027,0.116,9.84,327.47,33.2,357.3,0,0,39.915649,329.77,,1,1,1,1,,2775.5
54976,0.045,0.001,0.183,0.231,0.024,0.038,9.796,327.47,33.2,357.3,0,0,39.915649,329.77,,1,1,1,1,,2776
54976.5,0.118,-0.005,0.278,0.186,0.012,-0.085,9.788,327.37,31.35,352.4,0,0,37.691434,324.77,,1,1,1,1,,2776.5
54977,0.193,-0.017,0.333,0.131,0.024,-0.231,9.754,327.37,31.35,352.4,0,0,37.691434,324.77,,1,1,1,1,,2777
54977.5,0.257,-0.037,0.353,0.089,-0.006,-0.266,9.788,327.27,31.35,1.1,0,0,37.691434,333.37,,1,1,1,1,,2777.5
54978,0.304,-0.068,0.347,0.058,-0.01,-0.269,9.799,327.27,31.35,1.1,0,0,37.691434,333.37,,1,1,1,1,,2778
54978.5,0.325,-0.112,0.328,0.046,-0.017,-0.19,9.838,327.27,31.35,354,0,0,37.691434,326.27,,1,1,1,1,,2778.5
54979,0.319,-0.167,0.305,0.047,-0.016,-0.042,9.853,327.27,31.35,354,0,0,37.691434,326.27,,1,1,1,1,,2779
54979.5,0.287,-0.231,0.281,0.048,0.002,0.09,9.858,327.27,30.43,1.4,0,0,36.585338,333.67,,1,1,1,1,,2779.5
54980,0.232,-0.297,0.256,0.04,0.046,0.199,9.81,327.27,30.43,1.4,0,0,36.585338,333.67,,1,1,1,1,,2780
54980.5,0.166,-0.358,0.222,0.012,0.065,0.283,9.771,327.47,30.43,353.8,0,0,36.585338,326.27,,1,1,1,1,,2780.5
54981,0.094,-0.405,0.17,-0.037,0.095,0.29,9.719,327.47,30.43,353.8,0,0,36.585338,326.27,,1,1,1,1,,2781
54981.5,0.029,-0.429,0.096,-0.107,0.134,0.274,9.653,327.57,32.28,355.6,0,0,38.809553,328.17,,1,1,1,1,,2781.5
54982,-0.024,-0.423,-0.003,-0.179,0.13,0.217,9.639,327.57,32.28,355.6,0,0,38.809553,328.17,,1,1,1,1,,2782
54982.5,-0.061,-0.386,-0.121,-0.246,0.13,0.137,9.63,327.67,32.28,353.5,0,0,38.809553,326.17,,1,1,1,1,,2782.5
54983,-0.08,-0.321,-0.246,-0.289,0.108,0.058,9.657,327.67,32.28,353.5,0,0,38.809553,326.17,,1,1,1,1,,2783
54983.5,-0.081,-0.231,-0.363,-0.3,0.072,-0.032,9.711,327.47,32.28,355.6,0,0,38.809553,328.07,,1,1,1,1,,2783.5
54984,-0.07,-0.129,-0.454,-0.274,0.029,-0.128,9.79,327.47,32.28,355.6,0,0,38.809553,328.07,,1,1,1,1,,2784
54984.5,-0.045,-0.026,-0.504,-0.207,-0.018,-0.204,9.882,327.37,32.28,358.3,0,0,38.809553,330.67,,1,1,1,1,,2784.5
54985,-0.017,0.062,-0.501,-0.112,-0.045,-0.254,9.953,327.37,32.28,358.3,0,0,38.809553,330.67,,1,1,1,1,,2785
54985.5,0.004,0.123,-0.438,0.02,-0.101,-0.206,10.064,327.27,33.2,358.2,0,0,39.915649,330.47,,1,1,1,1,,2785.5
54986,0.021,0.147,-0.311,0.165,-0.114,-0.152,10.115,327.27,33.2,358.2,0,0,39.915649,330.47,,1,1,1,1,,2786
54986.5,0.029,0.128,-0.13,0.31,-0.115,-0.097,10.159,327.27,35.04,1.3,0,0,42.127842,333.57,,1,1,1,1,,2786.5
54987,0.03,0.066,0.091,0.434,-0.098,-0.023,10.144,327.27,35.04,1.3,0,0,42.127842,333.57,,1,1,1,1,,2787
54987.5,0.024,-0.033,0.325,0.507,-0.057,0.026,10.075,327.37,33.2,0.7,0,0,39.915649,333.07,,1,1,1,1,,2787.5
54988,0.012,-0.155,0.541,0.518,-0.005,0.069,9.955,327.37,33.2,0.7,0,0,39.915649,333.07,,1,1,1,1,,2788
54988.5,-0.003,-0.284,0.704,0.446,0.054,0.138,9.796,327.37,33.2,1.3,0,0,39.915649,333.67,,1,1,1,1,,2788.5
54989,-0.016,-0.403,0.783,0.31,0.096,0.176,9.649,327.37,33.2,1.3,0,0,39.915649,333.67,,1,1,1,1,,2789
54989.5,-0.022,-0.494,0.762,0.112,0.15,0.183,9.488,327.37,31.35,1.7,0,0,37.691434,334.07,,1,1,1,1,,2789.5
54990,-0.017,-0.545,0.633,-0.106,0.164,0.124,9.41,327.37,31.35,1.7,0,0,37.691434,334.07,,1,1,1,1,,2790
54990.5,0.006,-0.545,0.412,-0.319,0.174,0.057,9.37,327.37,32.28,3.9,0,0,38.809553,336.27,,1,1,1,1,,2790.5
54991,0.049,-0.493,0.126,-0.489,0.151,0.015,9.418,327.37,32.28,3.9,0,0,38.809553,336.27,,1,1,1,1,,2791
54991.5,0.11,-0.402,-0.185,-0.598,0.136,-0.02,9.476,327.27,32.28,357.2,0,0,38.809553,329.47,,1,1,1,1,,2791.5
54992,0.178,-0.281,-0.485,-0.638,0.089,-0.037,9.606,327.27,32.28,357.2,0,0,38.809553,329.47,,1,1,1,1,,2792
54992.5,0.24,-0.144,-0.733,-0.594,0.045,-0.014,9.748,327.17,33.2,0.6,0,0,39.915649,332.77,,1,1,1,1,,2792.5
54993,0.286,-0.008,-0.899,-0.482,-0.002,0.022,9.903,327.17,33.2,0.6,0,0,39.915649,332.77,,1,1,1,1,,2793
54993.5,0.309,0.11,-0.959,-0.306,-0.043,0.058,10.043,327.17,32.28,1.5,0,0,38.809553,333.67,,1,1,1,1,,2793.5
54994,0.302,0.195,-0.907,-0.1,-0.077,0.068,10.15,327.17,32.28,1.5,0,0,38.809553,333.67,,1,1,1,1,,2794
54994.5,0.266,0.241,-0.747,0.125,-0.11,0.043,10.226,327.07,32.28,5.2,0,0,38.809553,337.27,,1,1,1,1,,2794.5
54995,0.208,0.239,-0.499,0.324,-0.113,-0.01,10.226,327.07,32.28,5.2,0,0,38.809553,337.27,,1,1,1,1,,2795
54995.5,0.14,0.193,-0.194,0.496,-0.125,-0.004,10.238,327.07,33.2,355.7,0,0,39.915649,327.77,,1,1,1,1,,2795.5
54996,0.068,0.105,0.14,0.612,-0.092,-0.002,10.156,327.07,33.2,355.7,0,0,39.915649,327.77,,1,1,1,1,,2796
54996.5,-0.006,-0.015,0.463,0.667,-0.075,0.013,10.081,327.07,33.2,358,0,0,39.915649,330.07,,1,1,1,1,,2796.5
54997,-0.074,-0.151,0.743,0.65,-0.023,0.052,9.939,327.07,33.2,358,0,0,39.915649,330.07,,1,1,1,1,,2797
54997.5,-0.127,-0.288,0.946,0.563,0.021,0.024,9.822,327.07,33.2,356.7,0,0,39.915649,328.77,,1,1,1,1,,2797.5
54998,-0.162,-0.422,1.053,0.418,0.083,0.011,9.669,327.07,33.2,356.7,0,0,39.915649,328.77,,1,1,1,1,,2798
54998.5,-0.179,-0.528,1.048,0.222,0.134,-0.022,9.548,326.97,35.04,0.8,0,0,42.127842,332.77,,1,1,1,1,,2798.5
54999,-0.179,-0.603,0.933,0.007,0.17,-0.047,9.447,326.97,35.04,0.8,0,0,42.127842,332.77,,1,1,1,1,,2799
54999.5,-0.17,-0.636,0.714,-0.223,0.196,-0.081,9.379,326.97,37.99,0.7,0,0,45.674564,332.67,,1,1,1,1,,2799.5
55000,-0.154,-0.619,0.416,-0.427,0.197,-0.077,9.362,326.97,37.99,0.7,0,0,45.674564,332.67,,1,1,1,1,,2800
55000.5,-0.142,-0.557,0.065,-0.601,0.197,-0.062,9.368,326.97,37.99,358.8,0,0,45.674564,330.77,,1,1,1,1,,2800.5
55001,-0.138,-0.451,-0.304,-0.712,0.152,-0.01,9.457,326.97,37.99,358.8,0,0,45.674564,330.77,,1,1,1,1,,2801
55001.5,-0.144,-0.31,-0.652,-0.758,0.122,0.009,9.552,326.97,37.99,0.5,0,0,45.674564,332.47,,1,1,1,1,,2801.5
55002,-0.166,-0.148,-0.942,-0.712,0.046,0.043,9.729,326.97,37.99,0.5,0,0,45.674564,332.47,,1,1,1,1,,2802
55002.5,-0.197,0.014,-1.135,-0.585,-0.018,0.042,9.884,326.97,37.99,359.9,0,0,45.674564,331.87,,1,1,1,1,,2802.5
55003,-0.236,0.162,-1.209,-0.389,-0.091,0.082,10.068,326.97,37.99,359.9,0,0,45.674564,331.87,,1,1,1,1,,2803
55003.5,-0.275,0.275,-1.151,-0.149,-0.133,0.05,10.181,326.87,35.97,0.9,0,0,43.245961,332.77,,1,1,1,1,,2803.5
55004,-0.311,0.344,-0.967,0.11,-0.169,0.039,10.288,326.87,35.97,0.9,0,0,43.245961,332.77,,1,1,1,1,,2804
55004.5,-0.332,0.356,-0.675,0.362,-0.176,-0.031,10.325,326.87,35.04,359,0,0,42.127842,330.87,,1,1,1,1,,2804.5
55005,-0.334,0.314,-0.307,0.572,-0.164,-0.14,10.316,326.87,35.04,359,0,0,42.127842,330.87,,1,1,1,1,,2805
55005.5,-0.311,0.222,0.099,0.725,-0.119,-0.151,10.25,326.77,37.07,0.3,0,0,44.568467,332.07,,1,1,1,1,,2805.5
55006,-0.266,0.085,0.498,0.794,-0.056,-0.173,10.123,326.77,37.07,0.3,0,0,44.568467,332.07,,1,1,1,1,,2806
55006.5,-0.206,-0.077,0.846,0.783,-0.004,-0.203,9.989,326.67,37.07,1.4,0,0,44.568467,333.07,,1,1,1,1,,2806.5
55007,-0.133,-0.25,1.104,0.679,0.074,-0.168,9.793,326.67,37.07,1.4,0,0,44.568467,333.07,,1,1,1,1,,2807
55007.5,-0.05,-0.412,1.242,0.498,0.125,-0.13,9.631,326.57,35.04,1.2,0,0,42.127842,332.77,,1,1,1,1,,2807.5
55008,0.033,-0.549,1.243,0.256,0.175,-0.078,9.46,326.57,35.04,1.2,0,0,42.127842,332.77,,1,1,1,1,,2808
55008.5,0.116,-0.638,1.104,-0.014,0.197,0.015,9.362,326.57,37.07,357,0,0,44.568467,328.57,,1,1,1,1,,2808.5
55009,0.195,-0.676,0.844,-0.278,0.208,0.118,9.299,326.57,37.07,357,0,0,44.568467,328.57,,1,1,1,1,,2809
55009.5,0.266,-0.657,0.494,-0.503,0.18,0.184,9.332,326.57,35.97,4.5,0,0,43.245961,336.07,,1,1,1,1,,2809.5
55010,0.322,-0.588,0.099,-0.655,0.146,0.228,9.41,326.57,35.97,4.5,0,0,43.245961,336.07,,1,1,1,1,,2810
55010.5,0.359,-0.478,-0.294,-0.725,0.101,0.222,9.543,326.57,35.97,358.2,0,0,43.245961,329.77,,1,1,1,1,,2810.5
55011,0.374,-0.341,-0.638,-0.705,0.048,0.19,9.698,326.57,35.97,358.2,0,0,43.245961,329.77,,1,1,1,1,,2811
55011.5,0.363,-0.195,-0.896,-0.61,0.011,0.156,9.842,326.57,37.99,1.9,0,0,45.674564,333.47,,1,1,1,1,,2811.5
55012,0.336,-0.056,-1.043,-0.448,-0.036,0.082,9.988,326.57,37.99,1.9,0,0,45.674564,333.47,,1,1,1,1,,2812
55012.5,0.301,0.063,-1.07,-0.255,-0.061,0.024,10.084,326.57,35.04,356.1,0,0,42.127842,327.67,,1,1,1,1,,2812.5
55013,0.262,0.152,-0.983,-0.042,-0.089,-0.044,10.161,326.57,35.04,356.1,0,0,42.127842,327.67,,1,1,1,1,,2813
55013.5,0.229,0.205,-0.796,0.16,-0.1,-0.035,10.191,326.57,34.12,357.6,0,0,41.021746,329.17,,1,1,1,1,,2813.5
55014,0.213,0.214,-0.534,0.342,-0.111,-0.026,10.204,326.57,34.12,357.6,0,0,41.021746,329.17,,1,1,1,1,,2814
55014.5,0.211,0.185,-0.228,0.475,-0.086,-0.006,10.139,326.47,35.04,1.3,0,0,42.127842,332.77,,1,1,1,1,,2814.5
55015,0.225,0.122,0.085,0.546,-0.056,0.05,10.057,326.47,35.04,1.3,0,0,42.127842,332.77,,1,1,1,1,,2815
55015.5,0.246,0.032,0.369,0.544,-0.005,0.049,9.917,326.47,35.04,4.4,0,0,42.127842,335.87,,1,1,1,1,,2815.5
55016,0.269,-0.07,0.588,0.47,0.038,0.069,9.786,326.47,35.04,4.4,0,0,42.127842,335.87,,1,1,1,1,,2816
55016.5,0.282,-0.17,0.719,0.336,0.089,0.091,9.644,326.37,34.12,7.9,0,0,41.021746,339.27,,1,1,1,1,,2816.5
55017,0.28,-0.259,0.746,0.159,0.125,0.083,9.542,326.37,34.12,7.9,0,0,41.021746,339.27,,1,1,1,1,,2817
55017.5,0.253,-0.322,0.674,-0.022,0.134,0.086,9.497,326.37,35.04,5.5,0,0,42.127842,336.87,,1,1,1,1,,2817.5
55018,0.198,-0.36,0.522,-0.185,0.132,0.094,9.502,326.37,35.04,5.5,0,0,42.127842,336.87,,1,1,1,1,,2818
55018.5,0.119,-0.37,0.319,-0.298,0.103,0.074,9.573,326.37,35.97,4.5,0,0,43.245961,335.87,,1,1,1,1,,2818.5
55019,0.019,-0.357,0.102,-0.355,0.08,0.038,9.65,326.37,35.97,4.5,0,0,43.245961,335.87,,1,1,1,1,,2819
55019.5,-0.087,-0.324,-0.098,-0.349,0.036,-0.002,9.772,326.37,35.97,0.4,0,0,43.245961,331.77,,1,1,1,1,,2819.5
55020,-0.189,-0.28,-0.253,-0.295,0.023,-0.035,9.851,326.37,35.97,0.4,0,0,43.245961,331.77,,1,1,1,1,,2820
55020.5,-0.272,-0.23,-0.348,-0.205,-0.006,-0.102,9.94,326.37,35.97,1.5,0,0,43.245961,332.87,,1,1,1,1,,2820.5
55021,-0.325,-0.18,-0.377,-0.094,-0.012,-0.12,9.987,326.37,35.97,1.5,0,0,43.245961,332.87,,1,1,1,1,,2821
55021.5,-0.341,-0.136,-0.344,0.02,-0.022,-0.124,10.028,326.37,35.04,355.8,0,0,42.127842,327.17,,1,1,1,1,,2821.5
55022,-0.32,-0.106,-0.258,0.127,-0.023,-0.145,10.03,326.37,35.04,355.8,0,0,42.127842,327.17,,1,1,1,1,,2822
55022.5,-0.27,-0.09,-0.137,0.209,-0.016,-0.165,10.007,326.27,35.04,355.6,0,0,42.127842,326.87,,1,1,1,1,,2822.5
55023,-0.191,-0.089,-0.001,0.257,-0.005,-0.172,9.953,326.27,35.04,355.6,0,0,42.127842,326.87,,1,1,1,1,,2823
55023.5,-0.096,-0.103,0.127,0.259,0.015,-0.18,9.877,326.27,35.04,354.3,0,0,42.127842,325.57,,1,1,1,1,,2823.5
55024,-0.002,-0.128,0.228,0.227,0.03,-0.132,9.808,326.27,35.04,354.3,0,0,42.127842,325.57,,1,1,1,1,,2824
55024.5,0.081,-0.158,0.289,0.165,0.038,0.016,9.75,326.17,35.97,352.9,0,0,43.245961,324.07,,1,1,1,1,,2824.5
55025,0.137,-0.193,0.305,0.091,0.046,0.142,9.713,326.17,35.97,352.9,0,0,43.245961,324.07,,1,1,1,1,,2825
55025.5,0.163,-0.228,0.276,0.003,0.067,0.274,9.663,326.27,34.12,356.8,0,0,41.021746,328.07,,1,1,1,1,,2825.5
55026,0.155,-0.258,0.206,-0.084,0.077,0.352,9.643,326.27,34.12,356.8,0,0,41.021746,328.07,,1,1,1,1,,2826
55026.5,0.118,-0.276,0.103,-0.167,0.085,0.322,9.624,326.37,33.2,1.5,0,0,39.915649,332.87,,1,1,1,1,,2826.5
55027,0.065,-0.282,-0.021,-0.227,0.071,0.213,9.67,326.37,33.2,1.5,0,0,39.915649,332.87,,1,1,1,1,,2827
55027.5,0.006,-0.276,-0.148,-0.259,0.071,0.087,9.692,326.47,33.2,3.5,0,0,39.915649,334.97,,1,1,1,1,,2827.5
55028,-0.048,-0.256,-0.264,-0.267,0.054,-0.126,9.742,326.47,33.2,3.5,0,0,39.915649,334.97,,1,1,1,1,,2828
55028.5,-0.088,-0.221,-0.357,-0.254,0.052,-0.235,9.761,326.37,34.12,2.6,0,0,41.021746,333.97,,1,1,1,1,,2828.5
55029,-0.103,-0.177,-0.423,-0.219,0.023,-0.275,9.829,326.37,34.12,2.6,0,0,41.021746,333.97,,1,1,1,1,,2829
55029.5,-0.085,-0.128,-0.448,-0.155,0.009,-0.269,9.882,326.27,35.04,0.7,0,0,42.127842,331.97,,1,1,1,1,,2829.5
55030,-0.036,-0.078,-0.428,-0.068,-0.021,-0.186,9.958,326.27,35.04,0.7,0,0,42.127842,331.97,,1,1,1,1,,2830
55030.5,0.041,-0.036,-0.359,0.038,-0.03,-0.103,10.002,326.17,34.12,1.6,0,0,41.021746,332.77,,1,1,1,1,,2830.5
55031,0.136,-0.007,-0.246,0.138,-0.037,-0.027,10.023,326.17,34.12,1.6,0,0,41.021746,332.77,,1,1,1,1,,2831
55031.5,0.233,0.004,-0.101,0.227,-0.029,0.06,10.018,326.17,34.12,8.3,0,0,41.021746,339.47,,1,1,1,1,,2831.5
55032,0.317,-0.003,0.059,0.284,-0.011,0.113,9.979,326.17,34.12,8.3,0,0,41.021746,339.47,,1,1,1,1,,2832
55032.5,0.379,-0.031,0.216,0.313,0.002,0.159,9.937,326.17,34.12,359.2,0,0,41.021746,330.37,,1,1,1,1,,2832.5
55033,0.409,-0.073,0.35,0.301,0.025,0.211,9.861,326.17,34.12,359.2,0,0,41.021746,330.37,,1,1,1,1,,2833
55033.5,0.406,-0.126,0.448,0.262,0.031,0.245,9.82,326.27,34.12,0.4,0,0,41.021746,331.67,,1,1,1,1,,2833.5
55034,0.364,-0.181,0.502,0.199,0.055,0.276,9.755,326.27,34.12,0.4,0,0,41.021746,331.67,,1,1,1,1,,2834
55034.5,0.289,-0.236,0.508,0.124,0.056,0.292,9.732,326.27,32.28,0.9,0,0,38.809553,332.17,,1,1,1,1,,2834.5
55035,0.185,-0.283,0.468,0.038,0.077,0.219,9.681,326.27,32.28,0.9,0,0,38.809553,332.17,,1,1,1,1,,2835
55035.5,0.067,-0.32,0.386,-0.052,0.086,0.144,9.661,326.37,33.2,357.9,0,0,39.915649,329.27,,1,1,1,1,,2835.5
55036,-0.058,-0.34,0.268,-0.139,0.099,-0.007,9.633,326.37,33.2,357.9,0,0,39.915649,329.27,,1,1,1,1,,2836
55036.5,-0.178,-0.341,0.124,-0.216,0.099,-0.206,9.645,326.27,33.2,1,0,0,39.915649,332.27,,1,1,1,1,,2836.5
55037,-0.282,-0.326,-0.029,-0.265,0.089,-0.34,9.666,326.27,33.2,1,0,0,39.915649,332.27,,1,1,1,1,,2837
55037.5,-0.367,-0.293,-0.179,-0.291,0.07,-0.396,9.708,326.27,33.2,358,0,0,39.915649,329.27,,1,1,1,1,,2837.5
55038,-0.427,-0.248,-0.308,-0.279,0.041,-0.383,9.775,326.27,33.2,358,0,0,39.915649,329.27,,1,1,1,1,,2838
55038.5,-0.462,-0.196,-0.399,-0.228,0.002,-0.24,9.863,326.17,34.12,2,0,0,41.021746,333.17,,1,1,1,1,,2838.5
55039,-0.469,-0.146,-0.439,-0.142,-0.024,-0.103,9.942,326.17,34.12,2,0,0,41.021746,333.17,,1,1,1,1,,2839
55039.5,-0.449,-0.102,-0.421,-0.033,-0.049,0.002,10.014,326.27,35.04,1.6,0,0,42.127842,332.87,,1,1,1,1,,2839.5
55040,-0.412,-0.075,-0.347,0.079,-0.044,0.109,10.03,326.27,35.04,1.6,0,0,42.127842,332.87,,1,1,1,1,,2840
55040.5,-0.361,-0.065,-0.229,0.178,-0.05,0.189,10.039,326.37,34.12,7.7,0,0,41.021746,339.07,,1,1,1,1,,2840.5
55041,-0.305,-0.074,-0.085,0.246,-0.02,0.159,9.987,326.37,34.12,7.7,0,0,41.021746,339.07,,1,1,1,1,,2841
55041.5,-0.252,-0.101,0.061,0.266,0.023,0.116,9.896,326.37,34.12,1.3,0,0,41.021746,332.67,,1,1,1,1,,2841.5
55042,-0.204,-0.135,0.181,0.234,0.06,0.098,9.789,326.37,34.12,1.3,0,0,41.021746,332.67,,1,1,1,1,,2842
55042.5,-0.171,-0.169,0.252,0.142,0.099,0.022,9.668,326.47,35.04,2,0,0,42.127842,333.47,,1,1,1,1,,2842.5
55043,-0.16,-0.192,0.259,0.02,0.124,-0.041,9.577,326.47,35.04,2,0,0,42.127842,333.47,,1,1,1,1,,2843
55043.5,-0.176,-0.196,0.2,-0.116,0.132,-0.088,9.534,326.27,35.97,0.4,0,0,43.245961,331.67,,1,1,1,1,,2843.5
55044,-0.221,-0.18,0.089,-0.221,0.096,-0.135,9.584,326.27,35.97,0.4,0,0,43.245961,331.67,,1,1,1,1,,2844
55044.5,-0.283,-0.143,-0.046,-0.28,0.067,-0.143,9.646,326.27,35.97,1.1,0,0,43.245961,332.37,,1,1,1,1,,2844.5
55045,-0.356,-0.099,-0.175,-0.28,0.028,-0.209,9.764,326.27,35.97,1.1,0,0,43.245961,332.37,,1,1,1,1,,2845
55045.5,-0.424,-0.059,-0.268,-0.224,-0.014,-0.248,9.872,326.27,37.07,359.7,0,0,44.568467,330.97,,1,1,1,1,,2845.5
55046,-0.471,-0.026,-0.306,-0.116,-0.059,-0.2,10.009,326.27,37.07,359.7,0,0,44.568467,330.97,,1,1,1,1,,2846
55046.5,-0.482,-0.017,-0.274,0.027,-0.067,-0.173,10.079,326.27,35.97,359.9,0,0,43.245961,331.17,,1,1,1,1,,2846.5
55047,-0.458,-0.03,-0.175,0.169,-0.076,-0.077,10.127,326.27,35.97,359.9,0,0,43.245961,331.17,,1,1,1,1,,2847
55047.5,-0.398,-0.075,-0.023,0.3,-0.059,0.008,10.118,326.27,37.07,2.6,0,0,44.568467,333.87,,1,1,1,1,,2847.5
55048,-0.307,-0.144,0.157,0.384,-0.026,0.008,10.068,326.27,37.07,2.6,0,0,44.568467,333.87,,1,1,1,1,,2848
55048.5,-0.195,-0.232,0.338,0.42,0.01,0.013,9.983,326.27,37.07,3.3,0,0,44.568467,334.57,,1,1,1,1,,2848.5
55049,-0.07,-0.327,0.488,0.388,0.052,-0.032,9.854,326.27,37.07,3.3,0,0,44.568467,334.57,,1,1,1,1,,2849
55049.5,0.059,-0.412,0.582,0.302,0.085,-0.067,9.736,326.37,35.97,3.2,0,0,43.245961,334.57,,1,1,1,1,,2849.5
55050,0.18,-0.477,0.598,0.152,0.136,-0.058,9.578,326.37,35.97,3.2,0,0,43.245961,334.57,,1,1,1,1,,2850
55050.5,0.283,-0.506,0.526,-0.025,0.152,0.001,9.496,326.47,35.04,1.8,0,0,42.127842,333.27,,1,1,1,1,,2850.5
55051,0.359,-0.497,0.368,-0.224,0.184,0.09,9.393,326.47,35.04,1.8,0,0,42.127842,333.27,,1,1,1,1,,2851
55051.5,0.403,-0.438,0.136,-0.411,0.173,0.195,9.385,326.47,35.04,3.7,0,0,42.127842,335.17,,1,1,1,1,,2851.5
55052,0.41,-0.338,-0.143,-0.557,0.162,0.271,9.408,326.47,35.04,3.7,0,0,42.127842,335.17,,1,1,1,1,,2852
55052.5,0.378,-0.203,-0.433,-0.63,0.104,0.289,9.547,326.47,35.97,3.3,0,0,43.245961,334.77,,1,1,1,1,,2852.5
55053,0.321,-0.051,-0.685,-0.605,0.04,0.238,9.718,326.47,35.97,3.3,0,0,43.245961,334.77,,1,1,1,1,,2853
55053.5,0.24,0.093,-0.857,-0.485,-0.041,0.134,9.931,326.37,35.97,3,0,0,43.245961,334.37,,1,1,1,1,,2853.5
55054,0.152,0.208,-0.915,-0.283,-0.104,0.015,10.115,326.37,35.97,3,0,0,43.245961,334.37,,1,1,1,1,,2854
55054.5,0.068,0.279,-0.844,-0.03,-0.156,-0.067,10.261,326.47,35.97,3.1,0,0,43.245961,334.57,,1,1,1,1,,2854.5
55055,-0.002,0.288,-0.647,0.239,-0.178,-0.109,10.345,326.47,35.97,3.1,0,0,43.245961,334.57,,1,1,1,1,,2855
55055.5,-0.05,0.239,-0.35,0.476,-0.167,-0.132,10.344,326.47,35.97,4.1,0,0,43.245961,335.57,,1,1,1,1,,2855.5
55056,-0.071,0.131,0.008,0.661,-0.146,-0.141,10.3,326.47,35.97,4.1,0,0,43.245961,335.57,,1,1,1,1,,2856
55056.5,-0.065,-0.019,0.382,0.758,-0.079,-0.144,10.158,326.37,35.04,5.1,0,0,42.127842,336.47,,1,1,1,1,,2856.5
55057,-0.034,-0.197,0.72,0.766,-0.023,-0.154,10.022,326.37,35.04,5.1,0,0,42.127842,336.47,,1,1,1,1,,2857
55057.5,0.016,-0.383,0.98,0.673,0.066,-0.135,9.808,326.37,35.97,6.6,0,0,43.245961,337.97,,1,1,1,1,,2857.5
55058,0.083,-0.551,1.122,0.487,0.141,-0.085,9.61,326.37,35.97,6.6,0,0,43.245961,337.97,,1,1,1,1,,2858
55058.5,0.145,-0.682,1.123,0.228,0.216,-0.025,9.403,326.37,35.04,6.8,0,0,42.127842,338.17,,1,1,1,1,,2858.5
55059,0.204,-0.756,0.973,-0.078,0.261,0.065,9.256,326.37,35.04,6.8,0,0,42.127842,338.17,,1,1,1,1,,2859
55059.5,0.242,-0.759,0.686,-0.39,0.285,0.134,9.161,326.47,35.97,6.6,0,0,43.245961,338.07,,1,1,1,1,,2859.5
55060,0.254,-0.687,0.288,-0.676,0.275,0.186,9.151,326.47,35.97,6.6,0,0,43.245961,338.07,,1,1,1,1,,2860
55060.5,0.235,-0.546,-0.172,-0.878,0.222,0.201,9.255,326.57,35.04,7.6,0,0,42.127842,339.17,,1,1,1,1,,2860.5
55061,0.185,-0.353,-0.632,-0.969,0.144,0.204,9.431,326.57,35.04,7.6,0,0,42.127842,339.17,,1,1,1,1,,2861
55061.5,0.098,-0.13,-1.028,-0.925,0.042,0.187,9.681,326.77,35.97,6.1,0,0,43.245961,337.87,,1,1,1,1,,2861.5
55062,-0.017,0.088,-1.302,-0.758,-0.059,0.124,9.933,326.77,35.97,6.1,0,0,43.245961,337.87,,1,1,1,1,,2862
55062.5,-0.153,0.28,-1.415,-0.489,-0.136,0.044,10.175,326.77,35.97,5.2,0,0,43.245961,336.97,,1,1,1,1,,2862.5
55063,-0.288,0.416,-1.349,-0.158,-0.191,-0.051,10.343,326.77,35.97,5.2,0,0,43.245961,336.97,,1,1,1,1,,2863
55063.5,-0.404,0.485,-1.114,0.187,-0.218,-0.113,10.45,326.87,37.07,5.3,0,0,44.568467,337.17,,1,1,1,1,,2863.5
55064,-0.481,0.477,-0.74,0.506,-0.221,-0.177,10.475,326.87,37.07,5.3,0,0,44.568467,337.17,,1,1,1,1,,2864
55064.5,-0.508,0.398,-0.274,0.76,-0.192,-0.224,10.423,326.87,35.04,4.7,0,0,42.127842,336.57,,1,1,1,1,,2864.5
55065,-0.478,0.259,0.227,0.925,-0.144,-0.252,10.311,326.87,35.04,4.7,0,0,42.127842,336.57,,1,1,1,1,,2865
55065.5,-0.391,0.074,0.705,0.981,-0.075,-0.244,10.148,326.77,35.04,7.3,0,0,42.127842,339.07,,1,1,1,1,,2865.5
55066,-0.262,-0.137,1.106,0.935,-0.001,-0.21,9.965,326.77,35.04,7.3,0,0,42.127842,339.07,,1,1,1,1,,2866
55066.5,-0.102,-0.345,1.389,0.788,0.084,-0.12,9.76,326.77,35.04,7.5,0,0,42.127842,339.27,,1,1,1,1,,2866.5
55067,0.065,-0.537,1.523,0.564,0.152,-0.081,9.583,326.77,35.04,7.5,0,0,42.127842,339.27,,1,1,1,1,,2867
55067.5,0.219,-0.692,1.497,0.282,0.217,-0.016,9.414,326.77,35.04,7.5,0,0,42.127842,339.27,,1,1,1,1,,2867.5
55068,0.342,-0.792,1.315,-0.021,0.239,0.04,9.316,326.77,35.04,7.5,0,0,42.127842,339.27,,1,1,1,1,,2868
55068.5,0.421,-0.832,1,-0.314,0.25,0.101,9.256,326.87,35.04,7.7,0,0,42.127842,339.57,,1,1,1,1,,2868.5
55069,0.452,-0.812,0.586,-0.57,0.233,0.165,9.263,326.87,35.04,7.7,0,0,42.127842,339.57,,1,1,1,1,,2869
55069.5,0.435,-0.734,0.119,-0.758,0.204,0.21,9.319,327.07,35.97,7.3,0,0,43.245961,339.37,,1,1,1,1,,2869.5
55070,0.376,-0.607,-0.354,-0.869,0.149,0.197,9.434,327.07,35.97,7.3,0,0,43.245961,339.37,,1,1,1,1,,2870
55070.5,0.286,-0.449,-0.783,-0.887,0.087,0.184,9.58,327.17,35.04,6.6,0,0,42.127842,338.77,,1,1,1,1,,2870.5
55071,0.176,-0.273,-1.129,-0.822,0.038,0.174,9.729,327.17,35.04,6.6,0,0,42.127842,338.77,,1,1,1,1,,2871
55071.5,0.054,-0.097,-1.36,-0.678,-0.016,0.126,9.892,327.27,35.04,6.3,0,0,42.127842,338.57,,1,1,1,1,,2871.5
55072,-0.068,0.064,-1.457,-0.479,-0.066,0.078,10.03,327.27,35.04,6.3,0,0,42.127842,338.57,,1,1,1,1,,2872
55072.5,-0.181,0.198,-1.416,-0.242,-0.102,0.041,10.139,327.37,35.97,5.8,0,0,43.245961,338.17,,1,1,1,1,,2872.5
55073,-0.272,0.293,-1.248,0,-0.12,-0.03,10.204,327.37,35.97,5.8,0,0,43.245961,338.17,,1,1,1,1,,2873
55073.5,-0.334,0.344,-0.974,0.232,-0.128,-0.064,10.243,327.37,35.04,4.8,0,0,42.127842,337.17,,1,1,1,1,,2873.5
55074,-0.362,0.35,-0.625,0.428,-0.119,-0.111,10.224,327.37,35.04,4.8,0,0,42.127842,337.17,,1,1,1,1,,2874
55074.5,-0.352,0.312,-0.236,0.575,-0.102,-0.141,10.183,327.27,35.04,4.8,0,0,42.127842,337.07,,1,1,1,1,,2874.5
55075,-0.31,0.237,0.154,0.655,-0.061,-0.163,10.083,327.27,35.04,4.8,0,0,42.127842,337.07,,1,1,1,1,,2875
55075.5,-0.247,0.135,0.507,0.668,-0.021,-0.215,9.985,327.27,35.04,7.5,0,0,42.127842,339.77,,1,1,1,1,,2875.5
55076,-0.175,0.016,0.793,0.611,0.033,-0.193,9.847,327.27,35.04,7.5,0,0,42.127842,339.77,,1,1,1,1,,2876
55076.5,-0.108,-0.105,0.986,0.503,0.061,-0.138,9.755,327.27,34.12,6.4,0,0,41.021746,338.67,,1,1,1,1,,2876.5
55077,-0.064,-0.216,1.079,0.358,0.096,-0.069,9.657,327.27,34.12,6.4,0,0,41.021746,338.67,,1,1,1,1,,2877
55077.5,-0.055,-0.313,1.069,0.191,0.121,-0.013,9.598,327.37,33.2,8.6,0,0,39.915649,340.97,,1,1,1,1,,2877.5
55078,-0.078,-0.388,0.969,0.032,0.137,0.057,9.566,327.37,33.2,8.6,0,0,39.915649,340.97,,1,1,1,1,,2878
55078.5,-0.129,-0.435,0.798,-0.105,0.124,0.073,9.589,327.57,33.2,5.8,0,0,39.915649,338.37,,1,1,1,1,,2878.5
55079,-0.202,-0.457,0.588,-0.197,0.086,0.055,9.657,327.57,33.2,5.8,0,0,39.915649,338.37,,1,1,1,1,,2879
55079.5,-0.278,-0.463,0.367,-0.241,0.049,0.036,9.732,327.67,33.2,1.7,0,0,39.915649,334.37,,1,1,1,1,,2879.5
55080,-0.351,-0.46,0.162,-0.24,0.03,-0.002,9.8,327.67,33.2,1.7,0,0,39.915649,334.37,,1,1,1,1,,2880
55080.5,-0.412,-0.45,-0.008,-0.21,0.014,-0.008,9.853,327.77,34.12,3.3,0,0,41.021746,336.07,,1,1,1,1,,2880.5
55081,-0.453,-0.444,-0.134,-0.16,0.006,0.003,9.892,327.77,34.12,3.3,0,0,41.021746,336.07,,1,1,1,1,,2881
55081.5,-0.472,-0.439,-0.218,-0.113,0.025,-0.006,9.883,327.77,33.2,3.5,0,0,39.915649,336.27,,1,1,1,1,,2881.5
55082,-0.471,-0.433,-0.268,-0.082,0.049,-0.024,9.846,327.77,33.2,3.5,0,0,39.915649,336.27,,1,1,1,1,,2882
55082.5,-0.448,-0.422,-0.301,-0.086,0.085,-0.054,9.761,327.77,33.2,4.5,0,0,39.915649,337.27,,1,1,1,1,,2882.5
55083,-0.412,-0.397,-0.337,-0.131,0.118,-0.103,9.669,327.77,33.2,4.5,0,0,39.915649,337.27,,1,1,1,1,,2883
55083.5,-0.37,-0.35,-0.392,-0.21,0.139,-0.161,9.58,327.77,34.12,4.5,0,0,41.021746,337.27,,1,1,1,1,,2883.5
55084,-0.327,-0.277,-0.475,-0.297,0.132,-0.159,9.55,327.77,34.12,4.5,0,0,41.021746,337.27,,1,1,1,1,,2884
55084.5,-0.283,-0.171,-0.577,-0.371,0.106,-0.147,9.565,327.77,34.12,4.4,0,0,41.021746,337.17,,1,1,1,1,,2884.5
55085,-0.245,-0.042,-0.68,-0.399,0.059,-0.139,9.652,327.77,34.12,4.4,0,0,41.021746,337.17,,1,1,1,1,,2885
55085.5,-0.214,0.1,-0.757,-0.364,-0.005,-0.12,9.78,327.77,33.2,3.7,0,0,39.915649,336.47,,1,1,1,1,,2885.5
55086,-0.181,0.235,-0.778,-0.256,-0.075,-0.091,9.955,327.77,33.2,3.7,0,0,39.915649,336.47,,1,1,1,1,,2886
55086.5,-0.152,0.344,-0.716,-0.083,-0.12,-0.055,10.097,327.87,34.12,3.9,0,0,41.021746,336.77,,1,1,1,1,,2886.5
55087,-0.128,0.408,-0.562,0.135,-0.173,-0.023,10.247,327.87,34.12,3.9,0,0,41.021746,336.77,,1,1,1,1,,2887
55087.5,-0.107,0.413,-0.314,0.367,-0.186,0.018,10.322,327.97,32.28,3.4,0,0,38.809553,336.37,,1,1,1,1,,2887.5
55088,-0.091,0.349,0.007,0.577,-0.178,0.032,10.345,327.97,32.28,3.4,0,0,38.809553,336.37,,1,1,1,1,,2888
55088.5,-0.077,0.218,0.37,0.739,-0.136,0.077,10.282,327.97,33.2,2.3,0,0,39.915649,335.27,,1,1,1,1,,2888.5
55089,-0.067,0.032,0.731,0.813,-0.076,0.126,10.156,327.97,33.2,2.3,0,0,39.915649,335.27,,1,1,1,1,,2889
55089.5,-0.06,-0.191,1.04,0.781,0.013,0.137,9.947,328.07,32.28,3.9,0,0,38.809553,336.97,,1,1,1,1,,2889.5
55090,-0.057,-0.425,1.247,0.633,0.114,0.132,9.701,328.07,32.28,3.9,0,0,38.809553,336.97,,1,1,1,1,,2890
55090.5,-0.055,-0.635,1.313,0.388,0.194,0.129,9.474,328.07,32.28,2.7,0,0,38.809553,335.77,,1,1,1,1,,2890.5
55091,-0.053,-0.792,1.218,0.078,0.256,0.071,9.294,328.07,32.28,2.7,0,0,38.809553,335.77,,1,1,1,1,,2891
55091.5,-0.059,-0.879,0.97,-0.246,0.288,0.008,9.19,328.07,31.35,2.7,0,0,37.691434,335.77,,1,1,1,1,,2891.5
55092,-0.071,-0.882,0.597,-0.54,0.276,-0.043,9.187,328.07,31.35,2.7,0,0,37.691434,335.77,,1,1,1,1,,2892
55092.5,-0.097,-0.801,0.148,-0.762,0.236,-0.117,9.263,328.07,32.28,0.7,0,0,38.809553,333.77,,1,1,1,1,,2892.5
55093,-0.14,-0.645,-0.321,-0.891,0.182,-0.153,9.393,328.07,32.28,0.7,0,0,38.809553,333.77,,1,1,1,1,,2893
55093.5,-0.198,-0.432,-0.752,-0.908,0.107,-0.153,9.581,328.07,32.28,0.6,0,0,38.809553,333.67,,1,1,1,1,,2893.5
55094,-0.269,-0.19,-1.091,-0.809,0.015,-0.164,9.809,328.07,32.28,0.6,0,0,38.809553,333.67,,1,1,1,1,,2894
55094.5,-0.348,0.049,-1.293,-0.604,-0.07,-0.157,10.036,328.07,31.35,3.8,0,0,37.691434,336.87,,1,1,1,1,,2894.5
55095,-0.417,0.257,-1.333,-0.323,-0.137,-0.162,10.231,328.07,31.35,3.8,0,0,37.691434,336.87,,1,1,1,1,,2895
55095.5,-0.467,0.411,-1.209,-0.015,-0.174,-0.122,10.342,328.17,32.28,3.7,0,0,38.809553,336.87,,1,1,1,1,,2895.5
55096,-0.488,0.496,-0.942,0.284,-0.19,-0.131,10.387,328.17,32.28,3.7,0,0,38.809553,336.87,,1,1,1,1,,2896
55096.5,-0.471,0.501,-0.571,0.535,-0.186,-0.122,10.356,328.27,32.28,3.7,0,0,38.809553,336.97,,1,1,1,1,,2896.5
55097,-0.418,0.43,-0.143,0.716,-0.18,-0.075,10.295,328.27,32.28,3.7,0,0,38.809553,336.97,,1,1,1,1,,2897
55097.5,-0.337,0.292,0.29,0.812,-0.134,-0.019,10.17,328.27,32.28,4.3,0,0,38.809553,337.57,,1,1,1,1,,2897.5
55098,-0.24,0.108,0.681,0.822,-0.078,0.003,10.032,328.27,32.28,4.3,0,0,38.809553,337.57,,1,1,1,1,,2898
55098.5,-0.141,-0.111,0.993,0.751,-0.011,0.014,9.878,328.37,31.35,6.2,0,0,37.691434,339.57,,1,1,1,1,,2898.5
55099,-0.055,-0.333,1.195,0.611,0.045,0.034,9.744,328.37,31.35,6.2,0,0,37.691434,339.57,,1,1,1,1,,2899
55099.5,0.007,-0.544,1.272,0.414,0.12,0.019,9.592,328.37,31.35,6.6,0,0,37.691434,339.97,,1,1,1,1,,2899.5
55100,0.037,-0.716,1.216,0.168,0.192,0.03,9.444,328.37,31.35,6.6,0,0,37.691434,339.97,,1,1,1,1,,2900
55100.5,0.036,-0.834,1.028,-0.102,0.251,0.046,9.323,328.47,32.28,6.5,0,0,38.809553,339.97,,1,1,1,1,,2900.5
55101,0.009,-0.882,0.723,-0.382,0.279,0.051,9.24,328.47,32.28,6.5,0,0,38.809553,339.97,,1,1,1,1,,2901
55101.5,-0.035,-0.852,0.326,-0.636,0.289,0.081,9.217,328.47,31.35,4.4,0,0,37.691434,337.87,,1,1,1,1,,2901.5
55102,-0.087,-0.742,-0.127,-0.837,0.271,0.092,9.26,328.47,31.35,4.4,0,0,37.691434,337.87,,1,1,1,1,,2902
55102.5,-0.134,-0.57,-0.586,-0.942,0.198,0.071,9.414,328.57,32.28,3.4,0,0,38.809553,336.97,,1,1,1,1,,2902.5
55103,-0.17,-0.349,-0.993,-0.931,0.108,0.035,9.612,328.57,32.28,3.4,0,0,38.809553,336.97,,1,1,1,1,,2903
55103.5,-0.187,-0.106,-1.293,-0.803,-0.004,-0.005,9.854,328.67,33.2,3.4,0,0,39.915649,337.07,,1,1,1,1,,2903.5
55104,-0.188,0.126,-1.448,-0.577,-0.099,-0.061,10.069,328.67,33.2,3.4,0,0,39.915649,337.07,,1,1,1,1,,2904
55104.5,-0.171,0.326,-1.439,-0.29,-0.156,-0.138,10.23,328.57,33.2,3,0,0,39.915649,336.57,,1,1,1,1,,2904.5
55105,-0.138,0.471,-1.268,0.024,-0.19,-0.17,10.34,328.57,33.2,3,0,0,39.915649,336.57,,1,1,1,1,,2905
55105.5,-0.097,0.547,-0.958,0.328,-0.216,-0.146,10.403,328.57,34.12,3.3,0,0,41.021746,336.87,,1,1,1,1,,2905.5
55106,-0.057,0.548,-0.544,0.594,-0.21,-0.131,10.403,328.57,34.12,3.3,0,0,41.021746,336.87,,1,1,1,1,,2906
55106.5,-0.02,0.474,-0.073,0.796,-0.184,-0.091,10.347,328.57,33.2,2.8,0,0,39.915649,336.37,,1,1,1,1,,2906.5
55107,0.007,0.332,0.408,0.915,-0.138,-0.063,10.239,328.57,33.2,2.8,0,0,39.915649,336.37,,1,1,1,1,,2907
55107.5,0.024,0.139,0.849,0.941,-0.08,-0.036,10.089,328.67,33.2,3.4,0,0,39.915649,337.07,,1,1,1,1,,2907.5
55108,0.028,-0.09,1.201,0.863,0,0.02,9.886,328.67,33.2,3.4,0,0,39.915649,337.07,,1,1,1,1,,2908
55108.5,0.022,-0.321,1.426,0.687,0.078,0.084,9.691,328.67,33.2,5.9,0,0,39.915649,339.57,,1,1,1,1,,2908.5
55109,0.004,-0.535,1.498,0.438,0.161,0.14,9.501,328.67,33.2,5.9,0,0,39.915649,339.57,,1,1,1,1,,2909
55109.5,-0.025,-0.705,1.408,0.14,0.237,0.142,9.344,328.87,32.28,5.6,0,0,38.809553,339.47,,1,1,1,1,,2909.5
55110,-0.07,-0.813,1.169,-0.168,0.273,0.131,9.251,328.87,32.28,5.6,0,0,38.809553,339.47,,1,1,1,1,,2910
55110.5,-0.125,-0.849,0.807,-0.455,0.271,0.089,9.233,328.97,32.28,4.2,0,0,38.809553,338.17,,1,1,1,1,,2910.5
55111,-0.194,-0.814,0.364,-0.678,0.245,0.055,9.291,328.97,32.28,4.2,0,0,38.809553,338.17,,1,1,1,1,,2911
55111.5,-0.273,-0.713,-0.104,-0.812,0.198,0.031,9.415,329.07,33.2,2.1,0,0,39.915649,336.17,,1,1,1,1,,2911.5
55112,-0.357,-0.565,-0.541,-0.838,0.111,-0.044,9.598,329.07,33.2,2.1,0,0,39.915649,336.17,,1,1,1,1,,2912
55112.5,-0.439,-0.385,-0.895,-0.765,0.037,-0.083,9.777,329.07,33.2,1.2,0,0,39.915649,335.27,,1,1,1,1,,2912.5
55113,-0.502,-0.201,-1.133,-0.611,-0.025,-0.158,9.942,329.07,33.2,1.2,0,0,39.915649,335.27,,1,1,1,1,,2913
55113.5,-0.533,-0.029,-1.234,-0.403,-0.077,-0.21,10.067,329.07,33.2,1.5,0,0,39.915649,335.57,,1,1,1,1,,2913.5
55114,-0.533,0.118,-1.199,-0.167,-0.123,-0.21,10.184,329.07,33.2,1.5,0,0,39.915649,335.57,,1,1,1,1,,2914
55114.5,-0.5,0.227,-1.039,0.071,-0.119,-0.236,10.209,329.07,34.12,1.8,0,0,41.021746,335.87,,1,1,1,1,,2914.5
55115,-0.438,0.286,-0.784,0.278,-0.131,-0.22,10.222,329.07,34.12,1.8,0,0,41.021746,335.87,,1,1,1,1,,2915
55115.5,-0.36,0.295,-0.465,0.446,-0.121,-0.205,10.189,329.07,32.28,1.6,0,0,38.809553,335.67,,1,1,1,1,,2915.5
55116,-0.273,0.254,-0.122,0.554,-0.096,-0.159,10.118,329.07,32.28,1.6,0,0,38.809553,335.67,,1,1,1,1,,2916
55116.5,-0.184,0.171,0.214,0.61,-0.079,-0.076,10.046,329.07,32.28,2.7,0,0,38.809553,336.77,,1,1,1,1,,2916.5
55117,-0.11,0.053,0.506,0.588,-0.024,0.005,9.904,329.07,32.28,2.7,0,0,38.809553,336.77,,1,1,1,1,,2917
55117.5,-0.055,-0.081,0.724,0.503,0.023,0.094,9.781,329.17,31.35,3.7,0,0,37.691434,337.87,,1,1,1,1,,2917.5
55118,-0.021,-0.219,0.844,0.352,0.096,0.162,9.621,329.17,31.35,3.7,0,0,37.691434,337.87,,1,1,1,1,,2918
55118.5,-0.005,-0.344,0.855,0.162,0.134,0.196,9.521,329.27,32.28,1,0,0,38.809553,335.27,,1,1,1,1,,2918.5
55119,-0.012,-0.442,0.755,-0.059,0.194,0.197,9.393,329.27,32.28,1,0,0,38.809553,335.27,,1,1,1,1,,2919
55119.5,-0.036,-0.493,0.554,-0.281,0.213,0.172,9.362,329.37,32.28,0.2,0,0,38.809553,334.57,,1,1,1,1,,2919.5
55120,-0.071,-0.499,0.277,-0.47,0.221,0.078,9.361,329.37,32.28,0.2,0,0,38.809553,334.57,,1,1,1,1,,2920
55120.5,-0.111,-0.455,-0.039,-0.594,0.175,-0.042,9.474,329.47,32.28,1.4,0,0,38.809553,335.87,,1,1,1,1,,2920.5
55121,-0.155,-0.368,-0.344,-0.623,0.106,-0.138,9.626,329.47,32.28,1.4,0,0,38.809553,335.87,,1,1,1,1,,2921
55121.5,-0.195,-0.253,-0.593,-0.56,0.023,-0.189,9.825,329.47,32.28,1.3,0,0,38.809553,335.77,,1,1,1,1,,2921.5
55122,-0.222,-0.132,-0.744,-0.398,-0.057,-0.208,10.024,329.47,32.28,1.3,0,0,38.809553,335.77,,1,1,1,1,,2922
55122.5,-0.233,-0.017,-0.774,-0.188,-0.097,-0.135,10.159,329.47,34.12,1.5,0,0,41.021746,335.97,,1,1,1,1,,2922.5
55123,-0.225,0.074,-0.678,0.077,-0.16,-0.102,10.324,329.47,34.12,1.5,0,0,41.021746,335.97,,1,1,1,1,,2923
55123.5,-0.197,0.124,-0.464,0.316,-0.136,-0.11,10.294,329.47,32.28,1.8,0,0,38.809553,336.27,,1,1,1,1,,2923.5
55124,-0.156,0.133,-0.169,0.537,-0.164,-0.074,10.363,329.47,32.28,1.8,0,0,38.809553,336.27,,1,1,1,1,,2924
55124.5,-0.103,0.086,0.175,0.679,-0.079,-0.021,10.196,329.47,33.2,359.9,0,0,39.915649,334.37,,1,1,1,1,,2924.5
55125,-0.045,0.001,0.511,0.737,-0.066,-0.003,10.126,329.47,33.2,359.9,0,0,39.915649,334.37,,1,1,1,1,,2925
55125.5,0.014,-0.12,0.801,0.707,0.011,0.028,9.901,329.47,32.28,358.5,0,0,38.809553,332.97,,1,1,1,1,,2925.5
55126,0.062,-0.262,0.995,0.573,0.043,0.058,9.752,329.47,32.28,358.5,0,0,38.809553,332.97,,1,1,1,1,,2926
55126.5,0.089,-0.406,1.072,0.377,0.114,0.086,9.541,329.57,31.35,359.8,0,0,37.691434,334.37,,1,1,1,1,,2926.5
55127,0.09,-0.533,1.008,0.1,0.167,0.101,9.375,329.57,31.35,359.8,0,0,37.691434,334.37,,1,1,1,1,,2927
55127.5,0.065,-0.622,0.809,-0.179,0.193,0.114,9.281,329.67,29.33,2.2,0,0,35.262831,336.87,,1,1,1,1,,2927.5
55128,0.014,-0.655,0.491,-0.475,0.237,0.082,9.183,329.67,29.33,2.2,0,0,35.262831,336.87,,1,1,1,1,,2928
55128.5,-0.053,-0.631,0.087,-0.704,0.209,0.036,9.256,329.87,29.33,5.3,0,0,35.262831,340.17,,1,1,1,1,,2928.5
55129,-0.127,-0.548,-0.353,-0.876,0.211,-0.012,9.293,329.87,29.33,5.3,0,0,35.262831,340.17,,1,1,1,1,,2929
55129.5,-0.202,-0.409,-0.78,-0.932,0.13,-0.051,9.512,329.97,28.4,1,0,0,34.144712,335.97,,1,1,1,1,,2929.5
55130,-0.266,-0.235,-1.136,-0.895,0.102,-0.078,9.64,329.97,28.4,1,0,0,34.144712,335.97,,1,1,1,1,,2930
55130.5,-0.318,-0.037,-1.385,-0.75,-0.004,-0.049,9.901,329.97,28.4,3,0,0,34.144712,337.97,,1,1,1,1,,2930.5
55131,-0.351,0.152,-1.487,-0.522,-0.053,-0.026,10.051,329.97,28.4,3,0,0,34.144712,337.97,,1,1,1,1,,2931
55131.5,-0.365,0.32,-1.434,-0.236,-0.127,-0.028,10.261,329.97,30.43,6.8,0,0,36.585338,341.77,,1,1,1,1,,2931.5
55132,-0.364,0.439,-1.221,0.092,-0.169,-0.033,10.373,329.97,30.43,6.8,0,0,36.585338,341.77,,1,1,1,1,,2932
55132.5,-0.351,0.499,-0.871,0.408,-0.214,-0.074,10.469,329.87,33.2,6.1,0,0,39.915649,340.97,,1,1,1,1,,2932.5
55133,-0.325,0.488,-0.413,0.704,-0.214,-0.121,10.481,329.87,33.2,6.1,0,0,39.915649,340.97,,1,1,1,1,,2933
55133.5,-0.287,0.403,0.105,0.919,-0.191,-0.174,10.412,329.87,33.2,5.9,0,0,39.915649,340.77,,1,1,1,1,,2933.5
55134,-0.237,0.252,0.63,1.057,-0.153,-0.174,10.307,329.87,33.2,5.9,0,0,39.915649,340.77,,1,1,1,1,,2934
55134.5,-0.177,0.052,1.107,1.071,-0.066,-0.139,10.101,329.87,34.12,5.2,0,0,41.021746,340.07,,1,1,1,1,,2934.5
55135,-0.113,-0.177,1.483,0.989,-0.01,-0.132,9.935,329.87,34.12,5.2,0,0,41.021746,340.07,,1,1,1,1,,2935
55135.5,-0.053,-0.412,1.719,0.793,0.096,-0.081,9.677,329.97,32.28,8,0,0,38.809553,342.97,,1,1,1,1,,2935.5
55136,-0.004,-0.626,1.786,0.526,0.145,-0.025,9.516,329.97,32.28,8,0,0,38.809553,342.97,,1,1,1,1,,2936
55136.5,0.029,-0.802,1.677,0.191,0.238,0.046,9.287,330.07,32.28,4,0,0,38.809553,339.07,,1,1,1,1,,2936.5
55137,0.038,-0.911,1.394,-0.17,0.264,0.125,9.183,330.07,32.28,4,0,0,38.809553,339.07,,1,1,1,1,,2937
55137.5,0.026,-0.948,0.965,-0.521,0.305,0.181,9.079,330.17,31.35,1.5,0,0,37.691434,336.67,,1,1,1,1,,2937.5
55138,-0.005,-0.901,0.427,-0.829,0.282,0.216,9.112,330.17,31.35,1.5,0,0,37.691434,336.67,,1,1,1,1,,2938
55138.5,-0.047,-0.778,-0.162,-1.042,0.251,0.196,9.194,330.27,31.35,4,0,0,37.691434,339.27,,1,1,1,1,,2938.5
55139,-0.095,-0.592,-0.744,-1.162,0.196,0.149,9.337,330.27,31.35,4,0,0,37.691434,339.27,,1,1,1,1,,2939
55139.5,-0.144,-0.362,-1.255,-1.147,0.099,0.045,9.556,330.37,32.28,1.3,0,0,38.809553,336.67,,1,1,1,1,,2939.5
55140,-0.179,-0.113,-1.644,-1.026,0.018,-0.075,9.775,330.37,32.28,1.3,0,0,38.809553,336.67,,1,1,1,1,,2940
55140.5,-0.203,0.127,-1.867,-0.785,-0.077,-0.163,10.032,330.27,33.2,2.7,0,0,39.915649,337.97,,1,1,1,1,,2940.5
55141,-0.207,0.332,-1.901,-0.475,-0.137,-0.215,10.212,330.27,33.2,2.7,0,0,39.915649,337.97,,1,1,1,1,,2941
55141.5,-0.189,0.485,-1.743,-0.103,-0.226,-0.242,10.429,330.17,34.12,5.6,0,0,41.021746,340.77,,1,1,1,1,,2941.5
55142,-0.148,0.568,-1.405,0.273,-0.234,-0.224,10.498,330.17,34.12,5.6,0,0,41.021746,340.77,,1,1,1,1,,2942
55142.5,-0.088,0.577,-0.925,0.621,-0.252,-0.155,10.551,330.17,34.12,4.5,0,0,41.021746,339.67,,1,1,1,1,,2942.5
55143,-0.015,0.504,-0.353,0.898,-0.222,-0.073,10.479,330.17,34.12,4.5,0,0,41.021746,339.67,,1,1,1,1,,2943
55143.5,0.059,0.367,0.247,1.069,-0.177,0.03,10.367,330.17,34.12,4.7,0,0,41.021746,339.87,,1,1,1,1,,2943.5
55144,0.126,0.176,0.813,1.133,-0.099,0.13,10.18,330.17,34.12,4.7,0,0,41.021746,339.87,,1,1,1,1,,2944
55144.5,0.173,-0.045,1.286,1.073,-0.01,0.204,9.975,330.27,34.12,6.3,0,0,41.021746,341.57,,1,1,1,1,,2944.5
55145,0.197,-0.273,1.622,0.912,0.069,0.245,9.755,330.27,34.12,6.3,0,0,41.021746,341.57,,1,1,1,1,,2945
55145.5,0.193,-0.486,1.785,0.645,0.16,0.236,9.519,330.37,35.04,3.2,0,0,42.127842,338.57,,1,1,1,1,,2945.5
55146,0.154,-0.662,1.759,0.318,0.227,0.211,9.338,330.37,35.04,3.2,0,0,42.127842,338.57,,1,1,1,1,,2946
55146.5,0.094,-0.777,1.547,-0.05,0.277,0.13,9.169,330.37,34.12,2.9,0,0,41.021746,338.27,,1,1,1,1,,2946.5
55147,0.003,-0.824,1.173,-0.405,0.282,0.053,9.12,330.37,34.12,2.9,0,0,41.021746,338.27,,1,1,1,1,,2947
55147.5,-0.101,-0.796,0.678,-0.721,0.284,-0.04,9.106,330.47,32.28,359.2,0,0,38.809553,334.67,,1,1,1,1,,2947.5
55148,-0.209,-0.698,0.117,-0.938,0.218,-0.101,9.247,330.47,32.28,359.2,0,0,38.809553,334.67,,1,1,1,1,,2948
55148.5,-0.308,-0.544,-0.439,-1.038,0.16,-0.155,9.414,330.37,31.35,2.1,0,0,37.691434,337.47,,1,1,1,1,,2948.5
55149,-0.389,-0.353,-0.924,-1.003,0.055,-0.186,9.674,330.37,31.35,2.1,0,0,37.691434,337.47,,1,1,1,1,,2949
55149.5,-0.451,-0.151,-1.28,-0.845,-0.026,-0.163,9.896,330.37,31.35,4.9,0,0,37.691434,340.27,,1,1,1,1,,2949.5
55150,-0.491,0.037,-1.47,-0.594,-0.108,-0.141,10.124,330.37,31.35,4.9,0,0,37.691434,340.27,,1,1,1,1,,2950
55150.5,-0.509,0.184,-1.477,-0.278,-0.16,-0.129,10.29,330.37,30.43,2.1,0,0,36.585338,337.47,,1,1,1,1,,2950.5
55151,-0.508,0.282,-1.311,0.05,-0.181,-0.118,10.387,330.37,30.43,2.1,0,0,36.585338,337.47,,1,1,1,1,,2951
55151.5,-0.491,0.317,-0.998,0.365,-0.189,-0.134,10.429,330.37,30.43,357.2,0,0,36.585338,332.57,,1,1,1,1,,2951.5
55152,-0.461,0.29,-0.584,0.608,-0.153,-0.155,10.36,330.37,30.43,357.2,0,0,36.585338,332.57,,1,1,1,1,,2952
55152.5,-0.421,0.204,-0.127,0.768,-0.109,-0.147,10.252,330.27,29.33,354.4,0,0,35.262831,329.67,,1,1,1,1,,2952.5
55153,-0.377,0.076,0.315,0.814,-0.034,-0.142,10.053,330.27,29.33,354.4,0,0,35.262831,329.67,,1,1,1,1,,2953
55153.5,-0.333,-0.072,0.685,0.755,0.017,-0.101,9.877,330.37,28.4,1.3,0,0,34.144712,336.67,,1,1,1,1,,2953.5
55154,-0.294,-0.223,0.942,0.597,0.091,-0.042,9.662,330.37,28.4,1.3,0,0,34.144712,336.67,,1,1,1,1,,2954
55154.5,-0.266,-0.353,1.057,0.374,0.14,0.034,9.517,330.47,28.4,8.5,0,0,34.144712,343.97,,1,1,1,1,,2954.5
55155,-0.252,-0.45,1.028,0.114,0.189,0.093,9.381,330.47,28.4,8.5,0,0,34.144712,343.97,,1,1,1,1,,2955
55155.5,-0.25,-0.497,0.864,-0.147,0.194,0.139,9.343,330.67,31.35,2.6,0,0,37.691434,338.27,,1,1,1,1,,2955.5
55156,-0.262,-0.493,0.597,-0.375,0.195,0.149,9.336,330.67,31.35,2.6,0,0,37.691434,338.27,,1,1,1,1,,2956
55156.5,-0.281,-0.44,0.266,-0.544,0.16,0.11,9.42,330.67,33.2,7.8,0,0,39.915649,343.47,,1,1,1,1,,2956.5
55157,-0.301,-0.349,-0.08,-0.628,0.114,0.07,9.536,330.67,33.2,7.8,0,0,39.915649,343.47,,1,1,1,1,,2957
55157.5,-0.317,-0.229,-0.396,-0.631,0.058,-0.019,9.688,330.47,32.28,357.9,0,0,38.809553,333.37,,1,1,1,1,,2957.5
55158,-0.321,-0.106,-0.639,-0.538,-0.002,-0.109,9.862,330.47,32.28,357.9,0,0,38.809553,333.37,,1,1,1,1,,2958
55158.5,-0.31,0.006,-0.779,-0.384,-0.048,-0.196,10.001,330.37,31.35,7.2,0,0,37.691434,342.57,,1,1,1,1,,2958.5
55159,-0.279,0.091,-0.802,-0.175,-0.104,-0.231,10.146,330.37,31.35,7.2,0,0,37.691434,342.57,,1,1,1,1,,2959
55159.5,-0.227,0.135,-0.71,0.042,-0.115,-0.211,10.199,330.27,31.35,7.9,0,0,37.691434,343.17,,1,1,1,1,,2959.5
55160,-0.153,0.136,-0.521,0.253,-0.122,-0.178,10.246,330.27,31.35,7.9,0,0,37.691434,343.17,,1,1,1,1,,2960
55160.5,-0.062,0.094,-0.262,0.42,-0.087,-0.119,10.19,330.17,32.28,7.2,0,0,38.809553,342.37,,1,1,1,1,,2960.5
55161,0.038,0.016,0.028,0.531,-0.069,-0.073,10.135,330.17,32.28,7.2,0,0,38.809553,342.37,,1,1,1,1,,2961
55161.5,0.136,-0.088,0.312,0.568,-0.022,-0.022,10.001,330.27,32.28,7.9,0,0,38.809553,343.17,,1,1,1,1,,2961.5
55162,0.223,-0.204,0.549,0.528,0.027,0.02,9.868,330.27,32.28,7.9,0,0,38.809553,343.17,,1,1,1,1,,2962
55162.5,0.287,-0.313,0.71,0.421,0.085,0.027,9.711,330.27,34.12,8.9,0,0,41.021746,344.17,,1,1,1,1,,2962.5
55163,0.324,-0.401,0.772,0.255,0.127,0.077,9.587,330.27,34.12,8.9,0,0,41.021746,344.17,,1,1,1,1,,2963
55163.5,0.327,-0.458,0.73,0.062,0.165,0.122,9.487,330.47,33.2,8,0,0,39.915649,343.47,,1,1,1,1,,2963.5
55164,0.296,-0.473,0.589,-0.139,0.173,0.153,9.446,330.47,33.2,8,0,0,39.915649,343.47,,1,1,1,1,,2964
55164.5,0.236,-0.448,0.374,-0.307,0.163,0.17,9.459,330.57,34.12,9.1,0,0,41.021746,344.67,,1,1,1,1,,2964.5
55165,0.151,-0.386,0.116,-0.43,0.138,0.179,9.514,330.57,34.12,9.1,0,0,41.021746,344.67,,1,1,1,1,,2965
55165.5,0.06,-0.299,-0.147,-0.479,0.075,0.221,9.636,330.67,33.2,8.4,0,0,39.915649,344.07,,1,1,1,1,,2965.5
55166,-0.039,-0.201,-0.378,-0.463,0.025,0.228,9.753,330.67,33.2,8.4,0,0,39.915649,344.07,,1,1,1,1,,2966
55166.5,-0.137,-0.108,-0.547,-0.382,-0.023,0.17,9.885,330.67,33.2,10.4,0,0,39.915649,346.07,,1,1,1,1,,2966.5
55167,-0.227,-0.031,-0.636,-0.264,-0.041,0.093,9.955,330.67,33.2,10.4,0,0,39.915649,346.07,,1,1,1,1,,2967
55167.5,-0.307,0.02,-0.643,-0.125,-0.066,-0.005,10.024,330.47,33.2,10.9,0,0,39.915649,346.37,,1,1,1,1,,2967.5
55168,-0.373,0.043,-0.577,0.001,-0.048,-0.144,10.011,330.47,33.2,10.9,0,0,39.915649,346.37,,1,1,1,1,,2968
55168.5,-0.426,0.041,-0.457,0.112,-0.052,-0.261,10.022,330.37,33.2,11.2,0,0,39.915649,346.57,,1,1,1,1,,2968.5
55169,-0.463,0.017,-0.302,0.194,-0.03,-0.304,9.976,330.37,33.2,11.2,0,0,39.915649,346.57,,1,1,1,1,,2969
55169.5,-0.474,-0.021,-0.136,0.24,-0.021,-0.343,9.946,330.27,33.2,12.8,0,0,39.915649,348.07,,1,1,1,1,,2969.5
55170,-0.459,-0.069,0.024,0.258,0.012,-0.352,9.878,330.27,33.2,12.8,0,0,39.915649,348.07,,1,1,1,1,,2970
55170.5,-0.415,-0.116,0.16,0.24,0.019,-0.28,9.846,330.27,33.2,13.3,0,0,39.915649,348.57,,1,1,1,1,,2970.5
55171,-0.342,-0.16,0.263,0.212,0.031,-0.185,9.82,330.27,33.2,13.3,0,0,39.915649,348.57,,1,1,1,1,,2971
55171.5,-0.252,-0.195,0.33,0.164,0.058,-0.098,9.782,330.27,33.2,11.6,0,0,39.915649,346.87,,1,1,1,1,,2971.5
55172,-0.16,-0.218,0.362,0.12,0.064,0.013,9.778,330.27,33.2,11.6,0,0,39.915649,346.87,,1,1,1,1,,2972
55172.5,-0.078,-0.237,0.362,0.072,0.062,0.104,9.768,330.47,32.28,9,0,0,38.809553,344.47,,1,1,1,1,,2972.5
55173,-0.027,-0.246,0.335,0.026,0.071,0.175,9.754,330.47,32.28,9,0,0,38.809553,344.47,,1,1,1,1,,2973
55173.5,-0.011,-0.248,0.284,-0.029,0.092,0.242,9.715,330.47,31.35,13.1,0,0,37.691434,348.57,,1,1,1,1,,2973.5
55174,-0.037,-0.246,0.212,-0.074,0.068,0.242,9.727,330.47,31.35,13.1,0,0,37.691434,348.57,,1,1,1,1,,2974
55174.5,-0.101,-0.239,0.125,-0.122,0.064,0.185,9.707,330.57,32.28,16.9,0,0,38.809553,352.47,,1,1,1,1,,2974.5
55175,-0.198,-0.228,0.03,-0.152,0.038,0.116,9.746,330.57,32.28,16.9,0,0,38.809553,352.47,,1,1,1,1,,2975
55175.5,-0.308,-0.209,-0.059,-0.158,0.02,-0.02,9.776,330.57,31.35,13,0,0,37.691434,348.57,,1,1,1,1,,2975.5
55176,-0.415,-0.189,-0.133,-0.138,-0.013,-0.149,9.843,330.57,31.35,13,0,0,37.691434,348.57,,1,1,1,1,,2976
55176.5,-0.494,-0.172,-0.177,-0.092,-0.017,-0.198,9.881,330.57,31.35,16.4,0,0,37.691434,351.97,,1,1,1,1,,2976.5
55177,-0.537,-0.159,-0.188,-0.035,-0.026,-0.215,9.921,330.57,31.35,16.4,0,0,37.691434,351.97,,1,1,1,1,,2977
55177.5,-0.532,-0.157,-0.167,0.027,-0.018,-0.235,9.933,330.47,31.35,14,0,0,37.691434,349.47,,1,1,1,1,,2977.5
55178,-0.483,-0.162,-0.122,0.07,0.01,-0.216,9.903,330.47,31.35,14,0,0,37.691434,349.47,,1,1,1,1,,2978
55178.5,-0.394,-0.175,-0.066,0.091,0.037,-0.173,9.858,330.37,30.43,9.8,0,0,36.585338,345.17,,1,1,1,1,,2978.5
55179,-0.269,-0.188,-0.016,0.074,0.065,-0.182,9.787,330.37,30.43,9.8,0,0,36.585338,345.17,,1,1,1,1,,2979
55179.5,-0.127,-0.197,0.011,0.031,0.083,-0.163,9.727,330.37,29.33,20.5,0,0,35.262831,355.87,,1,1,1,1,,2979.5
55180,0.027,-0.197,0.011,-0.03,0.088,-0.09,9.687,330.37,29.33,20.5,0,0,35.262831,355.87,,1,1,1,1,,2980
55180.5,0.177,-0.184,-0.018,-0.085,0.074,-0.004,9.693,330.37,29.33,19.7,0,0,35.262831,355.07,,1,1,1,1,,2980.5
55181,0.315,-0.158,-0.066,-0.129,0.065,0.103,9.7,330.37,29.33,19.7,0,0,35.262831,355.07,,1,1,1,1,,2981
55181.5,0.43,-0.125,-0.12,-0.145,0.039,0.232,9.755,330.37,29.33,17.9,0,0,35.262831,353.27,,1,1,1,1,,2981.5
55182,0.511,-0.087,-0.164,-0.133,0.022,0.314,9.805,330.37,29.33,17.9,0,0,35.262831,353.27,,1,1,1,1,,2982
55182.5,0.55,-0.048,-0.188,-0.091,0.002,0.341,9.871,330.47,28.4,5.8,0,0,34.144712,341.27,,1,1,1,1,,2982.5
55183,0.542,-0.019,-0.179,-0.024,-0.015,0.312,9.93,330.47,28.4,5.8,0,0,34.144712,341.27,,1,1,1,1,,2983
55183.5,0.486,-0.005,-0.134,0.06,-0.036,0.202,9.989,330.47,28.4,359.7,0,0,34.144712,335.17,,1,1,1,1,,2983.5
55184,0.389,-0.011,-0.052,0.15,-0.044,0.11,10.019,330.47,28.4,359.7,0,0,34.144712,335.17,,1,1,1,1,,2984
55184.5,0.259,-0.037,0.06,0.234,-0.052,-0.009,10.034,330.47,26.56,4.2,0,0,31.932519,339.67,,1,1,1,1,,2984.5
55185,0.114,-0.086,0.19,0.299,-0.041,-0.123,10.017,330.47,26.56,4.2,0,0,31.932519,339.67,,1,1,1,1,,2985
55185.5,-0.029,-0.151,0.323,0.333,-0.022,-0.163,9.968,330.47,27.48,2.4,0,0,33.038616,337.87,,1,1,1,1,,2985.5
55186,-0.153,-0.232,0.439,0.33,-0.002,-0.173,9.901,330.47,27.48,2.4,0,0,33.038616,337.87,,1,1,1,1,,2986
55186.5,-0.243,-0.316,0.519,0.28,0.034,-0.167,9.802,330.47,28.4,1.7,0,0,34.144712,337.17,,1,1,1,1,,2986.5
55187,-0.289,-0.395,0.546,0.185,0.076,-0.128,9.685,330.47,28.4,1.7,0,0,34.144712,337.17,,1,1,1,1,,2987
55187.5,-0.288,-0.456,0.506,0.044,0.116,-0.079,9.574,330.47,28.4,5.3,0,0,34.144712,340.77,,1,1,1,1,,2987.5
55188,-0.243,-0.492,0.392,-0.12,0.147,-0.028,9.497,330.47,28.4,5.3,0,0,34.144712,340.77,,1,1,1,1,,2988
55188.5,-0.164,-0.49,0.21,-0.289,0.173,0.025,9.443,330.47,28.4,358,0,0,34.144712,333.47,,1,1,1,1,,2988.5
55189,-0.058,-0.451,-0.023,-0.432,0.163,0.069,9.459,330.47,28.4,358,0,0,34.144712,333.47,,1,1,1,1,,2989
55189.5,0.05,-0.375,-0.279,-0.529,0.136,0.086,9.519,330.47,29.33,3.2,0,0,35.262831,338.67,,1,1,1,1,,2989.5
55190,0.147,-0.271,-0.526,-0.567,0.109,0.098,9.611,330.47,29.33,3.2,0,0,35.262831,338.67,,1,1,1,1,,2990
55190.5,0.214,-0.145,-0.73,-0.534,0.06,0.09,9.737,330.47,30.43,2.3,0,0,36.585338,337.77,,1,1,1,1,,2990.5
55191,0.236,-0.016,-0.865,-0.439,0.007,0.105,9.874,330.47,30.43,2.3,0,0,36.585338,337.77,,1,1,1,1,,2991
55191.5,0.214,0.105,-0.909,-0.288,-0.036,0.085,10.001,330.57,31.35,1.6,0,0,37.691434,337.17,,1,1,1,1,,2991.5
55192,0.141,0.202,-0.855,-0.106,-0.065,0.051,10.089,330.57,31.35,1.6,0,0,37.691434,337.17,,1,1,1,1,,2992
55192.5,0.03,0.27,-0.708,0.09,-0.106,0.014,10.177,330.47,31.35,358.5,0,0,37.691434,333.97,,1,1,1,1,,2992.5
55193,-0.107,0.292,-0.48,0.281,-0.123,-0.047,10.207,330.47,31.35,358.5,0,0,37.691434,333.97,,1,1,1,1,,2993
55193.5,-0.249,0.27,-0.194,0.448,-0.132,-0.087,10.216,330.57,31.35,358.7,0,0,37.691434,334.27,,1,1,1,1,,2993.5
55194,-0.383,0.203,0.124,0.578,-0.128,-0.102,10.183,330.57,31.35,358.7,0,0,37.691434,334.27,,1,1,1,1,,2994
55194.5,-0.482,0.095,0.443,0.653,-0.102,-0.146,10.118,330.57,31.35,357.5,0,0,37.691434,333.07,,1,1,1,1,,2994.5
55195,-0.539,-0.041,0.732,0.673,-0.058,-0.123,10.025,330.57,31.35,357.5,0,0,37.691434,333.07,,1,1,1,1,,2995
55195.5,-0.537,-0.196,0.964,0.629,-0.011,-0.088,9.911,330.57,32.28,357.8,0,0,38.809553,333.37,,1,1,1,1,,2995.5
55196,-0.478,-0.353,1.113,0.522,0.051,-0.117,9.783,330.57,32.28,357.8,0,0,38.809553,333.37,,1,1,1,1,,2996
55196.5,-0.364,-0.499,1.161,0.36,0.119,-0.108,9.639,330.57,31.35,354.9,0,0,37.691434,330.47,,1,1,1,1,,2996.5
55197,-0.205,-0.618,1.099,0.16,0.16,-0.114,9.535,330.57,31.35,354.9,0,0,37.691434,330.47,,1,1,1,1,,2997
55197.5,-0.02,-0.698,0.932,-0.063,0.201,-0.156,9.43,330.57,30.43,352.1,0,0,36.585338,327.67,,1,1,1,1,,2997.5
55198,0.168,-0.73,0.668,-0.29,0.22,-0.11,9.368,330.57,30.43,352.1,0,0,36.585338,327.67,,1,1,1,1,,2998
55198.5,0.342,-0.709,0.33,-0.499,0.223,-0.045,9.341,330.47,30.43,355.8,0,0,36.585338,331.27,,1,1,1,1,,2998.5
55199,0.478,-0.632,-0.054,-0.67,0.204,0.047,9.362,330.47,30.43,355.8,0,0,36.585338,331.27,,1,1,1,1,,2999
55199.5,0.572,-0.509,-0.449,-0.783,0.165,0.142,9.425,330.47,30.43,357.1,0,0,36.585338,332.57,,1,1,1,1,,2999.5
55200,0.611,-0.348,-0.817,-0.824,0.11,0.218,9.542,330.47,30.43,357.1,0,0,36.585338,332.57,,1,1,1,1,,3000
55200.5,0.6,-0.166,-1.121,-0.783,0.059,0.272,9.678,330.57,31.35,2.3,0,0,37.691434,337.87,,1,1,1,1,,3000.5
55201,0.544,0.019,-1.327,-0.664,-0.015,0.303,9.849,330.57,31.35,2.3,0,0,37.691434,337.87,,1,1,1,1,,3001
55201.5,0.455,0.195,-1.41,-0.469,-0.082,0.287,10.023,330.67,30.43,0.7,0,0,36.585338,336.37,,1,1,1,1,,3001.5
55202,0.344,0.339,-1.357,-0.221,-0.137,0.248,10.177,330.67,30.43,0.7,0,0,36.585338,336.37,,1,1,1,1,,3002
55202.5,0.226,0.436,-1.166,0.061,-0.178,0.209,10.298,330.67,30.43,358.5,0,0,36.585338,334.17,,1,1,1,1,,3002.5
55203,0.116,0.476,-0.855,0.336,-0.193,0.134,10.35,330.67,30.43,358.5,0,0,36.585338,334.17,,1,1,1,1,,3003
55203.5,0.022,0.459,-0.453,0.584,-0.2,0.053,10.373,330.67,30.43,2.8,0,0,36.585338,338.47,,1,1,1,1,,3003.5
55204,-0.046,0.381,0.001,0.771,-0.164,-0.017,10.31,330.67,30.43,2.8,0,0,36.585338,338.47,,1,1,1,1,,3004
55204.5,-0.087,0.248,0.459,0.883,-0.121,-0.093,10.222,330.57,29.33,0.2,0,0,35.262831,335.77,,1,1,1,1,,3004.5
55205,-0.101,0.076,0.878,0.907,-0.057,-0.167,10.079,330.57,29.33,0.2,0,0,35.262831,335.77,,1,1,1,1,,3005
55205.5,-0.095,-0.122,1.214,0.848,0.002,-0.218,9.938,330.47,27.48,2.8,0,0,33.038616,338.27,,1,1,1,1,,3005.5
55206,-0.068,-0.327,1.44,0.711,0.068,-0.222,9.77,330.47,27.48,2.8,0,0,33.038616,338.27,,1,1,1,1,,3006
55206.5,-0.037,-0.523,1.533,0.51,0.126,-0.181,9.617,330.37,28.4,3.1,0,0,34.144712,338.47,,1,1,1,1,,3006.5
55207,-0.006,-0.688,1.483,0.253,0.191,-0.115,9.449,330.37,28.4,3.1,0,0,34.144712,338.47,,1,1,1,1,,3007
55207.5,0.018,-0.808,1.287,-0.044,0.243,-0.05,9.305,330.37,28.4,0.3,0,0,34.144712,335.67,,1,1,1,1,,3007.5
55208,0.028,-0.866,0.961,-0.345,0.268,0.026,9.216,330.37,28.4,0.3,0,0,34.144712,335.67,,1,1,1,1,,3008
55208.5,0.024,-0.852,0.53,-0.625,0.272,0.102,9.192,330.47,29.33,1.7,0,0,35.262831,337.17,,1,1,1,1,,3008.5
55209,0.002,-0.768,0.035,-0.847,0.249,0.125,9.23,330.47,29.33,1.7,0,0,35.262831,337.17,,1,1,1,1,,3009
55209.5,-0.035,-0.617,-0.476,-0.989,0.198,0.132,9.334,330.57,30.43,358.3,0,0,36.585338,333.87,,1,1,1,1,,3009.5
55210,-0.085,-0.414,-0.948,-1.02,0.113,0.128,9.528,330.57,30.43,358.3,0,0,36.585338,333.87,,1,1,1,1,,3010
55210.5,-0.14,-0.184,-1.326,-0.937,0.042,0.108,9.731,330.57,30.43,357.5,0,0,36.585338,333.07,,1,1,1,1,,3010.5
55211,-0.199,0.05,-1.565,-0.744,-0.056,0.057,9.975,330.57,30.43,357.5,0,0,36.585338,333.07,,1,1,1,1,,3011
55211.5,-0.257,0.263,-1.636,-0.468,-0.128,-0.02,10.174,330.67,30.43,356.2,0,0,36.585338,331.87,,1,1,1,1,,3011.5
55212,-0.308,0.427,-1.533,-0.146,-0.184,-0.106,10.327,330.67,30.43,356.2,0,0,36.585338,331.87,,1,1,1,1,,3012
55212.5,-0.346,0.528,-1.267,0.189,-0.224,-0.155,10.422,330.57,30.43,355.3,0,0,36.585338,330.87,,1,1,1,1,,3012.5
55213,-0.367,0.554,-0.87,0.497,-0.239,-0.159,10.458,330.57,30.43,355.3,0,0,36.585338,330.87,,1,1,1,1,,3013
55213.5,-0.367,0.506,-0.385,0.75,-0.219,-0.138,10.414,330.47,31.35,358.2,0,0,37.691434,333.67,,1,1,1,1,,3013.5
55214,-0.349,0.387,0.135,0.918,-0.179,-0.103,10.314,330.47,31.35,358.2,0,0,37.691434,333.67,,1,1,1,1,,3014
55214.5,-0.31,0.215,0.633,0.983,-0.117,-0.08,10.156,330.37,29.33,357.6,0,0,35.262831,332.97,,1,1,1,1,,3014.5
55215,-0.252,0.005,1.056,0.94,-0.032,-0.05,9.965,330.37,29.33,357.6,0,0,35.262831,332.97,,1,1,1,1,,3015
55215.5,-0.176,-0.217,1.36,0.798,0.059,0.013,9.764,330.37,29.33,358,0,0,35.262831,333.37,,1,1,1,1,,3015.5
55216,-0.087,-0.431,1.513,0.575,0.137,0.047,9.578,330.37,29.33,358,0,0,35.262831,333.37,,1,1,1,1,,3016
55216.5,0.009,-0.611,1.505,0.296,0.205,0.061,9.419,330.37,30.43,358.3,0,0,36.585338,333.67,,1,1,1,1,,3016.5
55217,0.106,-0.74,1.338,-0.01,0.259,0.07,9.294,330.37,30.43,358.3,0,0,36.585338,333.67,,1,1,1,1,,3017
55217.5,0.191,-0.804,1.034,-0.309,0.273,0.071,9.246,330.27,30.43,1.3,0,0,36.585338,336.57,,1,1,1,1,,3017.5
55218,0.264,-0.799,0.628,-0.566,0.266,0.078,9.254,330.27,30.43,1.3,0,0,36.585338,336.57,,1,1,1,1,,3018
55218.5,0.312,-0.727,0.165,-0.754,0.236,0.069,9.332,330.27,31.35,0.9,0,0,37.691434,336.17,,1,1,1,1,,3018.5
55219,0.339,-0.597,-0.3,-0.853,0.176,0.055,9.458,330.27,31.35,0.9,0,0,37.691434,336.17,,1,1,1,1,,3019
55219.5,0.342,-0.429,-0.719,-0.856,0.102,-0.008,9.621,330.27,30.43,4.2,0,0,36.585338,339.47,,1,1,1,1,,3019.5
55220,0.322,-0.237,-1.047,-0.771,0.035,-0.063,9.776,330.27,30.43,4.2,0,0,36.585338,339.47,,1,1,1,1,,3020
55220.5,0.287,-0.046,-1.255,-0.609,-0.046,-0.098,9.949,330.27,31.35,4.4,0,0,37.691434,339.67,,1,1,1,1,,3020.5
55221,0.243,0.129,-1.325,-0.389,-0.107,-0.092,10.09,330.27,31.35,4.4,0,0,37.691434,339.67,,1,1,1,1,,3021
55221.5,0.192,0.267,-1.256,-0.142,-0.14,-0.033,10.187,330.27,30.43,5,0,0,36.585338,340.27,,1,1,1,1,,3021.5
55222,0.142,0.359,-1.061,0.112,-0.168,0.046,10.26,330.27,30.43,5,0,0,36.585338,340.27,,1,1,1,1,,3022
55222.5,0.095,0.395,-0.763,0.346,-0.179,0.154,10.284,330.17,29.33,4.8,0,0,35.262831,339.97,,1,1,1,1,,3022.5
55223,0.052,0.376,-0.399,0.531,-0.156,0.177,10.243,330.17,29.33,4.8,0,0,35.262831,339.97,,1,1,1,1,,3023
55223.5,0.01,0.304,-0.008,0.657,-0.124,0.192,10.174,330.27,31.35,7.6,0,0,37.691434,342.87,,1,1,1,1,,3023.5
55224,-0.029,0.19,0.369,0.711,-0.074,0.201,10.071,330.27,31.35,7.6,0,0,37.691434,342.87,,1,1,1,1,,3024
55224.5,-0.07,0.047,0.696,0.698,-0.024,0.172,9.962,330.27,29.33,1,0,0,35.262831,336.27,,1,1,1,1,,3024.5
55225,-0.111,-0.114,0.945,0.617,0.034,0.13,9.83,330.27,29.33,1,0,0,35.262831,336.27,,1,1,1,1,,3025
55225.5,-0.154,-0.278,1.092,0.48,0.093,0.066,9.708,330.27,30.43,1.8,0,0,36.585338,337.07,,1,1,1,1,,3025.5
55226,-0.196,-0.426,1.129,0.303,0.138,-0.019,9.592,330.27,30.43,1.8,0,0,36.585338,337.07,,1,1,1,1,,3026
55226.5,-0.236,-0.546,1.055,0.101,0.163,-0.101,9.509,330.07,30.43,1.8,0,0,36.585338,336.87,,1,1,1,1,,3026.5
55227,-0.275,-0.627,0.88,-0.11,0.191,-0.213,9.432,330.07,30.43,1.8,0,0,36.585338,336.87,,1,1,1,1,,3027
55227.5,-0.312,-0.66,0.62,-0.309,0.192,-0.249,9.417,330.07,29.33,2.1,0,0,35.262831,337.17,,1,1,1,1,,3027.5
55228,-0.343,-0.645,0.303,-0.47,0.189,-0.249,9.431,330.07,29.33,2.1,0,0,35.262831,337.17,,1,1,1,1,,3028
55228.5,-0.363,-0.58,-0.038,-0.589,0.171,-0.266,9.477,329.97,29.33,6.1,0,0,35.262831,341.07,,1,1,1,1,,3028.5
55229,-0.375,-0.474,-0.37,-0.639,0.127,-0.246,9.581,329.97,29.33,6.1,0,0,35.262831,341.07,,1,1,1,1,,3029
55229.5,-0.378,-0.341,-0.657,-0.623,0.071,-0.145,9.702,329.97,28.4,2.1,0,0,34.144712,337.07,,1,1,1,1,,3029.5
55230,-0.373,-0.192,-0.869,-0.534,0.008,-0.094,9.847,329.97,28.4,2.1,0,0,34.144712,337.07,,1,1,1,1,,3030
55230.5,-0.362,-0.046,-0.983,-0.394,-0.037,-0.043,9.958,329.97,28.4,6.2,0,0,34.144712,341.17,,1,1,1,1,,3030.5
55231,-0.346,0.081,-0.991,-0.211,-0.091,0.022,10.076,329.97,28.4,6.2,0,0,34.144712,341.17,,1,1,1,1,,3031
55231.5,-0.329,0.176,-0.893,-0.013,-0.119,0.075,10.145,329.97,29.33,5.3,0,0,35.262831,340.27,,1,1,1,1,,3031.5
55232,-0.311,0.233,-0.704,0.183,-0.144,0.117,10.2,329.97,29.33,5.3,0,0,35.262831,340.27,,1,1,1,1,,3032
55232.5,-0.296,0.243,-0.445,0.357,-0.127,0.142,10.189,330.07,28.4,4.8,0,0,34.144712,339.87,,1,1,1,1,,3032.5
55233,-0.279,0.206,-0.144,0.489,-0.108,0.129,10.154,330.07,28.4,4.8,0,0,34.144712,339.87,,1,1,1,1,,3033
55233.5,-0.263,0.13,0.165,0.566,-0.073,0.123,10.082,330.07,28.4,7.4,0,0,34.144712,342.47,,1,1,1,1,,3033.5
55234,-0.246,0.023,0.448,0.578,-0.017,0.078,9.974,330.07,28.4,7.4,0,0,34.144712,342.47,,1,1,1,1,,3034
55234.5,-0.221,-0.105,0.674,0.524,0.04,-0.009,9.843,329.97,29.33,4.4,0,0,35.262831,339.37,,1,1,1,1,,3034.5
55235,-0.195,-0.238,0.817,0.406,0.095,-0.081,9.711,329.97,29.33,4.4,0,0,35.262831,339.37,,1,1,1,1,,3035
55235.5,-0.158,-0.358,0.861,0.24,0.146,-0.19,9.583,329.87,29.33,7.2,0,0,35.262831,342.07,,1,1,1,1,,3035.5
55236,-0.118,-0.454,0.801,0.046,0.165,-0.229,9.496,329.87,29.33,7.2,0,0,35.262831,342.07,,1,1,1,1,,3036
55236.5,-0.078,-0.513,0.646,-0.152,0.175,-0.235,9.438,329.67,29.33,8.5,0,0,35.262831,343.17,,1,1,1,1,,3036.5
55237,-0.039,-0.53,0.415,-0.334,0.167,-0.202,9.423,329.67,29.33,8.5,0,0,35.262831,343.17,,1,1,1,1,,3037
55237.5,-0.003,-0.498,0.134,-0.476,0.139,-0.104,9.466,329.67,28.4,10.1,0,0,34.144712,344.77,,1,1,1,1,,3037.5
55238,0.031,-0.424,-0.163,-0.564,0.115,-0.034,9.531,329.67,28.4,10.1,0,0,34.144712,344.77,,1,1,1,1,,3038
55238.5,0.061,-0.317,-0.44,-0.586,0.077,0.041,9.638,329.67,29.33,3.1,0,0,35.262831,337.77,,1,1,1,1,,3038.5
55239,0.091,-0.19,-0.666,-0.541,0.031,0.126,9.765,329.67,29.33,3.1,0,0,35.262831,337.77,,1,1,1,1,,3039
55239.5,0.12,-0.054,-0.815,-0.44,0,0.15,9.884,329.67,29.33,5.8,0,0,35.262831,340.47,,1,1,1,1,,3039.5
55240,0.151,0.072,-0.873,-0.293,-0.028,0.167,9.994,329.67,29.33,5.8,0,0,35.262831,340.47,,1,1,1,1,,3040
55240.5,0.179,0.174,-0.83,-0.104,-0.072,0.172,10.119,329.67,29.33,6,0,0,35.262831,340.67,,1,1,1,1,,3040.5
55241,0.205,0.239,-0.688,0.107,-0.105,0.167,10.216,329.67,29.33,6,0,0,35.262831,340.67,,1,1,1,1,,3041
55241.5,0.217,0.26,-0.455,0.324,-0.123,0.117,10.276,329.57,28.4,12.3,0,0,34.144712,346.87,,1,1,1,1,,3041.5
55242,0.204,0.227,-0.152,0.515,-0.125,0.076,10.275,329.57,28.4,12.3,0,0,34.144712,346.87,,1,1,1,1,,3042
55242.5,0.165,0.146,0.188,0.659,-0.117,0.016,10.234,329.47,28.4,9.6,0,0,34.144712,344.07,,1,1,1,1,,3042.5
55243,0.098,0.029,0.528,0.734,-0.08,-0.044,10.131,329.47,28.4,9.6,0,0,34.144712,344.07,,1,1,1,1,,3043
55243.5,0.008,-0.119,0.828,0.73,-0.031,-0.084,10,329.47,28.4,11.2,0,0,34.144712,345.67,,1,1,1,1,,3043.5
55244,-0.1,-0.279,1.053,0.646,0.026,-0.093,9.841,329.47,28.4,11.2,0,0,34.144712,345.67,,1,1,1,1,,3044
55244.5,-0.214,-0.436,1.173,0.49,0.084,-0.069,9.684,329.47,28.4,10.4,0,0,34.144712,344.87,,1,1,1,1,,3044.5
55245,-0.32,-0.575,1.173,0.279,0.142,-0.06,9.535,329.47,28.4,10.4,0,0,34.144712,344.87,,1,1,1,1,,3045
55245.5,-0.409,-0.68,1.048,0.033,0.181,-0.032,9.416,329.47,26.56,8,0,0,31.932519,342.47,,1,1,1,1,,3045.5
55246,-0.467,-0.741,0.807,-0.226,0.207,-0.024,9.326,329.47,26.56,8,0,0,31.932519,342.47,,1,1,1,1,,3046
55246.5,-0.487,-0.75,0.467,-0.48,0.227,-0.017,9.262,329.47,28.4,8.4,0,0,34.144712,342.87,,1,1,1,1,,3046.5
55247,-0.463,-0.702,0.058,-0.701,0.221,-0.081,9.262,329.47,28.4,8.4,0,0,34.144712,342.87,,1,1,1,1,,3047
55247.5,-0.398,-0.599,-0.383,-0.859,0.189,-0.127,9.325,329.37,27.48,9.2,0,0,33.038616,343.57,,1,1,1,1,,3047.5
55248,-0.291,-0.448,-0.81,-0.935,0.135,-0.14,9.457,329.37,27.48,9.2,0,0,33.038616,343.57,,1,1,1,1,,3048
55248.5,-0.159,-0.261,-1.178,-0.915,0.079,-0.141,9.618,329.17,27.48,5.5,0,0,33.038616,339.67,,1,1,1,1,,3048.5
55249,-0.014,-0.063,-1.443,-0.799,0.023,-0.127,9.808,329.17,27.48,5.5,0,0,33.038616,339.67,,1,1,1,1,,3049
55249.5,0.126,0.129,-1.574,-0.596,-0.044,-0.073,10.004,329.17,27.48,9.7,0,0,33.038616,343.87,,1,1,1,1,,3049.5
55250,0.241,0.297,-1.553,-0.328,-0.114,-0.02,10.184,329.17,27.48,9.7,0,0,33.038616,343.87,,1,1,1,1,,3050
55250.5,0.315,0.422,-1.378,-0.027,-0.154,0.018,10.309,329.07,29.33,13.6,0,0,35.262831,347.67,,1,1,1,1,,3050.5
55251,0.341,0.494,-1.066,0.276,-0.165,0.103,10.377,329.07,29.33,13.6,0,0,35.262831,347.67,,1,1,1,1,,3051
55251.5,0.323,0.505,-0.647,0.549,-0.167,0.166,10.395,329.17,28.4,12.1,0,0,34.144712,346.27,,1,1,1,1,,3051.5
55252,0.263,0.457,-0.164,0.764,-0.156,0.204,10.353,329.17,28.4,12.1,0,0,34.144712,346.27,,1,1,1,1,,3052
55252.5,0.176,0.355,0.334,0.898,-0.117,0.225,10.252,329.17,27.48,10.5,0,0,33.038616,344.67,,1,1,1,1,,3052.5
55253,0.08,0.209,0.799,0.947,-0.08,0.203,10.129,329.17,27.48,10.5,0,0,33.038616,344.67,,1,1,1,1,,3053
55253.5,-0.002,0.036,1.189,0.913,-0.037,0.121,9.993,329.17,27.48,13.8,0,0,33.038616,347.97,,1,1,1,1,,3053.5
55254,-0.056,-0.152,1.472,0.804,0.01,0.051,9.85,329.17,27.48,13.8,0,0,33.038616,347.97,,1,1,1,1,,3054
55254.5,-0.071,-0.342,1.629,0.639,0.055,-0.054,9.719,329.07,28.4,7.8,0,0,34.144712,341.87,,1,1,1,1,,3054.5
55255,-0.045,-0.514,1.652,0.429,0.095,-0.153,9.604,329.07,28.4,7.8,0,0,34.144712,341.87,,1,1,1,1,,3055
55255.5,0.019,-0.663,1.543,0.194,0.136,-0.16,9.502,328.97,30.43,3.9,0,0,36.585338,337.87,,1,1,1,1,,3055.5
55256,0.112,-0.775,1.314,-0.053,0.172,-0.187,9.42,328.97,30.43,3.9,0,0,36.585338,337.87,,1,1,1,1,,3056
55256.5,0.225,-0.837,0.984,-0.294,0.201,-0.181,9.366,328.77,29.33,1.1,0,0,35.262831,334.87,,1,1,1,1,,3056.5
55257,0.343,-0.851,0.578,-0.516,0.223,-0.106,9.324,328.77,29.33,1.1,0,0,35.262831,334.87,,1,1,1,1,,3057
55257.5,0.454,-0.81,0.125,-0.704,0.217,-0.052,9.339,328.77,32.28,12.3,0,0,38.809553,346.07,,1,1,1,1,,3057.5
55258,0.548,-0.716,-0.341,-0.84,0.206,0.032,9.375,328.77,32.28,12.3,0,0,38.809553,346.07,,1,1,1,1,,3058
55258.5,0.61,-0.58,-0.784,-0.912,0.171,0.128,9.459,328.77,32.28,14.7,0,0,38.809553,348.47,,1,1,1,1,,3058.5
55259,0.634,-0.406,-1.17,-0.913,0.13,0.239,9.566,328.77,32.28,14.7,0,0,38.809553,348.47,,1,1,1,1,,3059
55259.5,0.613,-0.211,-1.469,-0.848,0.074,0.336,9.692,328.77,32.28,12.2,0,0,38.809553,345.97,,1,1,1,1,,3059.5
55260,0.551,-0.008,-1.657,-0.709,0.012,0.395,9.848,328.77,32.28,12.2,0,0,38.809553,345.97,,1,1,1,1,,3060
55260.5,0.453,0.187,-1.714,-0.508,-0.056,0.413,10,328.87,31.35,6.4,0,0,37.691434,340.27,,1,1,1,1,,3060.5
55261,0.323,0.353,-1.63,-0.249,-0.133,0.31,10.184,328.87,31.35,6.4,0,0,37.691434,340.27,,1,1,1,1,,3061
55261.5,0.171,0.474,-1.401,0.057,-0.194,0.14,10.342,328.87,31.35,11.4,0,0,37.691434,345.27,,1,1,1,1,,3061.5
55262,0.019,0.539,-1.035,0.382,-0.238,-0.076,10.463,328.87,31.35,11.4,0,0,37.691434,345.27,,1,1,1,1,,3062
55262.5,-0.111,0.535,-0.558,0.686,-0.243,-0.255,10.498,328.77,32.28,10.3,0,0,38.809553,344.07,,1,1,1,1,,3062.5
55263,-0.205,0.459,-0.011,0.933,-0.22,-0.339,10.46,328.77,32.28,10.3,0,0,38.809553,344.07,,1,1,1,1,,3063
55263.5,-0.254,0.322,0.551,1.081,-0.159,-0.369,10.322,328.67,32.28,16.8,0,0,38.809553,350.47,,1,1,1,1,,3063.5
55264,-0.255,0.134,1.067,1.116,-0.085,-0.342,10.146,328.67,32.28,16.8,0,0,38.809553,350.47,,1,1,1,1,,3064
55264.5,-0.215,-0.085,1.481,1.028,0.011,-0.189,9.913,328.57,31.35,14,0,0,37.691434,347.57,,1,1,1,1,,3064.5
55265,-0.148,-0.309,1.746,0.823,0.107,-0.056,9.661,328.57,31.35,14,0,0,37.691434,347.57,,1,1,1,1,,3065
55265.5,-0.061,-0.515,1.827,0.52,0.188,0.009,9.419,328.57,29.33,13.4,0,0,35.262831,346.97,,1,1,1,1,,3065.5
55266,0.037,-0.68,1.712,0.153,0.254,0.091,9.224,328.57,29.33,13.4,0,0,35.262831,346.97,,1,1,1,1,,3066
55266.5,0.137,-0.782,1.411,-0.235,0.292,0.12,9.096,328.57,29.33,15.3,0,0,35.262831,348.87,,1,1,1,1,,3066.5
55267,0.235,-0.814,0.956,-0.595,0.295,0.117,9.061,328.57,29.33,15.3,0,0,35.262831,348.87,,1,1,1,1,,3067
55267.5,0.323,-0.774,0.4,-0.882,0.262,0.118,9.13,328.67,32.28,13.2,0,0,38.809553,346.87,,1,1,1,1,,3067.5
55268,0.392,-0.665,-0.19,-1.05,0.193,0.137,9.305,328.67,32.28,13.2,0,0,38.809553,346.87,,1,1,1,1,,3068
55268.5,0.437,-0.512,-0.738,-1.078,0.111,0.12,9.543,328.67,29.33,9.7,0,0,35.262831,343.37,,1,1,1,1,,3068.5
55269,0.454,-0.335,-1.175,-0.961,0.012,0.12,9.828,328.67,29.33,9.7,0,0,35.262831,343.37,,1,1,1,1,,3069
55269.5,0.445,-0.158,-1.447,-0.72,-0.069,0.131,10.084,328.67,29.33,13.9,0,0,35.262831,347.57,,1,1,1,1,,3069.5
55270,0.406,-0.004,-1.528,-0.402,-0.123,0.132,10.271,328.67,29.33,13.9,0,0,35.262831,347.57,,1,1,1,1,,3070
55270.5,0.339,0.11,-1.419,-0.061,-0.152,0.106,10.382,328.67,29.33,13.8,0,0,35.262831,347.47,,1,1,1,1,,3070.5
55271,0.246,0.176,-1.151,0.255,-0.146,0.065,10.391,328.67,29.33,13.8,0,0,35.262831,347.47,,1,1,1,1,,3071
55271.5,0.143,0.196,-0.773,0.503,-0.128,0.031,10.333,328.67,30.43,5.4,0,0,36.585338,339.07,,1,1,1,1,,3071.5
55272,0.035,0.17,-0.343,0.657,-0.082,-0.01,10.193,328.67,30.43,5.4,0,0,36.585338,339.07,,1,1,1,1,,3072
55272.5,-0.06,0.117,0.078,0.705,-0.034,-0.034,10.03,328.77,31.35,9.6,0,0,37.691434,343.37,,1,1,1,1,,3072.5
55273,-0.136,0.042,0.436,0.655,0.021,-0.067,9.844,328.77,31.35,9.6,0,0,37.691434,343.37,,1,1,1,1,,3073
55273.5,-0.18,-0.036,0.692,0.521,0.059,-0.093,9.688,328.67,32.28,9.6,0,0,38.809553,343.27,,1,1,1,1,,3073.5
55274,-0.186,-0.104,0.828,0.342,0.092,-0.123,9.574,328.67,32.28,9.6,0,0,38.809553,343.27,,1,1,1,1,,3074
55274.5,-0.16,-0.153,0.842,0.141,0.112,-0.126,9.505,328.57,32.28,9.5,0,0,38.809553,343.07,,1,1,1,1,,3074.5
55275,-0.098,-0.185,0.752,-0.042,0.107,-0.106,9.506,328.57,32.28,9.5,0,0,38.809553,343.07,,1,1,1,1,,3075
55275.5,-0.014,-0.196,0.588,-0.188,0.094,0.003,9.544,328.57,29.33,8.9,0,0,35.262831,342.47,,1,1,1,1,,3075.5
55276,0.081,-0.199,0.384,-0.275,0.067,0.053,9.637,328.57,29.33,8.9,0,0,35.262831,342.47,,1,1,1,1,,3076
55276.5,0.169,-0.197,0.177,-0.306,0.05,0.114,9.718,328.57,31.35,7.8,0,0,37.691434,341.37,,1,1,1,1,,3076.5
55277,0.24,-0.2,-0.005,-0.279,0.019,0.144,9.835,328.57,31.35,7.8,0,0,37.691434,341.37,,1,1,1,1,,3077
55277.5,0.276,-0.209,-0.136,-0.206,-0.004,0.076,9.926,328.67,31.35,8.8,0,0,37.691434,342.47,,1,1,1,1,,3077.5
55278,0.273,-0.23,-0.203,-0.095,-0.031,-0.03,10.025,328.67,31.35,8.8,0,0,37.691434,342.47,,1,1,1,1,,3078
55278.5,0.231,-0.263,-0.201,0.026,-0.026,-0.056,10.043,328.67,32.28,10,0,0,38.809553,343.67,,1,1,1,1,,3078.5
55279,0.156,-0.304,-0.144,0.139,-0.046,-0.063,10.083,328.67,32.28,10,0,0,38.809553,343.67,,1,1,1,1,,3079
55279.5,0.059,-0.355,-0.045,0.217,0.001,-0.062,9.983,328.77,31.35,9.1,0,0,37.691434,342.87,,1,1,1,1,,3079.5
55280,-0.048,-0.399,0.061,0.24,0.015,-0.065,9.926,328.77,31.35,9.1,0,0,37.691434,342.87,,1,1,1,1,,3080
55280.5,-0.143,-0.435,0.151,0.21,0.076,0.004,9.777,328.77,31.35,8.5,0,0,37.691434,342.27,,1,1,1,1,,3080.5
55281,-0.218,-0.449,0.192,0.107,0.118,0.025,9.653,328.77,31.35,8.5,0,0,37.691434,342.27,,1,1,1,1,,3081
55281.5,-0.259,-0.435,0.168,-0.033,0.152,0.059,9.522,328.87,32.28,9.8,0,0,38.809553,343.67,,1,1,1,1,,3081.5
55282,-0.27,-0.384,0.067,-0.219,0.178,0.136,9.417,328.87,32.28,9.8,0,0,38.809553,343.67,,1,1,1,1,,3082
55282.5,-0.253,-0.295,-0.102,-0.378,0.165,0.156,9.417,328.87,32.28,8,0,0,38.809553,341.87,,1,1,1,1,,3082.5
55283,-0.218,-0.174,-0.315,-0.513,0.144,0.151,9.445,328.87,32.28,8,0,0,38.809553,341.87,,1,1,1,1,,3083
55283.5,-0.171,-0.032,-0.534,-0.556,0.071,0.075,9.615,328.87,33.2,6.5,0,0,39.915649,340.37,,1,1,1,1,,3083.5
55284,-0.118,0.114,-0.716,-0.523,0.028,-0.005,9.741,328.87,33.2,6.5,0,0,39.915649,340.37,,1,1,1,1,,3084
55284.5,-0.067,0.242,-0.822,-0.388,-0.065,-0.114,9.978,328.77,34.12,4.2,0,0,41.021746,337.97,,1,1,1,1,,3084.5
55285,-0.016,0.332,-0.82,-0.19,-0.1,-0.167,10.1,328.77,34.12,4.2,0,0,41.021746,337.97,,1,1,1,1,,3085
55285.5,0.033,0.375,-0.705,0.051,-0.174,-0.248,10.275,328.67,34.12,3.7,0,0,41.021746,337.37,,1,1,1,1,,3085.5
55286,0.078,0.361,-0.476,0.308,-0.185,-0.25,10.322,328.67,34.12,3.7,0,0,41.021746,337.37,,1,1,1,1,,3086
55286.5,0.117,0.289,-0.162,0.536,-0.198,-0.184,10.37,328.67,34.12,3.3,0,0,41.021746,336.97,,1,1,1,1,,3086.5
55287,0.149,0.165,0.211,0.726,-0.169,-0.147,10.316,328.67,34.12,3.3,0,0,41.021746,336.97,,1,1,1,1,,3087
55287.5,0.169,0,0.592,0.821,-0.108,-0.069,10.196,328.67,34.12,6.8,0,0,41.021746,340.47,,1,1,1,1,,3087.5
55288,0.174,-0.186,0.938,0.84,-0.051,0.004,10.06,328.67,34.12,6.8,0,0,41.021746,340.47,,1,1,1,1,,3088
55288.5,0.167,-0.382,1.202,0.743,0.047,0.065,9.837,328.77,33.2,6,0,0,39.915649,339.77,,1,1,1,1,,3088.5
55289,0.147,-0.557,1.345,0.565,0.123,0.124,9.656,328.77,33.2,6,0,0,39.915649,339.77,,1,1,1,1,,3089
55289.5,0.12,-0.698,1.344,0.297,0.223,0.233,9.416,328.97,34.12,12.1,0,0,41.021746,346.07,,1,1,1,1,,3089.5
55290,0.088,-0.783,1.187,-0.008,0.255,0.258,9.3,328.97,34.12,12.1,0,0,41.021746,346.07,,1,1,1,1,,3090
55290.5,0.06,-0.806,0.889,-0.33,0.299,0.258,9.168,329.07,34.12,9.7,0,0,41.021746,343.77,,1,1,1,1,,3090.5
55291,0.033,-0.76,0.476,-0.615,0.27,0.251,9.198,329.07,34.12,9.7,0,0,41.021746,343.77,,1,1,1,1,,3091
55291.5,0.02,-0.654,-0.001,-0.83,0.248,0.152,9.24,329.07,32.28,7.6,0,0,38.809553,341.67,,1,1,1,1,,3091.5
55292,0.023,-0.496,-0.489,-0.946,0.161,0.044,9.416,329.07,32.28,7.6,0,0,38.809553,341.67,,1,1,1,1,,3092
55292.5,0.039,-0.313,-0.925,-0.944,0.085,-0.017,9.593,329.07,33.2,10.1,0,0,39.915649,344.17,,1,1,1,1,,3092.5
55293,0.069,-0.118,-1.261,-0.836,-0.012,-0.094,9.825,329.07,33.2,10.1,0,0,39.915649,344.17,,1,1,1,1,,3093
55293.5,0.11,0.062,-1.454,-0.629,-0.074,-0.149,10.014,328.97,34.12,7.2,0,0,41.021746,341.17,,1,1,1,1,,3093.5
55294,0.157,0.212,-1.489,-0.37,-0.125,-0.126,10.172,328.97,34.12,7.2,0,0,41.021746,341.17,,1,1,1,1,,3094
55294.5,0.199,0.316,-1.366,-0.072,-0.17,-0.123,10.297,328.87,34.12,7.9,0,0,41.021746,341.77,,1,1,1,1,,3094.5
55295,0.233,0.365,-1.107,0.2,-0.157,-0.096,10.307,328.87,34.12,7.9,0,0,41.021746,341.77,,1,1,1,1,,3095
55295.5,0.249,0.365,-0.748,0.443,-0.157,-0.033,10.315,328.87,33.2,6.9,0,0,39.915649,340.77,,1,1,1,1,,3095.5
55296,0.243,0.313,-0.331,0.615,-0.126,-0.006,10.228,328.87,33.2,6.9,0,0,39.915649,340.77,,1,1,1,1,,3096
55296.5,0.217,0.227,0.095,0.721,-0.108,-0.016,10.159,328.77,33.2,8.3,0,0,39.915649,342.07,,1,1,1,1,,3096.5
55297,0.173,0.112,0.489,0.742,-0.04,0.019,10.003,328.77,33.2,8.3,0,0,39.915649,342.07,,1,1,1,1,,3097
55297.5,0.116,-0.015,0.812,0.69,-0.001,0.09,9.889,328.87,33.2,8.9,0,0,39.915649,342.77,,1,1,1,1,,3097.5
55298,0.055,-0.142,1.037,0.574,0.056,0.126,9.745,328.87,33.2,8.9,0,0,39.915649,342.77,,1,1,1,1,,3098
55298.5,-0.002,-0.258,1.147,0.403,0.107,0.156,9.631,328.97,32.28,8,0,0,38.809553,341.97,,1,1,1,1,,3098.5
55299,-0.045,-0.35,1.14,0.208,0.148,0.166,9.536,328.97,32.28,8,0,0,38.809553,341.97,,1,1,1,1,,3099
55299.5,-0.062,-0.411,1.022,0.002,0.165,0.123,9.485,329.17,32.28,4.5,0,0,38.809553,338.67,,1,1,1,1,,3099.5
55300,-0.06,-0.443,0.815,-0.18,0.169,0.067,9.48,329.17,32.28,4.5,0,0,38.809553,338.67,,1,1,1,1,,3100
55300.5,-0.033,-0.444,0.549,-0.323,0.145,0.018,9.523,329.07,31.35,5.9,0,0,37.691434,339.97,,1,1,1,1,,3100.5
55301,0.006,-0.421,0.261,-0.403,0.1,-0.039,9.621,329.07,31.35,5.9,0,0,37.691434,339.97,,1,1,1,1,,3101
55301.5,0.046,-0.382,-0.015,-0.434,0.086,-0.069,9.686,329.07,31.35,10.4,0,0,37.691434,344.47,,1,1,1,1,,3101.5
55302,0.076,-0.334,-0.253,-0.412,0.051,-0.068,9.775,329.07,31.35,10.4,0,0,37.691434,344.47,,1,1,1,1,,3102
55302.5,0.089,-0.287,-0.435,-0.357,0.023,-0.085,9.837,328.97,31.35,6.1,0,0,37.691434,340.07,,1,1,1,1,,3102.5
55303,0.081,-0.24,-0.554,-0.278,0.003,-0.102,9.887,328.97,31.35,6.1,0,0,37.691434,340.07,,1,1,1,1,,3103
55303.5,0.054,-0.201,-0.61,-0.196,0.001,-0.037,9.9,328.97,31.35,6.6,0,0,37.691434,340.57,,1,1,1,1,,3103.5
55304,0.011,-0.168,-0.609,-0.107,-0.014,-0.014,9.935,328.97,31.35,6.6,0,0,37.691434,340.57,,1,1,1,1,,3104
55304.5,-0.043,-0.141,-0.559,-0.022,-0.013,0.027,9.939,329.07,30.43,7.7,0,0,36.585338,341.77,,1,1,1,1,,3104.5
55305,-0.104,-0.117,-0.47,0.053,-0.014,0.096,9.952,329.07,30.43,7.7,0,0,36.585338,341.77,,1,1,1,1,,3105
55305.5,-0.165,-0.097,-0.356,0.112,0.001,0.06,9.922,329.07,31.35,9.2,0,0,37.691434,343.27,,1,1,1,1,,3105.5
55306,-0.214,-0.076,-0.231,0.149,0.008,0.036,9.903,329.07,31.35,9.2,0,0,37.691434,343.27,,1,1,1,1,,3106
55306.5,-0.246,-0.057,-0.107,0.166,0.015,-0.01,9.866,329.17,30.43,7.2,0,0,36.585338,341.37,,1,1,1,1,,3106.5
55307,-0.253,-0.04,0.003,0.157,0.025,-0.064,9.829,329.17,30.43,7.2,0,0,36.585338,341.37,,1,1,1,1,,3107
55307.5,-0.231,-0.024,0.089,0.134,0.035,-0.113,9.796,329.07,30.43,6.4,0,0,36.585338,340.47,,1,1,1,1,,3107.5
55308,-0.179,-0.009,0.147,0.098,0.037,-0.09,9.78,329.07,30.43,6.4,0,0,36.585338,340.47,,1,1,1,1,,3108
55308.5,-0.102,0.003,0.179,0.067,0.036,-0.083,9.784,329.07,31.35,6.8,0,0,37.691434,340.87,,1,1,1,1,,3108.5
55309,-0.006,0.006,0.19,0.039,0.033,-0.038,9.787,329.07,31.35,6.8,0,0,37.691434,340.87,,1,1,1,1,,3109
55309.5,0.095,-0.001,0.187,0.025,0.021,0.048,9.811,328.97,31.35,7.1,0,0,37.691434,341.07,,1,1,1,1,,3109.5
55310,0.194,-0.022,0.177,0.014,0.017,0.103,9.815,328.97,31.35,7.1,0,0,37.691434,341.07,,1,1,1,1,,3110
55310.5,0.277,-0.054,0.163,0.014,0.01,0.133,9.835,328.97,32.28,5.8,0,0,38.809553,339.77,,1,1,1,1,,3110.5
55311,0.337,-0.1,0.15,0.021,0.008,0.134,9.846,328.97,32.28,5.8,0,0,38.809553,339.77,,1,1,1,1,,3111
55311.5,0.365,-0.156,0.143,0.039,-0.003,0.105,9.877,328.97,32.28,7.7,0,0,38.809553,341.67,,1,1,1,1,,3111.5
55312,0.358,-0.219,0.145,0.063,-0.006,0.039,9.893,328.97,32.28,7.7,0,0,38.809553,341.67,,1,1,1,1,,3112
55312.5,0.326,-0.285,0.155,0.082,0.011,-0.02,9.887,328.97,31.35,7.9,0,0,37.691434,341.87,,1,1,1,1,,3112.5
55313,0.274,-0.35,0.168,0.09,0.035,-0.046,9.854,328.97,31.35,7.9,0,0,37.691434,341.87,,1,1,1,1,,3113
55313.5,0.214,-0.405,0.174,0.075,0.057,-0.039,9.818,328.97,31.35,10.6,0,0,37.691434,344.57,,1,1,1,1,,3113.5
55314,0.155,-0.442,0.165,0.039,0.089,-0.011,9.764,328.97,31.35,10.6,0,0,37.691434,344.57,,1,1,1,1,,3114
55314.5,0.106,-0.457,0.132,-0.021,0.119,0.029,9.699,329.07,33.2,10,0,0,39.915649,344.07,,1,1,1,1,,3114.5
55315,0.071,-0.443,0.07,-0.096,0.131,0.078,9.651,329.07,33.2,10,0,0,39.915649,344.07,,1,1,1,1,,3115
55315.5,0.05,-0.402,-0.023,-0.184,0.143,0.103,9.6,329.17,32.28,10.1,0,0,38.809553,344.27,,1,1,1,1,,3115.5
55316,0.043,-0.33,-0.143,-0.27,0.14,0.112,9.58,329.17,32.28,10.1,0,0,38.809553,344.27,,1,1,1,1,,3116
55316.5,0.05,-0.23,-0.281,-0.341,0.126,0.082,9.585,329.17,32.28,10.5,0,0,38.809553,344.67,,1,1,1,1,,3116.5
55317,0.072,-0.11,-0.42,-0.375,0.079,0.017,9.655,329.17,32.28,10.5,0,0,38.809553,344.67,,1,1,1,1,,3117
55317.5,0.099,0.016,-0.537,-0.357,0.026,0.01,9.754,329.07,32.28,10.3,0,0,38.809553,344.37,,1,1,1,1,,3117.5
55318,0.135,0.137,-0.608,-0.283,-0.034,0.022,9.88,329.07,32.28,10.3,0,0,38.809553,344.37,,1,1,1,1,,3118
55318.5,0.165,0.239,-0.611,-0.153,-0.088,0.02,10.009,329.07,32.28,10.7,0,0,38.809553,344.77,,1,1,1,1,,3118.5
55319,0.184,0.304,-0.533,0.02,-0.136,0.02,10.129,329.07,32.28,10.7,0,0,38.809553,344.77,,1,1,1,1,,3119
55319.5,0.183,0.32,-0.371,0.219,-0.176,0.049,10.236,328.97,32.28,10.4,0,0,38.809553,344.37,,1,1,1,1,,3119.5
55320,0.164,0.279,-0.133,0.417,-0.179,0.039,10.287,328.97,32.28,10.4,0,0,38.809553,344.37,,1,1,1,1,,3120
55320.5,0.115,0.18,0.162,0.595,-0.168,0.031,10.3,328.97,33.2,10.1,0,0,39.915649,344.07,,1,1,1,1,,3120.5
55321,0.043,0.025,0.484,0.723,-0.127,0.017,10.242,328.97,33.2,10.1,0,0,39.915649,344.07,,1,1,1,1,,3121
55321.5,-0.045,-0.171,0.795,0.773,-0.057,-0.02,10.11,328.97,31.35,8.7,0,0,37.691434,342.67,,1,1,1,1,,3121.5
55322,-0.138,-0.388,1.05,0.723,0.024,-0.019,9.915,328.97,31.35,8.7,0,0,37.691434,342.67,,1,1,1,1,,3122
55322.5,-0.227,-0.601,1.203,0.563,0.129,-0.048,9.672,328.97,31.35,8.6,0,0,37.691434,342.57,,1,1,1,1,,3122.5
55323,-0.302,-0.782,1.218,0.301,0.228,-0.081,9.417,328.97,31.35,8.6,0,0,37.691434,342.57,,1,1,1,1,,3123
55323.5,-0.362,-0.902,1.07,-0.039,0.297,-0.089,9.194,329.17,30.43,8.4,0,0,36.585338,342.57,,1,1,1,1,,3123.5
55324,-0.401,-0.941,0.759,-0.417,0.34,-0.136,9.034,329.17,30.43,8.4,0,0,36.585338,342.57,,1,1,1,1,,3124
55324.5,-0.412,-0.887,0.306,-0.775,0.344,-0.149,8.983,329.17,31.35,8.2,0,0,37.691434,342.37,,1,1,1,1,,3124.5
55325,-0.4,-0.741,-0.237,-1.059,0.303,-0.124,9.047,329.17,31.35,8.2,0,0,37.691434,342.37,,1,1,1,1,,3125
55325.5,-0.354,-0.512,-0.804,-1.223,0.221,-0.099,9.223,329.17,32.28,6.3,0,0,38.809553,340.47,,1,1,1,1,,3125.5
55326,-0.274,-0.226,-1.321,-1.241,0.116,-0.045,9.477,329.17,32.28,6.3,0,0,38.809553,340.47,,1,1,1,1,,3126
55326.5,-0.166,0.081,-1.715,-1.1,-0.011,0.02,9.795,329.17,31.35,9.3,0,0,37.691434,343.47,,1,1,1,1,,3126.5
55327,-0.043,0.377,-1.927,-0.814,-0.12,0.084,10.11,329.17,31.35,9.3,0,0,37.691434,343.47,,1,1,1,1,,3127
55327.5,0.081,0.625,-1.918,-0.408,-0.237,0.117,10.426,329.07,32.28,14.2,0,0,38.809553,348.27,,1,1,1,1,,3127.5
55328,0.195,0.791,-1.673,0.07,-0.312,0.099,10.654,329.07,32.28,14.2,0,0,38.809553,348.27,,1,1,1,1,,3128
55328.5,0.285,0.856,-1.209,0.57,-0.374,0.094,10.833,329.07,33.2,14.1,0,0,39.915649,348.17,,1,1,1,1,,3128.5
55329,0.35,0.803,-0.567,1.028,-0.371,0.092,10.857,329.07,33.2,14.1,0,0,39.915649,348.17,,1,1,1,1,,3129
55329.5,0.383,0.639,0.181,1.378,-0.328,0.087,10.756,328.97,32.28,13.2,0,0,38.809553,347.17,,1,1,1,1,,3129.5
55330,0.384,0.374,0.949,1.576,-0.247,0.095,10.54,328.97,32.28,13.2,0,0,38.809553,347.17,,1,1,1,1,,3130
55330.5,0.358,0.036,1.642,1.592,-0.127,0.098,10.231,329.07,32.28,11.1,0,0,38.809553,345.17,,1,1,1,1,,3130.5
55331,0.318,-0.334,2.177,1.424,0.009,0.075,9.88,329.07,32.28,11.1,0,0,38.809553,345.17,,1,1,1,1,,3131
55331.5,0.282,-0.697,2.484,1.09,0.153,0.07,9.511,328.97,31.35,12.3,0,0,37.691434,346.27,,1,1,1,1,,3131.5
55332,0.26,-1.012,2.522,0.621,0.286,0.045,9.17,328.97,31.35,12.3,0,0,37.691434,346.27,,1,1,1,1,,3132
55332.5,0.268,-1.241,2.278,0.071,0.39,-0.012,8.888,328.97,31.35,11.7,0,0,37.691434,345.67,,1,1,1,1,,3132.5
55333,0.303,-1.36,1.771,-0.501,0.448,-0.016,8.718,328.97,31.35,11.7,0,0,37.691434,345.67,,1,1,1,1,,3133
55333.5,0.367,-1.353,1.053,-1.023,0.459,-0.058,8.677,328.87,31.35,11.9,0,0,37.691434,345.77,,1,1,1,1,,3133.5
55334,0.449,-1.219,0.202,-1.438,0.421,-0.08,8.759,328.87,31.35,11.9,0,0,37.691434,345.77,,1,1,1,1,,3134
55334.5,0.534,-0.973,-0.687,-1.691,0.321,-0.039,8.988,328.87,30.43,9.2,0,0,36.585338,343.07,,1,1,1,1,,3134.5
55335,0.61,-0.641,-1.514,-1.76,0.214,0.027,9.277,328.87,30.43,9.2,0,0,36.585338,343.07,,1,1,1,1,,3135
55335.5,0.661,-0.26,-2.187,-1.636,0.072,0.122,9.631,328.87,30.43,13.1,0,0,36.585338,346.97,,1,1,1,1,,3135.5
55336,0.672,0.128,-2.632,-1.335,-0.074,0.234,10.001,328.87,30.43,13.1,0,0,36.585338,346.97,,1,1,1,1,,3136
55336.5,0.639,0.484,-2.801,-0.898,-0.194,0.294,10.335,328.87,32.28,15,0,0,38.809553,348.87,,1,1,1,1,,3136.5
55337,0.558,0.766,-2.674,-0.357,-0.302,0.288,10.619,328.87,32.28,15,0,0,38.809553,348.87,,1,1,1,1,,3137
55337.5,0.441,0.949,-2.265,0.213,-0.381,0.266,10.825,328.97,32.28,11.2,0,0,38.809553,345.17,,1,1,1,1,,3137.5
55338,0.296,1.011,-1.617,0.768,-0.411,0.222,10.914,328.97,32.28,11.2,0,0,38.809553,345.17,,1,1,1,1,,3138
55338.5,0.136,0.95,-0.801,1.223,-0.388,0.176,10.863,329.07,31.35,14.4,0,0,37.691434,348.47,,1,1,1,1,,3138.5
55339,-0.02,0.774,0.095,1.553,-0.336,0.093,10.73,329.07,31.35,14.4,0,0,37.691434,348.47,,1,1,1,1,,3139
55339.5,-0.158,0.503,0.973,1.702,-0.234,-0.009,10.457,328.97,31.35,13.1,0,0,37.691434,347.07,,1,1,1,1,,3139.5
55340,-0.266,0.169,1.741,1.679,-0.124,-0.051,10.184,328.97,31.35,13.1,0,0,37.691434,347.07,,1,1,1,1,,3140
55340.5,-0.336,-0.198,2.32,1.476,0.025,-0.117,9.822,328.77,30.43,14.5,0,0,36.585338,348.27,,1,1,1,1,,3140.5
55341,-0.365,-0.553,2.652,1.126,0.148,-0.205,9.51,328.77,30.43,14.5,0,0,36.585338,348.27,,1,1,1,1,,3141
55341.5,-0.356,-0.862,2.707,0.662,0.289,-0.226,9.187,328.77,30.43,15.4,0,0,36.585338,349.17,,1,1,1,1,,3141.5
55342,-0.317,-1.096,2.48,0.135,0.376,-0.242,8.97,328.77,30.43,15.4,0,0,36.585338,349.17,,1,1,1,1,,3142
55342.5,-0.264,-1.229,2.002,-0.397,0.423,-0.255,8.816,328.67,30.43,10.8,0,0,36.585338,344.47,,1,1,1,1,,3142.5
55343,-0.209,-1.246,1.322,-0.888,0.431,-0.211,8.789,328.67,30.43,10.8,0,0,36.585338,344.47,,1,1,1,1,,3143
55343.5,-0.162,-1.152,0.515,-1.273,0.402,-0.124,8.859,328.67,31.35,13.5,0,0,37.691434,347.17,,1,1,1,1,,3143.5
55344,-0.128,-0.953,-0.333,-1.517,0.309,-0.022,9.057,328.67,31.35,13.5,0,0,37.691434,347.17,,1,1,1,1,,3144
55344.5,-0.109,-0.675,-1.128,-1.585,0.188,0.046,9.337,328.57,31.35,12.5,0,0,37.691434,346.07,,1,1,1,1,,3144.5
55345,-0.108,-0.355,-1.785,-1.482,0.067,0.123,9.65,328.57,31.35,12.5,0,0,37.691434,346.07,,1,1,1,1,,3145
55345.5,-0.116,-0.03,-2.231,-1.205,-0.086,0.178,10.019,328.67,29.33,12.1,0,0,35.262831,345.77,,1,1,1,1,,3145.5
55346,-0.131,0.267,-2.421,-0.806,-0.178,0.196,10.3,328.67,29.33,12.1,0,0,35.262831,345.77,,1,1,1,1,,3146
55346.5,-0.147,0.504,-2.343,-0.327,-0.273,0.105,10.555,328.67,29.33,10.6,0,0,35.262831,344.27,,1,1,1,1,,3146.5
55347,-0.16,0.657,-2.012,0.164,-0.304,0.056,10.661,328.67,29.33,10.6,0,0,35.262831,344.27,,1,1,1,1,,3147
55347.5,-0.17,0.716,-1.48,0.615,-0.318,0.024,10.712,328.67,28.4,10.7,0,0,34.144712,344.37,,1,1,1,1,,3147.5
55348,-0.167,0.677,-0.811,0.97,-0.268,-0.061,10.603,328.67,28.4,10.7,0,0,34.144712,344.37,,1,1,1,1,,3148
55348.5,-0.155,0.555,-0.092,1.194,-0.212,-0.111,10.455,328.47,28.4,10.7,0,0,34.144712,344.17,,1,1,1,1,,3148.5
55349,-0.131,0.365,0.596,1.269,-0.109,-0.155,10.199,328.47,28.4,10.7,0,0,34.144712,344.17,,1,1,1,1,,3149
55349.5,-0.104,0.135,1.175,1.193,-0.016,-0.17,9.954,328.47,28.4,10.7,0,0,34.144712,344.17,,1,1,1,1,,3149.5
55350,-0.071,-0.104,1.592,1,0.078,-0.126,9.707,328.47,28.4,10.7,0,0,34.144712,344.17,,1,1,1,1,,3150
55350.5,-0.029,-0.33,1.811,0.711,0.158,-0.084,9.499,328.37,27.48,10.2,0,0,33.038616,343.57,,1,1,1,1,,3150.5
55351,0.022,-0.519,1.828,0.38,0.209,-0.034,9.357,328.37,27.48,10.2,0,0,33.038616,343.57,,1,1,1,1,,3151
55351.5,0.084,-0.656,1.657,0.039,0.24,-0.005,9.275,328.37,28.4,9.9,0,0,34.144712,343.27,,1,1,1,1,,3151.5
55352,0.155,-0.731,1.336,-0.261,0.242,0.021,9.281,328.37,28.4,9.9,0,0,34.144712,343.27,,1,1,1,1,,3152
55352.5,0.224,-0.75,0.915,-0.506,0.231,0.028,9.316,328.47,28.4,9.1,0,0,34.144712,342.57,,1,1,1,1,,3152.5
55353,0.29,-0.713,0.445,-0.667,0.18,0.076,9.425,328.47,28.4,9.1,0,0,34.144712,342.57,,1,1,1,1,,3153
55353.5,0.341,-0.635,-0.021,-0.754,0.146,0.13,9.514,328.47,27.48,8.9,0,0,33.038616,342.37,,1,1,1,1,,3153.5
55354,0.371,-0.527,-0.443,-0.761,0.095,0.161,9.641,328.47,27.48,8.9,0,0,33.038616,342.37,,1,1,1,1,,3154
55354.5,0.376,-0.399,-0.787,-0.708,0.062,0.237,9.73,328.37,27.48,4.4,0,0,33.038616,337.77,,1,1,1,1,,3154.5
55355,0.354,-0.266,-1.035,-0.61,0.018,0.252,9.834,328.37,27.48,4.4,0,0,33.038616,337.77,,1,1,1,1,,3155
55355.5,0.308,-0.139,-1.179,-0.481,0.004,0.239,9.888,328.37,27.48,357.7,0,0,33.038616,331.07,,1,1,1,1,,3155.5
55356,0.247,-0.017,-1.221,-0.335,-0.03,0.169,9.962,328.37,27.48,357.7,0,0,33.038616,331.07,,1,1,1,1,,3156
55356.5,0.173,0.087,-1.168,-0.176,-0.039,0.064,10.006,328.27,27.48,359.6,0,0,33.038616,332.87,,1,1,1,1,,3156.5
55357,0.097,0.172,-1.032,-0.018,-0.058,-0.049,10.054,328.27,27.48,359.6,0,0,33.038616,332.87,,1,1,1,1,,3157
55357.5,0.024,0.229,-0.826,0.139,-0.067,-0.124,10.093,328.27,25.64,7.8,0,0,30.826423,341.07,,1,1,1,1,,3157.5
55358,-0.044,0.256,-0.567,0.281,-0.07,-0.152,10.105,328.27,25.64,7.8,0,0,30.826423,341.07,,1,1,1,1,,3158
55358.5,-0.101,0.251,-0.274,0.408,-0.073,-0.16,10.121,328.17,26.56,8,0,0,31.932519,341.17,,1,1,1,1,,3158.5
55359,-0.151,0.215,0.034,0.506,-0.067,-0.143,10.106,328.17,26.56,8,0,0,31.932519,341.17,,1,1,1,1,,3159
55359.5,-0.196,0.148,0.337,0.578,-0.071,-0.114,10.098,328.17,25.64,5.1,0,0,30.826423,338.27,,1,1,1,1,,3159.5
55360,-0.238,0.055,0.619,0.613,-0.049,-0.076,10.036,328.17,25.64,5.1,0,0,30.826423,338.27,,1,1,1,1,,3160
55360.5,-0.278,-0.063,0.857,0.606,-0.033,-0.037,9.982,328.17,25.64,7.6,0,0,30.826423,340.77,,1,1,1,1,,3160.5
55361,-0.312,-0.197,1.036,0.554,0.003,-0.033,9.887,328.17,25.64,7.6,0,0,30.826423,340.77,,1,1,1,1,,3161
55361.5,-0.34,-0.338,1.138,0.455,0.043,-0.012,9.79,328.27,25.64,7.4,0,0,30.826423,340.67,,1,1,1,1,,3161.5
55362,-0.353,-0.472,1.153,0.31,0.101,0.013,9.656,328.27,25.64,7.4,0,0,30.826423,340.67,,1,1,1,1,,3162
55362.5,-0.352,-0.587,1.068,0.118,0.149,0.009,9.531,328.27,24.71,8.5,0,0,29.708304,341.77,,1,1,1,1,,3162.5
55363,-0.337,-0.669,0.884,-0.101,0.19,-0.01,9.425,328.27,24.71,8.5,0,0,29.708304,341.77,,1,1,1,1,,3163
55363.5,-0.311,-0.707,0.607,-0.329,0.218,-0.039,9.35,328.27,24.71,2.9,0,0,29.708304,336.17,,1,1,1,1,,3163.5
55364,-0.281,-0.693,0.26,-0.532,0.212,-0.092,9.34,328.27,24.71,2.9,0,0,29.708304,336.17,,1,1,1,1,,3164
55364.5,-0.254,-0.629,-0.127,-0.694,0.196,-0.134,9.367,328.17,23.79,1.8,0,0,28.602208,334.97,,1,1,1,1,,3164.5
55365,-0.231,-0.518,-0.518,-0.789,0.154,-0.131,9.46,328.17,23.79,1.8,0,0,28.602208,334.97,,1,1,1,1,,3165
55365.5,-0.214,-0.368,-0.872,-0.809,0.11,-0.102,9.577,328.17,24.71,2.7,0,0,29.708304,335.87,,1,1,1,1,,3165.5
55366,-0.2,-0.193,-1.152,-0.743,0.046,-0.053,9.744,328.17,24.71,2.7,0,0,29.708304,335.87,,1,1,1,1,,3166
55366.5,-0.184,-0.017,-1.326,-0.601,-0.008,0.006,9.9,328.17,25.64,4.1,0,0,30.826423,337.27,,1,1,1,1,,3166.5
55367,-0.165,0.15,-1.374,-0.394,-0.068,0.071,10.068,328.17,25.64,4.1,0,0,30.826423,337.27,,1,1,1,1,,3167
55367.5,-0.138,0.285,-1.287,-0.146,-0.107,0.142,10.186,328.17,24.71,6.5,0,0,29.708304,339.67,,1,1,1,1,,3167.5
55368,-0.109,0.375,-1.075,0.113,-0.136,0.168,10.275,328.17,24.71,6.5,0,0,29.708304,339.67,,1,1,1,1,,3168
55368.5,-0.078,0.413,-0.758,0.36,-0.138,0.154,10.297,328.07,26.56,0.7,0,0,31.932519,333.77,,1,1,1,1,,3168.5
55369,-0.049,0.394,-0.372,0.558,-0.13,0.084,10.277,328.07,26.56,0.7,0,0,31.932519,333.77,,1,1,1,1,,3169
55369.5,-0.022,0.321,0.047,0.706,-0.109,-0.037,10.224,328.07,26.56,352,0,0,31.932519,325.07,,1,1,1,1,,3169.5
55370,0.006,0.203,0.456,0.778,-0.077,-0.165,10.124,328.07,26.56,352,0,0,31.932519,325.07,,1,1,1,1,,3170
55370.5,0.034,0.053,0.82,0.793,-0.059,-0.247,10.044,327.97,25.64,359.9,0,0,30.826423,332.87,,1,1,1,1,,3170.5
55371,0.063,-0.12,1.11,0.736,-0.014,-0.26,9.913,327.97,25.64,359.9,0,0,30.826423,332.87,,1,1,1,1,,3171
55371.5,0.091,-0.299,1.305,0.632,0.014,-0.208,9.825,327.87,25.64,357.5,0,0,30.826423,330.37,,1,1,1,1,,3171.5
55372,0.12,-0.471,1.392,0.474,0.076,-0.104,9.686,327.87,25.64,357.5,0,0,30.826423,330.37,,1,1,1,1,,3172
55372.5,0.146,-0.621,1.364,0.288,0.112,-0.023,9.613,327.87,25.64,359,0,0,30.826423,331.87,,1,1,1,1,,3172.5
55373,0.169,-0.739,1.229,0.077,0.171,0.071,9.49,327.87,25.64,359,0,0,30.826423,331.87,,1,1,1,1,,3173
55373.5,0.189,-0.815,0.992,-0.145,0.196,0.143,9.435,328.07,25.64,357,0,0,30.826423,330.07,,1,1,1,1,,3173.5
55374,0.208,-0.839,0.672,-0.366,0.233,0.169,9.35,328.07,25.64,357,0,0,30.826423,330.07,,1,1,1,1,,3174
55374.5,0.221,-0.806,0.285,-0.573,0.234,0.208,9.336,328.17,26.56,0.6,0,0,31.932519,333.77,,1,1,1,1,,3174.5
55375,0.229,-0.724,-0.136,-0.734,0.222,0.276,9.352,328.17,26.56,0.6,0,0,31.932519,333.77,,1,1,1,1,,3175
55375.5,0.228,-0.592,-0.559,-0.841,0.176,0.22,9.431,328.27,26.56,359.2,0,0,31.932519,332.47,,1,1,1,1,,3175.5
55376,0.215,-0.423,-0.944,-0.866,0.118,0.167,9.549,328.27,26.56,359.2,0,0,31.932519,332.47,,1,1,1,1,,3176
55376.5,0.186,-0.23,-1.256,-0.827,0.073,0.098,9.661,328.17,28.4,356.6,0,0,34.144712,329.77,,1,1,1,1,,3176.5
55377,0.145,-0.027,-1.47,-0.712,0.006,-0.001,9.815,328.17,28.4,356.6,0,0,34.144712,329.77,,1,1,1,1,,3177
55377.5,0.1,0.166,-1.565,-0.544,-0.034,-0.05,9.932,328.07,27.48,353,0,0,33.038616,326.07,,1,1,1,1,,3177.5
55378,0.054,0.336,-1.533,-0.325,-0.094,-0.089,10.085,328.07,27.48,353,0,0,33.038616,326.07,,1,1,1,1,,3178
55378.5,0.012,0.465,-1.373,-0.08,-0.127,-0.073,10.178,328.07,28.4,2.4,0,0,34.144712,335.47,,1,1,1,1,,3178.5
55379,-0.018,0.544,-1.1,0.173,-0.154,-0.06,10.266,328.07,28.4,2.4,0,0,34.144712,335.47,,1,1,1,1,,3179
55379.5,-0.032,0.564,-0.734,0.411,-0.155,-0.051,10.289,328.07,29.33,359.9,0,0,35.262831,332.97,,1,1,1,1,,3179.5
55380,-0.035,0.528,-0.307,0.617,-0.163,0.018,10.313,328.07,29.33,359.9,0,0,35.262831,332.97,,1,1,1,1,,3180
55380.5,-0.027,0.431,0.155,0.793,-0.163,0.054,10.312,327.97,30.43,0,0,0,36.585338,332.97,,1,1,1,1,,3180.5
55381,-0.018,0.282,0.62,0.921,-0.152,0.052,10.286,327.97,30.43,0,0,0,36.585338,332.97,,1,1,1,1,,3181
55381.5,-0.014,0.09,1.058,1,-0.132,0.011,10.237,328.07,29.33,356,0,0,35.262831,329.07,,1,1,1,1,,3181.5
55382,-0.023,-0.133,1.44,1.007,-0.075,-0.064,10.11,328.07,29.33,356,0,0,35.262831,329.07,,1,1,1,1,,3182
55382.5,-0.045,-0.372,1.732,0.942,-0.026,-0.099,9.997,328.07,28.4,350.4,0,0,34.144712,323.47,,1,1,1,1,,3182.5
55383,-0.079,-0.614,1.909,0.796,0.066,-0.124,9.795,328.07,28.4,350.4,0,0,34.144712,323.47,,1,1,1,1,,3183
55383.5,-0.12,-0.836,1.943,0.567,0.143,-0.107,9.617,328.07,29.33,352.9,0,0,35.262831,325.97,,1,1,1,1,,3183.5
55384,-0.17,-1.019,1.823,0.272,0.233,-0.062,9.394,328.07,29.33,352.9,0,0,35.262831,325.97,,1,1,1,1,,3184
55384.5,-0.216,-1.143,1.536,-0.089,0.302,0.012,9.198,328.17,29.33,353.4,0,0,35.262831,326.57,,1,1,1,1,,3184.5
55385,-0.259,-1.191,1.094,-0.474,0.353,0.047,9.035,328.17,29.33,353.4,0,0,35.262831,326.57,,1,1,1,1,,3185
55385.5,-0.285,-1.148,0.515,-0.864,0.378,0.029,8.921,328.27,31.35,351.5,0,0,37.691434,324.77,,1,1,1,1,,3185.5
55386,-0.298,-1.019,-0.156,-1.186,0.331,-0.011,8.958,328.27,31.35,351.5,0,0,37.691434,324.77,,1,1,1,1,,3186
55386.5,-0.291,-0.806,-0.861,-1.422,0.285,-0.047,9.038,328.27,31.35,353.2,0,0,37.691434,326.47,,1,1,1,1,,3186.5
55387,-0.276,-0.525,-1.531,-1.517,0.184,-0.061,9.268,328.27,31.35,353.2,0,0,37.691434,326.47,,1,1,1,1,,3187
55387.5,-0.254,-0.203,-2.094,-1.473,0.095,-0.025,9.493,328.27,30.43,359.2,0,0,36.585338,332.47,,1,1,1,1,,3187.5
55388,-0.227,0.135,-2.49,-1.273,-0.034,-0.002,9.832,328.27,30.43,359.2,0,0,36.585338,332.47,,1,1,1,1,,3188
55388.5,-0.198,0.453,-2.666,-0.942,-0.135,0.019,10.116,328.27,30.43,356.2,0,0,36.585338,329.47,,1,1,1,1,,3188.5
55389,-0.172,0.723,-2.596,-0.495,-0.258,0.017,10.451,328.27,30.43,356.2,0,0,36.585338,329.47,,1,1,1,1,,3189
55389.5,-0.15,0.913,-2.269,0.027,-0.342,0.025,10.688,328.27,31.35,358.4,0,0,37.691434,331.67,,1,1,1,1,,3189.5
55390,-0.133,1.002,-1.705,0.572,-0.408,-0.02,10.883,328.27,31.35,358.4,0,0,37.691434,331.67,,1,1,1,1,,3190
55390.5,-0.115,0.98,-0.948,1.079,-0.406,-0.054,10.925,328.27,31.35,1.8,0,0,37.691434,335.07,,1,1,1,1,,3190.5
55391,-0.096,0.846,-0.073,1.476,-0.365,-0.085,10.839,328.27,31.35,1.8,0,0,37.691434,335.07,,1,1,1,1,,3191
55391.5,-0.069,0.61,0.83,1.727,-0.298,-0.126,10.66,328.17,30.43,357.1,0,0,36.585338,330.27,,1,1,1,1,,3191.5
55392,-0.033,0.296,1.667,1.795,-0.169,-0.154,10.356,328.17,30.43,357.1,0,0,36.585338,330.27,,1,1,1,1,,3192
55392.5,0.008,-0.065,2.347,1.672,-0.031,-0.12,10.019,328.17,29.33,0.9,0,0,35.262831,334.07,,1,1,1,1,,3192.5
55393,0.054,-0.437,2.796,1.373,0.118,-0.105,9.638,328.17,29.33,0.9,0,0,35.262831,334.07,,1,1,1,1,,3193
55393.5,0.1,-0.78,2.963,0.925,0.249,-0.058,9.287,328.17,28.4,2.2,0,0,34.144712,335.37,,1,1,1,1,,3193.5
55394,0.143,-1.065,2.831,0.383,0.363,0.057,8.99,328.17,28.4,2.2,0,0,34.144712,335.37,,1,1,1,1,,3194
55394.5,0.186,-1.255,2.411,-0.201,0.428,0.12,8.788,328.27,28.4,1.8,0,0,34.144712,335.07,,1,1,1,1,,3194.5
55395,0.228,-1.338,1.748,-0.751,0.447,0.158,8.723,328.27,28.4,1.8,0,0,34.144712,335.07,,1,1,1,1,,3195
55395.5,0.274,-1.31,0.92,-1.201,0.421,0.181,8.789,328.37,27.48,1.3,0,0,33.038616,334.67,,1,1,1,1,,3195.5
55396,0.321,-1.174,0.022,-1.494,0.327,0.166,9.002,328.37,27.48,1.3,0,0,33.038616,334.67,,1,1,1,1,,3196
55396.5,0.363,-0.956,-0.843,-1.613,0.232,0.153,9.249,328.37,27.48,9.1,0,0,33.038616,342.47,,1,1,1,1,,3196.5
55397,0.392,-0.674,-1.588,-1.561,0.115,0.124,9.558,328.37,27.48,9.1,0,0,33.038616,342.47,,1,1,1,1,,3197
55397.5,0.4,-0.366,-2.14,-1.352,0.008,0.101,9.844,328.37,29.33,8.6,0,0,35.262831,341.97,,1,1,1,1,,3197.5
55398,0.382,-0.053,-2.458,-1.026,-0.099,0.058,10.12,328.37,29.33,8.6,0,0,35.262831,341.97,,1,1,1,1,,3198
55398.5,0.34,0.233,-2.521,-0.617,-0.184,0.039,10.339,328.37,29.33,8.3,0,0,35.262831,341.67,,1,1,1,1,,3198.5
55399,0.285,0.466,-2.339,-0.175,-0.245,0.021,10.5,328.37,29.33,8.3,0,0,35.262831,341.67,,1,1,1,1,,3199
55399.5,0.221,0.63,-1.942,0.262,-0.282,-0.016,10.581,328.37,27.48,7.8,0,0,33.038616,341.17,,1,1,1,1,,3199.5
55400,0.158,0.713,-1.381,0.642,-0.282,-0.034,10.579,328.37,27.48,7.8,0,0,33.038616,341.17,,1,1,1,1,,3200
55400.5,0.111,0.714,-0.721,0.944,-0.268,-0.031,10.524,328.37,27.48,12.3,0,0,33.038616,345.67,,1,1,1,1,,3200.5
55401,0.081,0.636,-0.029,1.137,-0.21,-0.05,10.387,328.37,27.48,12.3,0,0,33.038616,345.67,,1,1,1,1,,3201
55401.5,0.066,0.49,0.63,1.221,-0.155,-0.023,10.241,328.37,27.48,11.7,0,0,33.038616,345.07,,1,1,1,1,,3201.5
55402,0.061,0.287,1.197,1.187,-0.076,0.048,10.039,328.37,27.48,11.7,0,0,33.038616,345.07,,1,1,1,1,,3202
55402.5,0.06,0.05,1.623,1.04,0.012,0.054,9.823,328.37,25.64,13.7,0,0,30.826423,347.07,,1,1,1,1,,3202.5
55403,0.059,-0.199,1.872,0.794,0.111,0.061,9.583,328.37,25.64,13.7,0,0,30.826423,347.07,,1,1,1,1,,3203
55403.5,0.054,-0.436,1.924,0.465,0.19,0.049,9.375,328.37,27.48,7.9,0,0,33.038616,341.27,,1,1,1,1,,3203.5
55404,0.044,-0.633,1.775,0.093,0.255,0.008,9.204,328.37,27.48,7.9,0,0,33.038616,341.27,,1,1,1,1,,3204
55404.5,0.023,-0.77,1.444,-0.29,0.304,0.026,9.093,328.47,27.48,9.9,0,0,33.038616,343.37,,1,1,1,1,,3204.5
55405,-0.015,-0.832,0.969,-0.631,0.301,0.022,9.097,328.47,27.48,9.9,0,0,33.038616,343.37,,1,1,1,1,,3205
55405.5,-0.07,-0.817,0.405,-0.892,0.276,-0.013,9.174,328.57,27.48,352.7,0,0,33.038616,326.27,,1,1,1,1,,3205.5
55406,-0.137,-0.728,-0.177,-1.031,0.214,-0.018,9.361,328.57,27.48,352.7,0,0,33.038616,326.27,,1,1,1,1,,3206
55406.5,-0.21,-0.582,-0.706,-1.035,0.132,-0.04,9.586,328.57,27.48,3.6,0,0,33.038616,337.17,,1,1,1,1,,3206.5
55407,-0.288,-0.4,-1.121,-0.91,0.033,-0.062,9.846,328.57,27.48,3.6,0,0,33.038616,337.17,,1,1,1,1,,3207
55407.5,-0.358,-0.206,-1.376,-0.677,-0.049,-0.061,10.072,328.57,27.48,4.9,0,0,33.038616,338.47,,1,1,1,1,,3207.5
55408,-0.405,-0.023,-1.446,-0.37,-0.125,-0.066,10.275,328.57,27.48,4.9,0,0,33.038616,338.47,,1,1,1,1,,3208
55408.5,-0.426,0.124,-1.333,-0.03,-0.168,-0.058,10.395,328.67,27.48,6,0,0,33.038616,339.67,,1,1,1,1,,3208.5
55409,-0.414,0.225,-1.06,0.296,-0.192,-0.05,10.444,328.67,27.48,6,0,0,33.038616,339.67,,1,1,1,1,,3209
55409.5,-0.382,0.266,-0.671,0.567,-0.179,-0.096,10.4,328.57,26.56,359.9,0,0,31.932519,333.47,,1,1,1,1,,3209.5
55410,-0.329,0.25,-0.22,0.754,-0.152,-0.119,10.303,328.57,26.56,359.9,0,0,31.932519,333.47,,1,1,1,1,,3210
55410.5,-0.27,0.181,0.234,0.843,-0.104,-0.118,10.157,328.57,24.71,2.2,0,0,29.708304,335.77,,1,1,1,1,,3210.5
55411,-0.21,0.073,0.635,0.821,-0.034,-0.151,9.96,328.57,24.71,2.2,0,0,29.708304,335.77,,1,1,1,1,,3211
55411.5,-0.163,-0.059,0.935,0.702,0.029,-0.109,9.765,328.67,23.79,4.5,0,0,28.602208,338.17,,1,1,1,1,,3211.5
55412,-0.135,-0.198,1.102,0.491,0.102,-0.044,9.56,328.67,23.79,4.5,0,0,28.602208,338.17,,1,1,1,1,,3212
55412.5,-0.122,-0.32,1.115,0.222,0.159,-0.009,9.4,328.67,26.56,357.6,0,0,31.932519,331.27,,1,1,1,1,,3212.5
55413,-0.123,-0.411,0.977,-0.076,0.204,0.022,9.269,328.67,26.56,357.6,0,0,31.932519,331.27,,1,1,1,1,,3213
55413.5,-0.128,-0.458,0.705,-0.369,0.215,0.008,9.225,328.77,26.56,1.4,0,0,31.932519,335.17,,1,1,1,1,,3213.5
55414,-0.13,-0.454,0.336,-0.614,0.219,0.041,9.241,328.77,26.56,1.4,0,0,31.932519,335.17,,1,1,1,1,,3214
55414.5,-0.119,-0.4,-0.082,-0.779,0.179,0.047,9.356,328.77,29.33,354.5,0,0,35.262831,328.27,,1,1,1,1,,3214.5
55415,-0.092,-0.305,-0.491,-0.835,0.124,0.02,9.531,328.77,29.33,354.5,0,0,35.262831,328.27,,1,1,1,1,,3215
55415.5,-0.048,-0.187,-0.834,-0.781,0.06,0.034,9.736,328.77,28.4,357,0,0,34.144712,330.77,,1,1,1,1,,3215.5
55416,0.005,-0.063,-1.063,-0.616,-0.027,0.03,9.965,328.77,28.4,357,0,0,34.144712,330.77,,1,1,1,1,,3216
55416.5,0.063,0.05,-1.149,-0.376,-0.093,0.035,10.15,328.87,29.33,2.2,0,0,35.262831,336.07,,1,1,1,1,,3216.5
55417,0.114,0.134,-1.081,-0.086,-0.135,0.046,10.3,328.87,29.33,2.2,0,0,35.262831,336.07,,1,1,1,1,,3217
55417.5,0.155,0.181,-0.868,0.212,-0.156,0.077,10.381,328.77,30.43,348.9,0,0,36.585338,322.67,,1,1,1,1,,3217.5
55418,0.179,0.182,-0.538,0.49,-0.165,0.04,10.417,328.77,30.43,348.9,0,0,36.585338,322.67,,1,1,1,1,,3218
55418.5,0.188,0.138,-0.132,0.7,-0.122,0.005,10.336,328.77,28.4,355.4,0,0,34.144712,329.17,,1,1,1,1,,3218.5
55419,0.177,0.054,0.297,0.832,-0.088,-0.001,10.247,328.77,28.4,355.4,0,0,34.144712,329.17,,1,1,1,1,,3219
55419.5,0.155,-0.063,0.697,0.853,-0.014,-0.017,10.05,328.77,28.4,1.2,0,0,34.144712,334.97,,1,1,1,1,,3219.5
55420,0.126,-0.193,1.014,0.774,0.045,-0.005,9.87,328.77,28.4,1.2,0,0,34.144712,334.97,,1,1,1,1,,3220
55420.5,0.098,-0.325,1.213,0.6,0.114,0.038,9.65,328.77,26.56,4.8,0,0,31.932519,338.57,,1,1,1,1,,3220.5
55421,0.072,-0.444,1.266,0.358,0.143,0.007,9.503,328.77,26.56,4.8,0,0,31.932519,338.57,,1,1,1,1,,3221
55421.5,0.054,-0.532,1.172,0.083,0.178,-0.068,9.361,328.77,26.56,0.2,0,0,31.932519,333.97,,1,1,1,1,,3221.5
55422,0.038,-0.584,0.943,-0.202,0.186,-0.113,9.298,328.77,26.56,0.2,0,0,31.932519,333.97,,1,1,1,1,,3222
55422.5,0.019,-0.589,0.607,-0.455,0.189,-0.151,9.273,328.87,28.4,1.6,0,0,34.144712,335.47,,1,1,1,1,,3222.5
55423,-0.007,-0.548,0.2,-0.666,0.172,-0.109,9.307,328.87,28.4,1.6,0,0,34.144712,335.47,,1,1,1,1,,3223
55423.5,-0.04,-0.465,-0.231,-0.796,0.141,-0.023,9.407,328.97,27.48,1.5,0,0,33.038616,335.47,,1,1,1,1,,3223.5
55424,-0.082,-0.343,-0.639,-0.843,0.102,0.081,9.541,328.97,27.48,1.5,0,0,33.038616,335.47,,1,1,1,1,,3224
55424.5,-0.127,-0.2,-0.978,-0.792,0.044,0.192,9.72,329.07,27.48,6.9,0,0,33.038616,340.97,,1,1,1,1,,3224.5
55425,-0.172,-0.052,-1.212,-0.666,0.005,0.23,9.868,329.07,27.48,6.9,0,0,33.038616,340.97,,1,1,1,1,,3225
55425.5,-0.21,0.091,-1.319,-0.467,-0.048,0.233,10.043,329.07,26.56,6.8,0,0,31.932519,340.87,,1,1,1,1,,3225.5
55426,-0.238,0.21,-1.286,-0.224,-0.094,0.148,10.168,329.07,26.56,6.8,0,0,31.932519,340.87,,1,1,1,1,,3226
55426.5,-0.251,0.29,-1.12,0.044,-0.14,0.047,10.288,329.07,26.56,6.6,0,0,31.932519,340.67,,1,1,1,1,,3226.5
55427,-0.254,0.326,-0.836,0.307,-0.151,-0.061,10.324,329.07,26.56,6.6,0,0,31.932519,340.67,,1,1,1,1,,3227
55427.5,-0.252,0.311,-0.466,0.535,-0.157,-0.135,10.336,328.97,25.64,2.9,0,0,30.826423,336.87,,1,1,1,1,,3227.5
55428,-0.246,0.246,-0.047,0.708,-0.128,-0.164,10.272,328.97,25.64,2.9,0,0,30.826423,336.87,,1,1,1,1,,3228
55428.5,-0.238,0.141,0.376,0.805,-0.092,-0.19,10.174,328.97,26.56,356.2,0,0,31.932519,330.17,,1,1,1,1,,3228.5
55429,-0.232,0.003,0.759,0.82,-0.036,-0.166,10.038,328.97,26.56,356.2,0,0,31.932519,330.17,,1,1,1,1,,3229
55429.5,-0.231,-0.153,1.062,0.743,0.036,-0.168,9.861,328.87,28.4,354.1,0,0,34.144712,327.97,,1,1,1,1,,3229.5
55430,-0.234,-0.311,1.25,0.584,0.106,-0.168,9.681,328.87,28.4,354.1,0,0,34.144712,327.97,,1,1,1,1,,3230
55430.5,-0.238,-0.453,1.302,0.354,0.167,-0.146,9.501,328.87,29.33,351.1,0,0,35.262831,324.97,,1,1,1,1,,3230.5
55431,-0.244,-0.561,1.208,0.079,0.206,-0.161,9.367,328.87,29.33,351.1,0,0,35.262831,324.97,,1,1,1,1,,3231
55431.5,-0.245,-0.624,0.978,-0.206,0.228,-0.137,9.278,328.97,32.28,358.4,0,0,38.809553,332.37,,1,1,1,1,,3231.5
55432,-0.24,-0.632,0.639,-0.462,0.212,-0.101,9.277,328.97,32.28,358.4,0,0,38.809553,332.37,,1,1,1,1,,3232
55432.5,-0.224,-0.587,0.234,-0.656,0.181,-0.039,9.342,329.07,32.28,356.4,0,0,38.809553,330.47,,1,1,1,1,,3232.5
55433,-0.197,-0.492,-0.187,-0.763,0.122,0.027,9.475,329.07,32.28,356.4,0,0,38.809553,330.47,,1,1,1,1,,3233
55433.5,-0.151,-0.36,-0.572,-0.771,0.066,0.061,9.634,329.07,31.35,359.4,0,0,37.691434,333.47,,1,1,1,1,,3233.5
55434,-0.091,-0.206,-0.876,-0.69,0.012,0.106,9.803,329.07,31.35,359.4,0,0,37.691434,333.47,,1,1,1,1,,3234
55434.5,-0.02,-0.052,-1.067,-0.531,-0.042,0.136,9.967,329.17,30.43,5,0,0,36.585338,339.17,,1,1,1,1,,3234.5
55435,0.056,0.086,-1.129,-0.325,-0.073,0.167,10.087,329.17,30.43,5,0,0,36.585338,339.17,,1,1,1,1,,3235
55435.5,0.127,0.192,-1.063,-0.095,-0.099,0.188,10.185,329.17,29.33,6,0,0,35.262831,340.17,,1,1,1,1,,3235.5
55436,0.182,0.257,-0.884,0.13,-0.096,0.185,10.212,329.17,29.33,6,0,0,35.262831,340.17,,1,1,1,1,,3236
55436.5,0.211,0.276,-0.619,0.33,-0.108,0.166,10.227,329.17,29.33,352.7,0,0,35.262831,326.87,,1,1,1,1,,3236.5
55437,0.211,0.244,-0.298,0.488,-0.096,0.15,10.184,329.17,29.33,352.7,0,0,35.262831,326.87,,1,1,1,1,,3237
55437.5,0.179,0.171,0.04,0.584,-0.069,0.117,10.114,329.07,27.48,1.8,0,0,33.038616,335.87,,1,1,1,1,,3237.5
55438,0.111,0.064,0.362,0.625,-0.039,0.054,10.023,329.07,27.48,1.8,0,0,33.038616,335.87,,1,1,1,1,,3238
55438.5,0.02,-0.063,0.636,0.601,-0.007,-0.055,9.929,329.07,27.48,357.6,0,0,33.038616,331.67,,1,1,1,1,,3238.5
55439,-0.079,-0.199,0.839,0.528,0.028,-0.162,9.829,329.07,27.48,357.6,0,0,33.038616,331.67,,1,1,1,1,,3239
55439.5,-0.173,-0.329,0.954,0.403,0.073,-0.259,9.71,328.97,31.35,350.2,0,0,37.691434,324.17,,1,1,1,1,,3239.5
55440,-0.25,-0.444,0.973,0.25,0.094,-0.303,9.631,328.97,31.35,350.2,0,0,37.691434,324.17,,1,1,1,1,,3240
55440.5,-0.301,-0.528,0.898,0.072,0.13,-0.277,9.542,328.97,31.35,350.2,0,0,37.691434,324.17,,1,1,1,1,,3240.5
55441,-0.327,-0.577,0.736,-0.112,0.157,-0.199,9.484,328.97,31.35,350.2,0,0,37.691434,324.17,,1,1,1,1,,3241
55441.5,-0.326,-0.586,0.501,-0.293,0.178,-0.121,9.433,328.97,31.35,350.2,0,0,37.691434,324.17,,1,1,1,1,,3241.5
55442,-0.3,-0.551,0.211,-0.45,0.172,-0.02,9.443,328.97,31.35,350.2,0,0,37.691434,324.17,,1,1,1,1,,3242
55442.5,-0.249,-0.478,-0.104,-0.569,0.158,0.038,9.469,328.97,31.35,350.2,0,0,37.691434,324.17,,1,1,1,1,,3242.5
55443,-0.178,-0.373,-0.416,-0.634,0.114,0.066,9.555,328.97,31.35,350.2,0,0,37.691434,324.17,,1,1,1,1,,3243
55443.5,-0.087,-0.247,-0.694,-0.637,0.077,0.059,9.648,328.97,31.35,354.8,0,0,37.691434,328.77,,1,1,1,1,,3243.5
55444,0.011,-0.11,-0.908,-0.576,0.027,0.051,9.782,328.97,31.35,354.8,0,0,37.691434,328.77,,1,1,1,1,,3244
55444.5,0.108,0.021,-1.033,-0.449,-0.025,0.033,9.916,329.07,32.28,1.6,0,0,38.809553,335.67,,1,1,1,1,,3244.5
55445,0.188,0.135,-1.056,-0.276,-0.077,0.042,10.048,329.07,32.28,1.6,0,0,38.809553,335.67,,1,1,1,1,,3245
55445.5,0.24,0.221,-0.97,-0.071,-0.1,0.09,10.14,329.07,32.28,357.5,0,0,38.809553,331.57,,1,1,1,1,,3245.5
55446,0.253,0.272,-0.785,0.139,-0.115,0.126,10.199,329.07,32.28,357.5,0,0,38.809553,331.57,,1,1,1,1,,3246
55446.5,0.234,0.285,-0.519,0.339,-0.122,0.145,10.234,329.07,30.43,355.3,0,0,36.585338,329.37,,1,1,1,1,,3246.5
55447,0.179,0.254,-0.197,0.507,-0.108,0.149,10.221,329.07,30.43,355.3,0,0,36.585338,329.37,,1,1,1,1,,3247
55447.5,0.101,0.178,0.15,0.626,-0.078,0.127,10.168,329.07,31.35,359,0,0,37.691434,333.07,,1,1,1,1,,3247.5
55448,0.008,0.069,0.486,0.682,-0.042,0.03,10.073,329.07,31.35,359,0,0,37.691434,333.07,,1,1,1,1,,3248
55448.5,-0.082,-0.063,0.776,0.665,0.003,0.002,9.944,329.07,31.35,355.4,0,0,37.691434,329.47,,1,1,1,1,,3248.5
55449,-0.153,-0.206,0.988,0.575,0.042,-0.016,9.803,329.07,31.35,355.4,0,0,37.691434,329.47,,1,1,1,1,,3249
55449.5,-0.193,-0.344,1.098,0.423,0.083,-0.031,9.663,328.97,32.28,358.5,0,0,38.809553,332.47,,1,1,1,1,,3249.5
55450,-0.197,-0.463,1.095,0.229,0.122,-0.04,9.545,328.97,32.28,358.5,0,0,38.809553,332.47,,1,1,1,1,,3250
55450.5,-0.161,-0.551,0.98,0.013,0.15,-0.07,9.456,328.87,32.28,1.5,0,0,38.809553,335.37,,1,1,1,1,,3250.5
55451,-0.091,-0.597,0.767,-0.198,0.152,-0.116,9.426,328.87,32.28,1.5,0,0,38.809553,335.37,,1,1,1,1,,3251
55451.5,0.009,-0.601,0.479,-0.385,0.158,-0.165,9.418,328.87,33.2,359.8,0,0,39.915649,333.67,,1,1,1,1,,3251.5
55452,0.134,-0.559,0.149,-0.523,0.149,-0.18,9.47,328.87,33.2,359.8,0,0,39.915649,333.67,,1,1,1,1,,3252
55452.5,0.262,-0.479,-0.185,-0.596,0.121,-0.189,9.561,328.77,32.28,359.2,0,0,38.809553,332.97,,1,1,1,1,,3252.5
55453,0.384,-0.371,-0.487,-0.6,0.081,-0.138,9.685,328.77,32.28,359.2,0,0,38.809553,332.97,,1,1,1,1,,3253
55453.5,0.482,-0.253,-0.724,-0.536,0.047,-0.046,9.806,328.87,32.28,359.3,0,0,38.809553,333.17,,1,1,1,1,,3253.5
55454,0.541,-0.132,-0.873,-0.415,0.005,0.055,9.932,328.87,32.28,359.3,0,0,38.809553,333.17,,1,1,1,1,,3254
55454.5,0.55,-0.026,-0.921,-0.254,-0.031,0.149,10.029,328.97,32.28,0.6,0,0,38.809553,334.57,,1,1,1,1,,3254.5
55455,0.501,0.052,-0.869,-0.076,-0.061,0.258,10.093,328.97,32.28,0.6,0,0,38.809553,334.57,,1,1,1,1,,3255
55455.5,0.394,0.098,-0.729,0.1,-0.084,0.343,10.129,329.07,32.28,0.7,0,0,38.809553,334.77,,1,1,1,1,,3255.5
55456,0.235,0.105,-0.524,0.245,-0.078,0.346,10.098,329.07,32.28,0.7,0,0,38.809553,334.77,,1,1,1,1,,3256
55456.5,0.044,0.082,-0.283,0.342,-0.064,0.315,10.045,329.17,31.35,358.7,0,0,37.691434,332.87,,1,1,1,1,,3256.5
55457,-0.158,0.029,-0.039,0.387,-0.036,0.261,9.957,329.17,31.35,358.7,0,0,37.691434,332.87,,1,1,1,1,,3257
55457.5,-0.349,-0.038,0.178,0.377,-0.014,0.15,9.881,329.27,31.35,358.8,0,0,37.691434,333.07,,1,1,1,1,,3257.5
55458,-0.507,-0.109,0.347,0.325,0.03,0.048,9.784,329.27,31.35,358.8,0,0,37.691434,333.07,,1,1,1,1,,3258
55458.5,-0.609,-0.175,0.453,0.238,0.058,-0.079,9.717,329.17,30.43,359.3,0,0,36.585338,333.47,,1,1,1,1,,3258.5
55459,-0.65,-0.233,0.493,0.135,0.076,-0.212,9.666,329.17,30.43,359.3,0,0,36.585338,333.47,,1,1,1,1,,3259
55459.5,-0.626,-0.271,0.471,0.026,0.092,-0.327,9.636,329.07,31.35,357.2,0,0,37.691434,331.27,,1,1,1,1,,3259.5
55460,-0.541,-0.289,0.399,-0.061,0.079,-0.373,9.662,329.07,31.35,357.2,0,0,37.691434,331.27,,1,1,1,1,,3260
55460.5,-0.421,-0.289,0.295,-0.127,0.074,-0.383,9.685,328.87,32.28,1,0,0,38.809553,334.87,,1,1,1,1,,3260.5
55461,-0.281,-0.271,0.179,-0.16,0.054,-0.358,9.74,328.87,32.28,1,0,0,38.809553,334.87,,1,1,1,1,,3261
55461.5,-0.142,-0.245,0.069,-0.163,0.036,-0.258,9.787,328.67,30.43,2.2,0,0,36.585338,335.87,,1,1,1,1,,3261.5
55462,-0.025,-0.214,-0.021,-0.139,0.013,-0.159,9.847,328.67,30.43,2.2,0,0,36.585338,335.87,,1,1,1,1,,3262
55462.5,0.056,-0.188,-0.081,-0.095,0.012,-0.055,9.875,328.67,31.35,4.3,0,0,37.691434,337.97,,1,1,1,1,,3262.5
55463,0.094,-0.165,-0.111,-0.051,0.013,0.055,9.881,328.67,31.35,4.3,0,0,37.691434,337.97,,1,1,1,1,,3263
55463.5,0.085,-0.152,-0.116,-0.014,0.011,0.151,9.873,328.77,31.35,4.8,0,0,37.691434,338.57,,1,1,1,1,,3263.5
55464,0.035,-0.147,-0.106,0.003,0.025,0.203,9.836,328.77,31.35,4.8,0,0,37.691434,338.57,,1,1,1,1,,3264
55464.5,-0.045,-0.147,-0.092,0.007,0.033,0.229,9.815,329.07,31.35,2.8,0,0,37.691434,336.87,,1,1,1,1,,3264.5
55465,-0.143,-0.152,-0.079,0,0.037,0.237,9.794,329.07,31.35,2.8,0,0,37.691434,336.87,,1,1,1,1,,3265
55465.5,-0.245,-0.159,-0.072,-0.011,0.037,0.196,9.789,329.17,30.43,1.8,0,0,36.585338,335.97,,1,1,1,1,,3265.5
55466,-0.337,-0.166,-0.071,-0.026,0.047,0.125,9.773,329.17,30.43,1.8,0,0,36.585338,335.97,,1,1,1,1,,3266
55466.5,-0.402,-0.171,-0.075,-0.037,0.045,0.023,9.784,329.17,31.35,359.8,0,0,37.691434,333.97,,1,1,1,1,,3266.5
55467,-0.437,-0.174,-0.08,-0.037,0.036,-0.1,9.811,329.17,31.35,359.8,0,0,37.691434,333.97,,1,1,1,1,,3267
55467.5,-0.437,-0.179,-0.078,-0.017,0.023,-0.192,9.85,329.07,29.33,0.3,0,0,35.262831,334.37,,1,1,1,1,,3267.5
55468,-0.401,-0.178,-0.063,0.017,0.009,-0.258,9.884,329.07,29.33,0.3,0,0,35.262831,334.37,,1,1,1,1,,3268
55468.5,-0.341,-0.179,-0.031,0.06,-0.007,-0.29,9.916,328.97,28.4,358.4,0,0,34.144712,332.37,,1,1,1,1,,3268.5
55469,-0.26,-0.182,0.019,0.104,-0.012,-0.269,9.927,328.97,28.4,358.4,0,0,34.144712,332.37,,1,1,1,1,,3269
55469.5,-0.164,-0.188,0.079,0.138,-0.001,-0.222,9.914,328.87,28.4,356.1,0,0,34.144712,329.97,,1,1,1,1,,3269.5
55470,-0.063,-0.192,0.142,0.156,0.003,-0.178,9.888,328.87,28.4,356.1,0,0,34.144712,329.97,,1,1,1,1,,3270
55470.5,0.035,-0.199,0.197,0.154,0.003,-0.046,9.858,328.77,29.33,2,0,0,35.262831,335.77,,1,1,1,1,,3270.5
55471,0.119,-0.205,0.236,0.131,0.024,0.045,9.815,328.77,29.33,2,0,0,35.262831,335.77,,1,1,1,1,,3271
55471.5,0.188,-0.206,0.25,0.089,0.044,0.123,9.764,328.77,30.43,357.8,0,0,36.585338,331.57,,1,1,1,1,,3271.5
55472,0.237,-0.206,0.235,0.032,0.058,0.191,9.728,328.77,30.43,357.8,0,0,36.585338,331.57,,1,1,1,1,,3272
55472.5,0.262,-0.205,0.191,-0.028,0.064,0.213,9.706,328.97,31.35,348,0,0,37.691434,321.97,,1,1,1,1,,3272.5
55473,0.259,-0.2,0.122,-0.091,0.074,0.216,9.68,328.97,31.35,348,0,0,37.691434,321.97,,1,1,1,1,,3273
55473.5,0.233,-0.191,0.032,-0.15,0.075,0.232,9.671,328.97,32.28,359.9,0,0,38.809553,333.87,,1,1,1,1,,3273.5
55474,0.188,-0.178,-0.072,-0.205,0.072,0.211,9.662,328.97,32.28,359.9,0,0,38.809553,333.87,,1,1,1,1,,3274
55474.5,0.131,-0.162,-0.184,-0.25,0.068,0.137,9.665,328.97,32.28,358.5,0,0,38.809553,332.47,,1,1,1,1,,3274.5
55475,0.065,-0.142,-0.295,-0.279,0.064,0.07,9.678,328.97,32.28,358.5,0,0,38.809553,332.47,,1,1,1,1,,3275
55475.5,0,-0.117,-0.393,-0.285,0.046,0.011,9.718,328.97,33.2,0.4,0,0,39.915649,334.37,,1,1,1,1,,3275.5
55476,-0.063,-0.088,-0.469,-0.263,0.032,-0.089,9.776,328.97,33.2,0.4,0,0,39.915649,334.37,,1,1,1,1,,3276
55476.5,-0.116,-0.06,-0.508,-0.207,0.01,-0.159,9.853,328.97,33.2,2.3,0,0,39.915649,336.27,,1,1,1,1,,3276.5
55477,-0.156,-0.033,-0.501,-0.122,-0.01,-0.205,9.925,328.97,33.2,2.3,0,0,39.915649,336.27,,1,1,1,1,,3277
55477.5,-0.188,-0.014,-0.44,-0.005,-0.038,-0.227,10.019,328.87,32.28,2.2,0,0,38.809553,336.07,,1,1,1,1,,3277.5
55478,-0.21,-0.007,-0.322,0.131,-0.051,-0.205,10.085,328.87,32.28,2.2,0,0,38.809553,336.07,,1,1,1,1,,3278
55478.5,-0.221,-0.017,-0.151,0.269,-0.067,-0.138,10.132,328.87,32.28,3.8,0,0,38.809553,337.67,,1,1,1,1,,3278.5
55479,-0.232,-0.046,0.059,0.394,-0.069,-0.065,10.142,328.87,32.28,3.8,0,0,38.809553,337.67,,1,1,1,1,,3279
55479.5,-0.243,-0.094,0.289,0.483,-0.047,0.037,10.1,328.97,31.35,4.7,0,0,37.691434,338.67,,1,1,1,1,,3279.5
55480,-0.262,-0.157,0.514,0.528,-0.028,0.088,10.037,328.97,31.35,4.7,0,0,37.691434,338.67,,1,1,1,1,,3280
55480.5,-0.287,-0.235,0.708,0.521,-0.003,0.082,9.946,329.07,30.43,1.3,0,0,36.585338,335.37,,1,1,1,1,,3280.5
55481,-0.311,-0.315,0.846,0.456,0.039,0.061,9.828,329.07,30.43,1.3,0,0,36.585338,335.37,,1,1,1,1,,3281
55481.5,-0.334,-0.392,0.908,0.329,0.085,0.013,9.684,329.07,31.35,2.4,0,0,37.691434,336.47,,1,1,1,1,,3281.5
55482,-0.343,-0.455,0.875,0.152,0.126,-0.037,9.551,329.07,31.35,2.4,0,0,37.691434,336.47,,1,1,1,1,,3282
55482.5,-0.338,-0.492,0.744,-0.059,0.164,-0.034,9.433,329.07,31.35,2.5,0,0,37.691434,336.57,,1,1,1,1,,3282.5
55483,-0.317,-0.497,0.518,-0.281,0.176,-0.023,9.363,329.07,31.35,2.5,0,0,37.691434,336.57,,1,1,1,1,,3283
55483.5,-0.278,-0.467,0.216,-0.486,0.178,0.003,9.332,329.07,31.35,2.4,0,0,37.691434,336.47,,1,1,1,1,,3283.5
55484,-0.22,-0.397,-0.134,-0.654,0.168,0.001,9.358,329.07,31.35,2.4,0,0,37.691434,336.47,,1,1,1,1,,3284
55484.5,-0.147,-0.296,-0.496,-0.757,0.142,-0.062,9.438,328.97,31.35,2.5,0,0,37.691434,336.47,,1,1,1,1,,3284.5
55485,-0.067,-0.166,-0.829,-0.782,0.086,-0.1,9.577,328.97,31.35,2.5,0,0,37.691434,336.47,,1,1,1,1,,3285
55485.5,0.007,-0.026,-1.092,-0.712,0.019,-0.167,9.762,328.87,32.28,2,0,0,38.809553,335.87,,1,1,1,1,,3285.5
55486,0.071,0.109,-1.248,-0.558,-0.036,-0.169,9.94,328.87,32.28,2,0,0,38.809553,335.87,,1,1,1,1,,3286
55486.5,0.117,0.223,-1.271,-0.321,-0.118,-0.173,10.148,328.87,31.35,11.8,0,0,37.691434,345.67,,1,1,1,1,,3286.5
55487,0.139,0.297,-1.149,-0.035,-0.173,-0.086,10.296,328.87,31.35,11.8,0,0,37.691434,345.67,,1,1,1,1,,3287
55487.5,0.14,0.325,-0.89,0.266,-0.206,-0.017,10.411,328.97,30.43,12.1,0,0,36.585338,346.07,,1,1,1,1,,3287.5
55488,0.122,0.295,-0.516,0.555,-0.204,0.049,10.447,328.97,30.43,12.1,0,0,36.585338,346.07,,1,1,1,1,,3288
55488.5,0.096,0.21,-0.064,0.787,-0.175,0.076,10.406,328.97,30.43,9,0,0,36.585338,342.97,,1,1,1,1,,3288.5
55489,0.069,0.078,0.415,0.946,-0.139,0.127,10.338,328.97,30.43,9,0,0,36.585338,342.97,,1,1,1,1,,3289
55489.5,0.051,-0.094,0.869,0.997,-0.037,0.21,10.14,329.07,30.43,10.4,0,0,36.585338,344.47,,1,1,1,1,,3289.5
55490,0.045,-0.282,1.241,0.931,0.042,0.246,9.936,329.07,30.43,10.4,0,0,36.585338,344.47,,1,1,1,1,,3290
55490.5,0.053,-0.469,1.484,0.744,0.143,0.279,9.658,329.07,30.43,6.3,0,0,36.585338,340.37,,1,1,1,1,,3290.5
55491,0.077,-0.631,1.556,0.453,0.209,0.245,9.425,329.07,30.43,6.3,0,0,36.585338,340.37,,1,1,1,1,,3291
55491.5,0.114,-0.747,1.443,0.097,0.27,0.138,9.209,329.07,30.43,2.4,0,0,36.585338,336.47,,1,1,1,1,,3291.5
55492,0.16,-0.798,1.15,-0.287,0.291,0.03,9.09,329.07,30.43,2.4,0,0,36.585338,336.47,,1,1,1,1,,3292
55492.5,0.204,-0.778,0.712,-0.629,0.271,-0.072,9.076,328.87,29.33,4.4,0,0,35.262831,338.27,,1,1,1,1,,3292.5
55493,0.236,-0.688,0.182,-0.9,0.232,-0.145,9.145,328.87,29.33,4.4,0,0,35.262831,338.27,,1,1,1,1,,3293
55493.5,0.246,-0.539,-0.375,-1.054,0.155,-0.204,9.314,328.87,30.43,0.8,0,0,36.585338,334.67,,1,1,1,1,,3293.5
55494,0.228,-0.348,-0.889,-1.086,0.084,-0.165,9.509,328.87,30.43,0.8,0,0,36.585338,334.67,,1,1,1,1,,3294
55494.5,0.185,-0.138,-1.301,-0.984,-0.006,-0.131,9.767,328.77,30.43,3.3,0,0,36.585338,337.07,,1,1,1,1,,3294.5
55495,0.113,0.065,-1.558,-0.765,-0.08,-0.104,10.013,328.77,30.43,3.3,0,0,36.585338,337.07,,1,1,1,1,,3295
55495.5,0.023,0.243,-1.632,-0.453,-0.149,-0.009,10.252,328.87,30.43,0,0,0,36.585338,333.87,,1,1,1,1,,3295.5
55496,-0.086,0.369,-1.512,-0.097,-0.178,0.037,10.39,328.87,30.43,0,0,0,36.585338,333.87,,1,1,1,1,,3296
55496.5,-0.204,0.435,-1.221,0.256,-0.191,0.113,10.466,328.97,29.33,3,0,0,35.262831,336.97,,1,1,1,1,,3296.5
55497,-0.323,0.437,-0.8,0.557,-0.177,0.167,10.433,328.97,29.33,3,0,0,35.262831,336.97,,1,1,1,1,,3297
55497.5,-0.433,0.378,-0.308,0.772,-0.15,0.14,10.352,329.07,30.43,1.1,0,0,36.585338,335.17,,1,1,1,1,,3297.5
55498,-0.52,0.267,0.198,0.893,-0.097,0.064,10.211,329.07,30.43,1.1,0,0,36.585338,335.17,,1,1,1,1,,3298
55498.5,-0.576,0.121,0.66,0.911,-0.054,-0.051,10.057,328.97,32.28,5.1,0,0,38.809553,339.07,,1,1,1,1,,3298.5
55499,-0.587,-0.044,1.035,0.844,-0.01,-0.143,9.902,328.97,32.28,5.1,0,0,38.809553,339.07,,1,1,1,1,,3299
55499.5,-0.558,-0.214,1.29,0.694,0.05,-0.235,9.735,328.87,34.12,351.3,0,0,41.021746,325.17,,1,1,1,1,,3299.5
55500,-0.48,-0.372,1.407,0.493,0.098,-0.242,9.604,328.87,34.12,351.3,0,0,41.021746,325.17,,1,1,1,1,,3300
55500.5,-0.371,-0.506,1.382,0.251,0.151,-0.221,9.477,328.77,32.28,1,0,0,38.809553,334.77,,1,1,1,1,,3300.5
55501,-0.239,-0.605,1.226,0.002,0.179,-0.203,9.418,328.77,32.28,1,0,0,38.809553,334.77,,1,1,1,1,,3301
55501.5,-0.098,-0.659,0.96,-0.238,0.211,-0.135,9.364,328.77,32.28,5.2,0,0,38.809553,338.97,,1,1,1,1,,3301.5
55502,0.035,-0.67,0.614,-0.44,0.202,-0.05,9.393,328.77,32.28,5.2,0,0,38.809553,338.97,,1,1,1,1,,3302
55502.5,0.148,-0.639,0.224,-0.597,0.2,0.041,9.411,328.77,31.35,5.7,0,0,37.691434,339.47,,1,1,1,1,,3302.5
55503,0.231,-0.567,-0.174,-0.698,0.166,0.112,9.489,328.77,31.35,5.7,0,0,37.691434,339.47,,1,1,1,1,,3303
55503.5,0.282,-0.464,-0.543,-0.732,0.132,0.183,9.569,328.87,31.35,9.3,0,0,37.691434,343.17,,1,1,1,1,,3303.5
55504,0.291,-0.335,-0.855,-0.707,0.073,0.249,9.694,328.87,31.35,9.3,0,0,37.691434,343.17,,1,1,1,1,,3304
55504.5,0.272,-0.196,-1.082,-0.613,0.022,0.242,9.815,328.87,32.28,4.3,0,0,38.809553,338.17,,1,1,1,1,,3304.5
55505,0.221,-0.054,-1.204,-0.468,-0.032,0.214,9.944,328.87,32.28,4.3,0,0,38.809553,338.17,,1,1,1,1,,3305
55505.5,0.16,0.074,-1.21,-0.269,-0.089,0.139,10.077,328.87,32.28,3.6,0,0,38.809553,337.47,,1,1,1,1,,3305.5
55506,0.098,0.176,-1.1,-0.051,-0.125,0.047,10.174,328.87,32.28,3.6,0,0,38.809553,337.47,,1,1,1,1,,3306
55506.5,0.046,0.244,-0.884,0.181,-0.149,-0.05,10.25,328.77,31.35,7.1,0,0,37.691434,340.87,,1,1,1,1,,3306.5
55507,0.021,0.272,-0.581,0.393,-0.144,-0.148,10.263,328.77,31.35,7.1,0,0,37.691434,340.87,,1,1,1,1,,3307
55507.5,0.028,0.253,-0.222,0.571,-0.139,-0.22,10.26,328.67,31.35,5.8,0,0,37.691434,339.47,,1,1,1,1,,3307.5
55508,0.069,0.191,0.159,0.687,-0.103,-0.251,10.175,328.67,31.35,5.8,0,0,37.691434,339.47,,1,1,1,1,,3308
55508.5,0.148,0.092,0.522,0.736,-0.066,-0.224,10.084,328.57,34.12,7.5,0,0,41.021746,341.07,,1,1,1,1,,3308.5
55509,0.253,-0.036,0.83,0.704,0,-0.149,9.925,328.57,34.12,7.5,0,0,41.021746,341.07,,1,1,1,1,,3309
55509.5,0.364,-0.177,1.048,0.598,0.051,-0.03,9.785,328.57,33.2,7.4,0,0,39.915649,340.97,,1,1,1,1,,3309.5
55510,0.468,-0.316,1.154,0.422,0.114,0.091,9.61,328.57,33.2,7.4,0,0,39.915649,340.97,,1,1,1,1,,3310
55510.5,0.551,-0.437,1.132,0.195,0.158,0.217,9.481,328.67,32.28,5.7,0,0,38.809553,339.37,,1,1,1,1,,3310.5
55511,0.597,-0.528,0.987,-0.052,0.19,0.317,9.369,328.67,32.28,5.7,0,0,38.809553,339.37,,1,1,1,1,,3311
55511.5,0.599,-0.575,0.73,-0.303,0.199,0.374,9.317,328.67,33.2,5.9,0,0,39.915649,339.57,,1,1,1,1,,3311.5
55512,0.554,-0.579,0.389,-0.519,0.195,0.379,9.316,328.67,33.2,5.9,0,0,39.915649,339.57,,1,1,1,1,,3312
55512.5,0.463,-0.531,0.001,-0.689,0.188,0.291,9.357,328.77,33.2,6.1,0,0,39.915649,339.87,,1,1,1,1,,3312.5
55513,0.336,-0.442,-0.392,-0.776,0.145,0.221,9.48,328.77,33.2,6.1,0,0,39.915649,339.87,,1,1,1,1,,3313
55513.5,0.182,-0.322,-0.745,-0.781,0.1,0.135,9.623,328.77,33.2,5.9,0,0,39.915649,339.67,,1,1,1,1,,3313.5
55514,0.007,-0.182,-1.016,-0.686,0.027,0.044,9.824,328.77,33.2,5.9,0,0,39.915649,339.67,,1,1,1,1,,3314
55514.5,-0.174,-0.045,-1.168,-0.507,-0.034,-0.068,10.01,328.77,32.28,0,0,0,38.809553,333.77,,1,1,1,1,,3314.5
55515,-0.346,0.075,-1.18,-0.256,-0.1,-0.19,10.185,328.77,32.28,0,0,0,38.809553,333.77,,1,1,1,1,,3315
55515.5,-0.491,0.163,-1.046,0.031,-0.148,-0.305,10.32,328.77,30.43,5.3,0,0,36.585338,339.07,,1,1,1,1,,3315.5
55516,-0.592,0.209,-0.781,0.318,-0.166,-0.372,10.389,328.77,30.43,5.3,0,0,36.585338,339.07,,1,1,1,1,,3316
55516.5,-0.643,0.206,-0.413,0.58,-0.172,-0.386,10.4,328.57,30.43,1.9,0,0,36.585338,335.47,,1,1,1,1,,3316.5
55517,-0.641,0.151,0.012,0.76,-0.139,-0.359,10.302,328.57,30.43,1.9,0,0,36.585338,335.47,,1,1,1,1,,3317
55517.5,-0.589,0.059,0.442,0.861,-0.108,-0.232,10.2,328.57,29.33,3.2,0,0,35.262831,336.77,,1,1,1,1,,3317.5
55518,-0.497,-0.068,0.823,0.842,-0.013,-0.105,9.963,328.57,29.33,3.2,0,0,35.262831,336.77,,1,1,1,1,,3318
55518.5,-0.372,-0.205,1.105,0.726,0.035,-0.005,9.801,328.67,29.33,6.4,0,0,35.262831,340.07,,1,1,1,1,,3318.5
55519,-0.231,-0.34,1.254,0.512,0.127,0.048,9.543,328.67,29.33,6.4,0,0,35.262831,340.07,,1,1,1,1,,3319
55519.5,-0.092,-0.452,1.245,0.233,0.164,0.087,9.412,328.67,29.33,6.9,0,0,35.262831,340.57,,1,1,1,1,,3319.5
55520,0.031,-0.531,1.085,-0.063,0.213,0.114,9.275,328.67,29.33,6.9,0,0,35.262831,340.57,,1,1,1,1,,3320
55520.5,0.117,-0.565,0.792,-0.358,0.216,0.093,9.243,328.77,31.35,2.5,0,0,37.691434,336.27,,1,1,1,1,,3320.5
55521,0.162,-0.549,0.406,-0.597,0.212,0.041,9.251,328.77,31.35,2.5,0,0,37.691434,336.27,,1,1,1,1,,3321
55521.5,0.164,-0.486,-0.032,-0.781,0.177,-0.015,9.327,328.87,32.28,5,0,0,38.809553,338.87,,1,1,1,1,,3321.5
55522,0.128,-0.385,-0.467,-0.857,0.113,-0.062,9.489,328.87,32.28,5,0,0,38.809553,338.87,,1,1,1,1,,3322
55522.5,0.064,-0.257,-0.849,-0.846,0.072,-0.051,9.641,328.87,32.28,3.9,0,0,38.809553,337.77,,1,1,1,1,,3322.5
55523,-0.016,-0.12,-1.13,-0.717,-0.008,-0.021,9.882,328.87,32.28,3.9,0,0,38.809553,337.77,,1,1,1,1,,3323
55523.5,-0.099,0.012,-1.276,-0.518,-0.04,0.024,10.024,328.97,34.12,3.7,0,0,41.021746,337.67,,1,1,1,1,,3323.5
55524,-0.172,0.124,-1.274,-0.251,-0.11,0.054,10.23,328.97,34.12,3.7,0,0,41.021746,337.67,,1,1,1,1,,3324
55524.5,-0.228,0.197,-1.124,0.028,-0.106,0.076,10.277,329.07,33.2,7.9,0,0,39.915649,341.97,,1,1,1,1,,3324.5
55525,-0.261,0.229,-0.851,0.297,-0.13,0.106,10.355,329.07,33.2,7.9,0,0,39.915649,341.97,,1,1,1,1,,3325
55525.5,-0.27,0.215,-0.487,0.523,-0.102,0.107,10.297,329.07,34.12,6.6,0,0,41.021746,340.67,,1,1,1,1,,3325.5
55526,-0.26,0.163,-0.082,0.674,-0.087,0.112,10.235,329.07,34.12,6.6,0,0,41.021746,340.67,,1,1,1,1,,3326
55526.5,-0.238,0.077,0.321,0.749,-0.037,0.072,10.095,329.07,34.12,359.6,0,0,41.021746,333.67,,1,1,1,1,,3326.5
55527,-0.207,-0.03,0.673,0.727,0,-0.008,9.948,329.07,34.12,359.6,0,0,41.021746,333.67,,1,1,1,1,,3327
55527.5,-0.174,-0.147,0.94,0.639,0.028,-0.094,9.811,328.87,32.28,2.4,0,0,38.809553,336.27,,1,1,1,1,,3327.5
55528,-0.143,-0.257,1.094,0.475,0.081,-0.202,9.657,328.87,32.28,2.4,0,0,38.809553,336.27,,1,1,1,1,,3328
55528.5,-0.122,-0.349,1.128,0.288,0.107,-0.27,9.575,328.77,33.2,6.9,0,0,39.915649,340.67,,1,1,1,1,,3328.5
55529,-0.108,-0.417,1.049,0.08,0.127,-0.303,9.495,328.77,33.2,6.9,0,0,39.915649,340.67,,1,1,1,1,,3329
55529.5,-0.103,-0.453,0.873,-0.103,0.103,-0.251,9.525,328.77,31.35,4.7,0,0,37.691434,338.47,,1,1,1,1,,3329.5
55530,-0.108,-0.462,0.63,-0.261,0.122,-0.144,9.507,328.77,31.35,4.7,0,0,37.691434,338.47,,1,1,1,1,,3330
55530.5,-0.124,-0.443,0.349,-0.372,0.101,-0.077,9.576,328.87,32.28,359.8,0,0,38.809553,333.67,,1,1,1,1,,3330.5
55531,-0.157,-0.404,0.063,-0.439,0.102,-0.003,9.602,328.87,32.28,359.8,0,0,38.809553,333.67,,1,1,1,1,,3331
55531.5,-0.2,-0.35,-0.206,-0.464,0.07,0.082,9.695,329.07,30.43,4.5,0,0,36.585338,338.57,,1,1,1,1,,3331.5
55532,-0.25,-0.288,-0.434,-0.447,0.06,0.13,9.735,329.07,30.43,4.5,0,0,36.585338,338.57,,1,1,1,1,,3332
55532.5,-0.302,-0.222,-0.611,-0.406,0.044,0.166,9.802,329.17,30.43,1.1,0,0,36.585338,335.27,,1,1,1,1,,3332.5
55533,-0.352,-0.163,-0.726,-0.334,0.037,0.173,9.841,329.17,30.43,1.1,0,0,36.585338,335.27,,1,1,1,1,,3333
55533.5,-0.388,-0.109,-0.778,-0.25,0.012,0.139,9.897,329.27,31.35,0.6,0,0,37.691434,334.87,,1,1,1,1,,3333.5
55534,-0.41,-0.069,-0.768,-0.146,-0.013,0.067,9.943,329.27,31.35,0.6,0,0,37.691434,334.87,,1,1,1,1,,3334
55534.5,-0.416,-0.043,-0.7,-0.049,-0.016,-0.024,9.961,329.27,32.28,3.8,0,0,38.809553,338.07,,1,1,1,1,,3334.5
55535,-0.403,-0.028,-0.585,0.054,-0.015,-0.084,9.977,329.27,32.28,3.8,0,0,38.809553,338.07,,1,1,1,1,,3335
55535.5,-0.374,-0.027,-0.437,0.129,-0.007,-0.136,9.958,329.17,33.2,2.1,0,0,39.915649,336.27,,1,1,1,1,,3335.5
55536,-0.332,-0.034,-0.269,0.198,-0.016,-0.181,9.967,329.17,33.2,2.1,0,0,39.915649,336.27,,1,1,1,1,,3336
55536.5,-0.277,-0.047,-0.096,0.236,0.012,-0.188,9.917,329.07,34.12,2.1,0,0,41.021746,336.17,,1,1,1,1,,3336.5
55537,-0.212,-0.061,0.069,0.265,0.002,-0.165,9.932,329.07,34.12,2.1,0,0,41.021746,336.17,,1,1,1,1,,3337
55537.5,-0.142,-0.077,0.218,0.27,0.022,-0.184,9.88,329.07,34.12,358.8,0,0,41.021746,332.87,,1,1,1,1,,3337.5
55538,-0.068,-0.092,0.34,0.259,0.021,-0.147,9.88,329.07,34.12,358.8,0,0,41.021746,332.87,,1,1,1,1,,3338
55538.5,0.006,-0.109,0.433,0.236,0.037,-0.063,9.831,328.97,33.2,0.5,0,0,39.915649,334.47,,1,1,1,1,,3338.5
55539,0.076,-0.125,0.491,0.199,0.025,0.003,9.827,328.97,33.2,0.5,0,0,39.915649,334.47,,1,1,1,1,,3339
55539.5,0.138,-0.144,0.517,0.157,0.041,0.084,9.783,328.97,32.28,2.7,0,0,38.809553,336.67,,1,1,1,1,,3339.5
55540,0.192,-0.165,0.507,0.102,0.035,0.142,9.764,328.97,32.28,2.7,0,0,38.809553,336.67,,1,1,1,1,,3340
55540.5,0.234,-0.193,0.467,0.048,0.028,0.161,9.753,329.07,33.2,1.8,0,0,39.915649,335.87,,1,1,1,1,,3340.5
55541,0.266,-0.223,0.398,-0.018,0.047,0.147,9.713,329.07,33.2,1.8,0,0,39.915649,335.87,,1,1,1,1,,3341
55541.5,0.29,-0.253,0.304,-0.076,0.056,0.133,9.703,329.07,32.28,2.1,0,0,38.809553,336.17,,1,1,1,1,,3341.5
55542,0.307,-0.282,0.191,-0.135,0.062,0.098,9.692,329.07,32.28,2.1,0,0,38.809553,336.17,,1,1,1,1,,3342
55542.5,0.319,-0.302,0.067,-0.177,0.059,0.056,9.717,329.07,31.35,1.6,0,0,37.691434,335.67,,1,1,1,1,,3342.5
55543,0.325,-0.318,-0.058,-0.211,0.082,0.041,9.706,329.07,31.35,1.6,0,0,37.691434,335.67,,1,1,1,1,,3343
55543.5,0.323,-0.32,-0.175,-0.224,0.074,0.058,9.746,329.07,31.35,2.8,0,0,37.691434,336.87,,1,1,1,1,,3343.5
55544,0.307,-0.31,-0.277,-0.227,0.091,0.067,9.742,329.07,31.35,2.8,0,0,37.691434,336.87,,1,1,1,1,,3344
55544.5,0.274,-0.285,-0.359,-0.219,0.086,0.106,9.771,329.07,32.28,4.3,0,0,38.809553,338.37,,1,1,1,1,,3344.5
55545,0.221,-0.249,-0.418,-0.201,0.084,0.1,9.777,329.07,32.28,4.3,0,0,38.809553,338.37,,1,1,1,1,,3345
55545.5,0.148,-0.193,-0.453,-0.175,0.066,0.04,9.81,329.07,31.35,4,0,0,37.691434,338.07,,1,1,1,1,,3345.5
55546,0.059,-0.13,-0.459,-0.131,0.046,0.033,9.848,329.07,31.35,4,0,0,37.691434,338.07,,1,1,1,1,,3346
55546.5,-0.036,-0.066,-0.432,-0.063,-0.001,-0.003,9.93,329.07,31.35,2.1,0,0,37.691434,336.17,,1,1,1,1,,3346.5
55547,-0.129,-0.011,-0.362,0.043,-0.062,-0.049,10.03,329.07,31.35,2.1,0,0,37.691434,336.17,,1,1,1,1,,3347
55547.5,-0.208,0.024,-0.242,0.168,-0.09,-0.114,10.094,329.07,32.28,2.1,0,0,38.809553,336.17,,1,1,1,1,,3347.5
55548,-0.259,0.033,-0.075,0.299,-0.111,-0.133,10.142,329.07,32.28,2.1,0,0,38.809553,336.17,,1,1,1,1,,3348
55548.5,-0.282,0.008,0.129,0.413,-0.113,-0.17,10.128,329.07,31.35,3.6,0,0,37.691434,337.67,,1,1,1,1,,3348.5
55549,-0.276,-0.047,0.342,0.474,-0.076,-0.182,10.054,329.07,31.35,3.6,0,0,37.691434,337.67,,1,1,1,1,,3349
55549.5,-0.246,-0.13,0.535,0.478,-0.008,-0.121,9.932,328.97,31.35,4.6,0,0,37.691434,338.57,,1,1,1,1,,3349.5
55550,-0.202,-0.225,0.676,0.404,0.048,-0.079,9.785,328.97,31.35,4.6,0,0,37.691434,338.57,,1,1,1,1,,3350
55550.5,-0.153,-0.326,0.737,0.265,0.107,-0.03,9.63,329.07,30.43,0,0,0,36.585338,334.07,,1,1,1,1,,3350.5
55551,-0.104,-0.411,0.698,0.064,0.166,0.051,9.464,329.07,30.43,0,0,0,36.585338,334.07,,1,1,1,1,,3351
55551.5,-0.061,-0.464,0.552,-0.164,0.195,0.122,9.37,329.17,30.43,1.9,0,0,36.585338,336.07,,1,1,1,1,,3351.5
55552,-0.02,-0.476,0.312,-0.394,0.214,0.136,9.302,329.17,30.43,1.9,0,0,36.585338,336.07,,1,1,1,1,,3352
55552.5,0.014,-0.442,0.003,-0.582,0.19,0.121,9.344,329.07,32.28,2.6,0,0,38.809553,336.67,,1,1,1,1,,3352.5
55553,0.042,-0.365,-0.334,-0.701,0.155,0.072,9.431,329.07,32.28,2.6,0,0,38.809553,336.67,,1,1,1,1,,3353
55553.5,0.055,-0.251,-0.655,-0.736,0.106,0.01,9.576,329.07,32.28,3.6,0,0,38.809553,337.67,,1,1,1,1,,3353.5
55554,0.05,-0.116,-0.913,-0.675,0.044,0.01,9.754,329.07,32.28,3.6,0,0,38.809553,337.67,,1,1,1,1,,3354
55554.5,0.026,0.025,-1.071,-0.524,-0.031,0.001,9.964,329.07,33.2,356.9,0,0,39.915649,330.97,,1,1,1,1,,3354.5
55555,-0.016,0.152,-1.099,-0.29,-0.093,0.003,10.155,329.07,33.2,356.9,0,0,39.915649,330.97,,1,1,1,1,,3355
55555.5,-0.066,0.247,-0.986,-0.011,-0.142,0.005,10.305,329.07,33.2,2,0,0,39.915649,336.07,,1,1,1,1,,3355.5
55556,-0.119,0.294,-0.738,0.293,-0.181,-0.051,10.424,329.07,33.2,2,0,0,39.915649,336.07,,1,1,1,1,,3356
55556.5,-0.16,0.28,-0.377,0.574,-0.183,-0.101,10.447,329.07,33.2,5.5,0,0,39.915649,339.57,,1,1,1,1,,3356.5
55557,-0.177,0.21,0.058,0.801,-0.172,-0.142,10.416,329.07,33.2,5.5,0,0,39.915649,339.57,,1,1,1,1,,3357
55557.5,-0.165,0.084,0.515,0.937,-0.118,-0.19,10.275,329.07,32.28,1.8,0,0,38.809553,335.87,,1,1,1,1,,3357.5
55558,-0.122,-0.081,0.937,0.965,-0.063,-0.179,10.113,329.07,32.28,1.8,0,0,38.809553,335.87,,1,1,1,1,,3358
55558.5,-0.05,-0.268,1.273,0.885,0.014,-0.107,9.897,329.07,32.28,3.5,0,0,38.809553,337.57,,1,1,1,1,,3358.5
55559,0.043,-0.456,1.479,0.699,0.089,-0.039,9.677,329.07,32.28,3.5,0,0,38.809553,337.57,,1,1,1,1,,3359
55559.5,0.152,-0.622,1.526,0.427,0.165,0.031,9.457,329.07,33.2,2.1,0,0,39.915649,336.17,,1,1,1,1,,3359.5
55560,0.269,-0.748,1.402,0.095,0.23,0.097,9.27,329.07,33.2,2.1,0,0,39.915649,336.17,,1,1,1,1,,3360
55560.5,0.382,-0.811,1.113,-0.263,0.273,0.136,9.137,329.07,33.2,5.5,0,0,39.915649,339.57,,1,1,1,1,,3360.5
55561,0.487,-0.805,0.683,-0.605,0.29,0.142,9.077,329.07,33.2,5.5,0,0,39.915649,339.57,,1,1,1,1,,3361
55561.5,0.57,-0.73,0.158,-0.89,0.266,0.162,9.111,329.07,35.04,6.3,0,0,42.127842,340.37,,1,1,1,1,,3361.5
55562,0.626,-0.59,-0.405,-1.077,0.22,0.173,9.238,329.07,35.04,6.3,0,0,42.127842,340.37,,1,1,1,1,,3362
55562.5,0.641,-0.4,-0.942,-1.144,0.15,0.21,9.424,329.17,34.12,1.8,0,0,41.021746,335.97,,1,1,1,1,,3362.5
55563,0.614,-0.181,-1.388,-1.077,0.048,0.191,9.682,329.17,34.12,1.8,0,0,41.021746,335.97,,1,1,1,1,,3363
55563.5,0.547,0.037,-1.687,-0.878,-0.044,0.169,9.949,329.17,33.2,7.1,0,0,39.915649,341.27,,1,1,1,1,,3363.5
55564,0.442,0.229,-1.799,-0.571,-0.14,0.124,10.217,329.17,33.2,7.1,0,0,39.915649,341.27,,1,1,1,1,,3364
55564.5,0.314,0.374,-1.707,-0.194,-0.208,0.075,10.416,329.17,33.2,9.4,0,0,39.915649,343.57,,1,1,1,1,,3364.5
55565,0.177,0.457,-1.422,0.203,-0.241,0.004,10.541,329.17,33.2,9.4,0,0,39.915649,343.57,,1,1,1,1,,3365
55565.5,0.049,0.464,-0.975,0.576,-0.254,-0.043,10.585,329.27,32.28,3.6,0,0,38.809553,337.87,,1,1,1,1,,3365.5
55566,-0.059,0.399,-0.42,0.875,-0.224,-0.053,10.524,329.27,32.28,3.6,0,0,38.809553,337.87,,1,1,1,1,,3366
55566.5,-0.129,0.268,0.177,1.068,-0.17,-0.072,10.387,329.27,31.35,6.2,0,0,37.691434,340.47,,1,1,1,1,,3366.5
55567,-0.16,0.089,0.745,1.126,-0.081,-0.07,10.162,329.27,31.35,6.2,0,0,37.691434,340.47,,1,1,1,1,,3367
55567.5,-0.147,-0.113,1.215,1.045,0.013,-0.06,9.91,329.27,32.28,5.9,0,0,38.809553,340.17,,1,1,1,1,,3367.5
55568,-0.096,-0.317,1.532,0.837,0.117,-0.066,9.632,329.27,32.28,5.9,0,0,38.809553,340.17,,1,1,1,1,,3368
55568.5,-0.022,-0.493,1.658,0.525,0.202,-0.055,9.392,329.17,32.28,9.8,0,0,38.809553,343.97,,1,1,1,1,,3368.5
55569,0.069,-0.623,1.582,0.158,0.258,-0.021,9.217,329.17,32.28,9.8,0,0,38.809553,343.97,,1,1,1,1,,3369
55569.5,0.156,-0.688,1.318,-0.219,0.29,-0.011,9.121,329.17,33.2,10.1,0,0,39.915649,344.27,,1,1,1,1,,3369.5
55570,0.223,-0.691,0.908,-0.546,0.272,0.007,9.138,329.17,33.2,10.1,0,0,39.915649,344.27,,1,1,1,1,,3370
55570.5,0.26,-0.629,0.409,-0.789,0.228,0.004,9.237,329.17,33.2,9.1,0,0,39.915649,343.27,,1,1,1,1,,3370.5
55571,0.261,-0.518,-0.11,-0.912,0.15,0.033,9.42,329.17,33.2,9.1,0,0,39.915649,343.27,,1,1,1,1,,3371
55571.5,0.223,-0.375,-0.582,-0.915,0.076,0.059,9.62,329.17,33.2,11.4,0,0,39.915649,345.57,,1,1,1,1,,3371.5
55572,0.149,-0.223,-0.951,-0.802,0.001,0.089,9.84,329.17,33.2,11.4,0,0,39.915649,345.57,,1,1,1,1,,3372
55572.5,0.048,-0.077,-1.18,-0.6,-0.065,0.117,10.04,329.37,32.28,9.6,0,0,38.809553,343.97,,1,1,1,1,,3372.5
55573,-0.071,0.042,-1.247,-0.331,-0.116,0.122,10.207,329.37,32.28,9.6,0,0,38.809553,343.97,,1,1,1,1,,3373
55573.5,-0.193,0.122,-1.156,-0.044,-0.135,0.103,10.298,329.47,32.28,13.1,0,0,38.809553,347.57,,1,1,1,1,,3373.5
55574,-0.308,0.158,-0.928,0.233,-0.142,0.033,10.336,329.47,32.28,13.1,0,0,38.809553,347.57,,1,1,1,1,,3374
55574.5,-0.405,0.149,-0.602,0.459,-0.127,-0.037,10.298,329.47,30.43,13.2,0,0,36.585338,347.67,,1,1,1,1,,3374.5
55575,-0.474,0.1,-0.223,0.618,-0.107,-0.118,10.221,329.47,30.43,13.2,0,0,36.585338,347.67,,1,1,1,1,,3375
55575.5,-0.506,0.024,0.158,0.692,-0.066,-0.182,10.091,329.47,31.35,12.4,0,0,37.691434,346.87,,1,1,1,1,,3375.5
55576,-0.496,-0.073,0.498,0.681,-0.021,-0.203,9.95,329.47,31.35,12.4,0,0,37.691434,346.87,,1,1,1,1,,3376
55576.5,-0.44,-0.172,0.758,0.594,0.028,-0.204,9.799,329.27,30.43,10.9,0,0,36.585338,345.17,,1,1,1,1,,3376.5
55577,-0.337,-0.267,0.915,0.445,0.074,-0.162,9.665,329.27,30.43,10.9,0,0,36.585338,345.17,,1,1,1,1,,3377
55577.5,-0.198,-0.344,0.955,0.251,0.124,-0.112,9.542,329.27,30.43,9.8,0,0,36.585338,344.07,,1,1,1,1,,3377.5
55578,-0.029,-0.394,0.879,0.038,0.161,-0.086,9.461,329.27,30.43,9.8,0,0,36.585338,344.07,,1,1,1,1,,3378
55578.5,0.143,-0.416,0.702,-0.175,0.185,-0.056,9.409,329.17,30.43,14.9,0,0,36.585338,349.07,,1,1,1,1,,3378.5
55579,0.304,-0.406,0.445,-0.362,0.177,-0.048,9.418,329.17,30.43,14.9,0,0,36.585338,349.07,,1,1,1,1,,3379
55579.5,0.438,-0.371,0.143,-0.499,0.151,-0.009,9.474,329.07,30.43,15.2,0,0,36.585338,349.27,,1,1,1,1,,3379.5
55580,0.529,-0.315,-0.167,-0.569,0.106,0.034,9.577,329.07,30.43,15.2,0,0,36.585338,349.27,,1,1,1,1,,3380
55580.5,0.572,-0.249,-0.446,-0.569,0.063,0.115,9.689,329.17,30.43,16,0,0,36.585338,350.17,,1,1,1,1,,3380.5
55581,0.56,-0.181,-0.663,-0.502,0.003,0.19,9.827,329.17,30.43,16,0,0,36.585338,350.17,,1,1,1,1,,3381
55581.5,0.509,-0.121,-0.793,-0.378,-0.036,0.272,9.937,329.37,30.43,8.5,0,0,36.585338,342.87,,1,1,1,1,,3381.5
55582,0.418,-0.073,-0.828,-0.223,-0.059,0.355,10.025,329.37,30.43,8.5,0,0,36.585338,342.87,,1,1,1,1,,3382
55582.5,0.303,-0.042,-0.77,-0.057,-0.072,0.342,10.071,329.47,29.33,2.9,0,0,35.262831,337.37,,1,1,1,1,,3382.5
55583,0.175,-0.026,-0.634,0.096,-0.064,0.333,10.085,329.47,29.33,2.9,0,0,35.262831,337.37,,1,1,1,1,,3383
55583.5,0.047,-0.026,-0.443,0.223,-0.04,0.262,10.066,329.47,30.43,2.6,0,0,36.585338,337.07,,1,1,1,1,,3383.5
55584,-0.063,-0.037,-0.221,0.318,-0.021,0.126,10.042,329.47,30.43,2.6,0,0,36.585338,337.07,,1,1,1,1,,3384
55584.5,-0.144,-0.056,0.009,0.379,0.005,-0.001,9.994,329.37,29.33,7.6,0,0,35.262831,341.97,,1,1,1,1,,3384.5
55585,-0.191,-0.083,0.223,0.391,0.033,-0.157,9.916,329.37,29.33,7.6,0,0,35.262831,341.97,,1,1,1,1,,3385
55585.5,-0.203,-0.109,0.4,0.362,0.049,-0.259,9.841,329.17,32.28,4.2,0,0,38.809553,338.37,,1,1,1,1,,3385.5
55586,-0.188,-0.132,0.523,0.297,0.063,-0.338,9.771,329.17,32.28,4.2,0,0,38.809553,338.37,,1,1,1,1,,3386
55586.5,-0.157,-0.15,0.585,0.213,0.065,-0.364,9.731,329.07,32.28,6.6,0,0,38.809553,340.67,,1,1,1,1,,3386.5
55587,-0.118,-0.163,0.59,0.127,0.063,-0.319,9.714,329.07,32.28,6.6,0,0,38.809553,340.67,,1,1,1,1,,3387
55587.5,-0.08,-0.174,0.549,0.055,0.039,-0.262,9.733,328.87,33.2,8.6,0,0,39.915649,342.47,,1,1,1,1,,3387.5
55588,-0.048,-0.188,0.476,-0.001,0.029,-0.166,9.747,328.87,33.2,8.6,0,0,39.915649,342.47,,1,1,1,1,,3388
55588.5,-0.024,-0.204,0.385,-0.034,0.006,-0.035,9.788,328.87,32.28,11.5,0,0,38.809553,345.37,,1,1,1,1,,3388.5
55589,-0.012,-0.233,0.292,-0.047,-0.01,0.083,9.817,328.87,32.28,11.5,0,0,38.809553,345.37,,1,1,1,1,,3389
55589.5,-0.007,-0.268,0.204,-0.049,-0.002,0.177,9.827,328.97,31.35,12.6,0,0,37.691434,346.57,,1,1,1,1,,3389.5
55590,-0.016,-0.312,0.125,-0.052,0.017,0.209,9.812,328.97,31.35,12.6,0,0,37.691434,346.57,,1,1,1,1,,3390
55590.5,-0.039,-0.362,0.052,-0.064,0.028,0.259,9.791,329.07,30.43,12.2,0,0,36.585338,346.27,,1,1,1,1,,3390.5
55591,-0.076,-0.404,-0.021,-0.092,0.061,0.231,9.745,329.07,30.43,12.2,0,0,36.585338,346.27,,1,1,1,1,,3391
55591.5,-0.123,-0.437,-0.103,-0.147,0.111,0.183,9.667,329.17,29.33,13.2,0,0,35.262831,347.37,,1,1,1,1,,3391.5
55592,-0.179,-0.45,-0.203,-0.222,0.138,0.137,9.602,329.17,29.33,13.2,0,0,35.262831,347.37,,1,1,1,1,,3392
55592.5,-0.242,-0.427,-0.324,-0.312,0.15,0.038,9.546,329.17,29.33,12.9,0,0,35.262831,347.07,,1,1,1,1,,3392.5
55593,-0.303,-0.369,-0.466,-0.401,0.155,-0.028,9.522,329.17,29.33,12.9,0,0,35.262831,347.07,,1,1,1,1,,3393
55593.5,-0.357,-0.273,-0.619,-0.474,0.151,-0.091,9.527,329.17,28.4,12.2,0,0,34.144712,346.37,,1,1,1,1,,3393.5
55594,-0.4,-0.142,-0.766,-0.502,0.113,-0.115,9.614,329.17,28.4,12.2,0,0,34.144712,346.37,,1,1,1,1,,3394
55594.5,-0.425,0.013,-0.878,-0.464,0.057,-0.152,9.744,328.97,28.4,12.6,0,0,34.144712,346.57,,1,1,1,1,,3394.5
55595,-0.428,0.174,-0.926,-0.351,-0.018,-0.194,9.917,328.97,28.4,12.6,0,0,34.144712,346.57,,1,1,1,1,,3395
55595.5,-0.405,0.322,-0.883,-0.164,-0.095,-0.231,10.105,328.77,29.33,13,0,0,35.262831,346.77,,1,1,1,1,,3395.5
55596,-0.361,0.429,-0.729,0.088,-0.173,-0.272,10.291,328.77,29.33,13,0,0,35.262831,346.77,,1,1,1,1,,3396
55596.5,-0.289,0.483,-0.459,0.374,-0.217,-0.267,10.429,328.47,30.43,17.4,0,0,36.585338,350.87,,1,1,1,1,,3396.5
55597,-0.194,0.464,-0.085,0.665,-0.243,-0.27,10.513,328.47,30.43,17.4,0,0,36.585338,350.87,,1,1,1,1,,3397
55597.5,-0.079,0.367,0.364,0.91,-0.233,-0.225,10.49,328.47,30.43,18.6,0,0,36.585338,352.07,,1,1,1,1,,3397.5
55598,0.049,0.193,0.84,1.075,-0.192,-0.158,10.395,328.47,30.43,18.6,0,0,36.585338,352.07,,1,1,1,1,,3398
55598.5,0.178,-0.043,1.285,1.121,-0.102,-0.03,10.184,328.47,31.35,19.6,0,0,37.691434,353.07,,1,1,1,1,,3398.5
55599,0.297,-0.313,1.638,1.034,-0.011,0.101,9.936,328.47,31.35,19.6,0,0,37.691434,353.07,,1,1,1,1,,3399
55599.5,0.392,-0.596,1.843,0.806,0.113,0.22,9.616,328.57,29.33,19.3,0,0,35.262831,352.87,,1,1,1,1,,3399.5
55600,0.455,-0.843,1.854,0.458,0.222,0.315,9.331,328.57,29.33,19.3,0,0,35.262831,352.87,,1,1,1,1,,3400
55600.5,0.482,-1.032,1.655,0.036,0.304,0.27,9.089,328.57,28.4,15.7,0,0,34.144712,349.27,,1,1,1,1,,3400.5
55601,0.472,-1.135,1.256,-0.408,0.343,0.232,8.964,328.57,28.4,15.7,0,0,34.144712,349.27,,1,1,1,1,,3401
55601.5,0.428,-1.139,0.695,-0.817,0.361,0.213,8.91,328.77,27.48,12.4,0,0,33.038616,346.17,,1,1,1,1,,3401.5
55602,0.353,-1.038,0.029,-1.154,0.338,0.164,8.961,328.77,27.48,12.4,0,0,33.038616,346.17,,1,1,1,1,,3402
55602.5,0.258,-0.846,-0.671,-1.366,0.27,0.14,9.112,328.77,29.33,6.9,0,0,35.262831,340.67,,1,1,1,1,,3402.5
55603,0.152,-0.577,-1.331,-1.451,0.202,0.096,9.305,328.77,29.33,6.9,0,0,35.262831,340.67,,1,1,1,1,,3403
55603.5,0.043,-0.261,-1.881,-1.383,0.086,0.056,9.584,328.67,28.4,4.1,0,0,34.144712,337.77,,1,1,1,1,,3403.5
55604,-0.06,0.075,-2.261,-1.179,-0.003,0.005,9.851,328.67,28.4,4.1,0,0,34.144712,337.77,,1,1,1,1,,3404
55604.5,-0.147,0.394,-2.428,-0.847,-0.117,-0.065,10.16,328.57,30.43,7.2,0,0,36.585338,340.77,,1,1,1,1,,3404.5
55605,-0.208,0.658,-2.357,-0.427,-0.2,-0.122,10.404,328.57,30.43,7.2,0,0,36.585338,340.77,,1,1,1,1,,3405
55605.5,-0.24,0.844,-2.053,0.046,-0.277,-0.203,10.607,328.47,30.43,6,0,0,36.585338,339.47,,1,1,1,1,,3405.5
55606,-0.233,0.93,-1.54,0.514,-0.315,-0.227,10.707,328.47,30.43,6,0,0,36.585338,339.47,,1,1,1,1,,3406
55606.5,-0.199,0.911,-0.871,0.933,-0.335,-0.184,10.746,328.27,30.43,8.5,0,0,36.585338,341.77,,1,1,1,1,,3406.5
55607,-0.145,0.785,-0.106,1.267,-0.306,-0.138,10.666,328.27,30.43,8.5,0,0,36.585338,341.77,,1,1,1,1,,3407
55607.5,-0.08,0.569,0.677,1.472,-0.253,-0.017,10.521,328.27,28.4,9.4,0,0,34.144712,342.67,,1,1,1,1,,3407.5
55608,-0.02,0.283,1.402,1.537,-0.169,0.045,10.296,328.27,28.4,9.4,0,0,34.144712,342.67,,1,1,1,1,,3408
55608.5,0.024,-0.042,1.996,1.444,-0.057,0.016,10.019,328.27,28.4,9.4,0,0,34.144712,342.67,,1,1,1,1,,3408.5
55609,0.05,-0.378,2.4,1.219,0.059,0.018,9.746,328.27,28.4,9.4,0,0,34.144712,342.67,,1,1,1,1,,3409
55609.5,0.043,-0.689,2.577,0.87,0.18,-0.043,9.456,328.17,27.48,13.6,0,0,33.038616,346.77,,1,1,1,1,,3409.5
55610,0.003,-0.945,2.51,0.448,0.27,-0.047,9.241,328.17,27.48,13.6,0,0,33.038616,346.77,,1,1,1,1,,3410
55610.5,-0.062,-1.123,2.206,-0.023,0.369,-0.059,9.02,328.37,26.56,9.2,0,0,31.932519,342.57,,1,1,1,1,,3410.5
55611,-0.155,-1.205,1.693,-0.487,0.39,-0.034,8.939,328.37,26.56,9.2,0,0,31.932519,342.57,,1,1,1,1,,3411
55611.5,-0.259,-1.187,1.023,-0.9,0.397,-0.003,8.908,328.47,26.56,12.2,0,0,31.932519,345.67,,1,1,1,1,,3411.5
55612,-0.361,-1.067,0.262,-1.212,0.338,0.008,9.032,328.47,26.56,12.2,0,0,31.932519,345.67,,1,1,1,1,,3412
55612.5,-0.45,-0.867,-0.507,-1.387,0.256,0.026,9.201,328.57,27.48,11.7,0,0,33.038616,345.27,,1,1,1,1,,3412.5
55613,-0.513,-0.607,-1.205,-1.409,0.133,-0.039,9.467,328.57,27.48,11.7,0,0,33.038616,345.27,,1,1,1,1,,3413
55613.5,-0.546,-0.318,-1.761,-1.282,0.022,-0.063,9.738,328.57,29.33,12.8,0,0,35.262831,346.37,,1,1,1,1,,3413.5
55614,-0.544,-0.028,-2.122,-1.032,-0.083,-0.087,9.998,328.57,29.33,12.8,0,0,35.262831,346.37,,1,1,1,1,,3414
55614.5,-0.515,0.227,-2.26,-0.686,-0.163,-0.077,10.224,328.57,30.43,13.5,0,0,36.585338,347.07,,1,1,1,1,,3414.5
55615,-0.463,0.429,-2.174,-0.296,-0.215,-0.08,10.385,328.57,30.43,13.5,0,0,36.585338,347.07,,1,1,1,1,,3415
55615.5,-0.4,0.558,-1.883,0.098,-0.239,-0.057,10.479,328.37,30.43,16.6,0,0,36.585338,349.97,,1,1,1,1,,3415.5
55616,-0.326,0.61,-1.432,0.445,-0.228,-0.089,10.472,328.37,30.43,16.6,0,0,36.585338,349.97,,1,1,1,1,,3416
55616.5,-0.244,0.59,-0.879,0.721,-0.206,-0.13,10.417,328.27,30.43,16.4,0,0,36.585338,349.67,,1,1,1,1,,3416.5
55617,-0.153,0.503,-0.287,0.893,-0.138,-0.134,10.27,328.27,30.43,16.4,0,0,36.585338,349.67,,1,1,1,1,,3417
55617.5,-0.049,0.366,0.279,0.958,-0.078,-0.15,10.115,328.27,28.4,11.4,0,0,34.144712,344.67,,1,1,1,1,,3417.5
55618,0.071,0.198,0.765,0.913,-0.005,-0.099,9.921,328.27,28.4,11.4,0,0,34.144712,344.67,,1,1,1,1,,3418
55618.5,0.202,0.02,1.128,0.78,0.057,-0.061,9.762,328.17,28.4,10.7,0,0,34.144712,343.87,,1,1,1,1,,3418.5
55619,0.345,-0.15,1.346,0.589,0.107,-0.026,9.625,328.17,28.4,10.7,0,0,34.144712,343.87,,1,1,1,1,,3419
55619.5,0.487,-0.298,1.418,0.373,0.13,0.08,9.562,328.27,26.56,12.3,0,0,31.932519,345.57,,1,1,1,1,,3419.5
55620,0.612,-0.413,1.361,0.17,0.138,0.146,9.551,328.27,26.56,12.3,0,0,31.932519,345.57,,1,1,1,1,,3420
55620.5,0.708,-0.496,1.205,0,0.137,0.204,9.573,328.27,26.56,9.9,0,0,31.932519,343.17,,1,1,1,1,,3420.5
55621,0.757,-0.547,0.985,-0.123,0.12,0.258,9.628,328.27,26.56,9.9,0,0,31.932519,343.17,,1,1,1,1,,3421
55621.5,0.751,-0.574,0.735,-0.206,0.094,0.252,9.682,328.37,26.56,8.1,0,0,31.932519,341.47,,1,1,1,1,,3421.5
55622,0.693,-0.58,0.481,-0.246,0.077,0.206,9.737,328.37,26.56,8.1,0,0,31.932519,341.47,,1,1,1,1,,3422
55622.5,0.591,-0.573,0.242,-0.272,0.09,0.189,9.731,328.37,26.56,9.3,0,0,31.932519,342.67,,1,1,1,1,,3422.5
55623,0.455,-0.551,0.024,-0.284,0.081,0.144,9.753,328.37,26.56,9.3,0,0,31.932519,342.67,,1,1,1,1,,3423
55623.5,0.303,-0.517,-0.169,-0.298,0.092,0.073,9.718,328.47,27.48,7.9,0,0,33.038616,341.37,,1,1,1,1,,3423.5
55624,0.148,-0.467,-0.341,-0.322,0.092,0.057,9.69,328.47,27.48,7.9,0,0,33.038616,341.37,,1,1,1,1,,3424
55624.5,0.006,-0.402,-0.498,-0.355,0.096,0.041,9.64,328.47,27.48,6.5,0,0,33.038616,339.97,,1,1,1,1,,3424.5
55625,-0.118,-0.316,-0.644,-0.398,0.086,-0.029,9.617,328.47,27.48,6.5,0,0,33.038616,339.97,,1,1,1,1,,3425
55625.5,-0.215,-0.21,-0.776,-0.423,0.07,-0.035,9.631,328.47,28.4,7.4,0,0,34.144712,340.87,,1,1,1,1,,3425.5
55626,-0.286,-0.09,-0.885,-0.425,0.041,-0.098,9.679,328.47,28.4,7.4,0,0,34.144712,340.87,,1,1,1,1,,3426
55626.5,-0.331,0.037,-0.955,-0.377,0.001,-0.142,9.784,328.47,29.33,10.1,0,0,35.262831,343.57,,1,1,1,1,,3426.5
55627,-0.359,0.158,-0.967,-0.286,-0.025,-0.134,9.882,328.47,29.33,10.1,0,0,35.262831,343.57,,1,1,1,1,,3427
55627.5,-0.369,0.262,-0.909,-0.141,-0.075,-0.128,10.027,328.47,29.33,12.9,0,0,35.262831,346.37,,1,1,1,1,,3427.5
55628,-0.37,0.339,-0.769,0.033,-0.092,-0.111,10.11,328.47,29.33,12.9,0,0,35.262831,346.37,,1,1,1,1,,3428
55628.5,-0.367,0.374,-0.553,0.226,-0.117,-0.066,10.203,328.47,30.43,12.4,0,0,36.585338,345.87,,1,1,1,1,,3428.5
55629,-0.362,0.358,-0.271,0.404,-0.106,-0.069,10.207,328.47,30.43,12.4,0,0,36.585338,345.87,,1,1,1,1,,3429
55629.5,-0.359,0.296,0.051,0.553,-0.107,-0.057,10.219,328.47,29.33,12.1,0,0,35.262831,345.57,,1,1,1,1,,3429.5
55630,-0.363,0.186,0.387,0.658,-0.081,-0.088,10.156,328.47,29.33,12.1,0,0,35.262831,345.57,,1,1,1,1,,3430
55630.5,-0.372,0.046,0.704,0.704,-0.054,-0.088,10.086,328.47,28.4,10,0,0,34.144712,343.47,,1,1,1,1,,3430.5
55631,-0.387,-0.12,0.973,0.69,-0.013,-0.069,9.969,328.47,28.4,10,0,0,34.144712,343.47,,1,1,1,1,,3431
55631.5,-0.407,-0.293,1.165,0.601,0.034,-0.069,9.831,328.57,27.48,9.6,0,0,33.038616,343.17,,1,1,1,1,,3431.5
55632,-0.431,-0.46,1.259,0.457,0.083,-0.048,9.695,328.57,27.48,9.6,0,0,33.038616,343.17,,1,1,1,1,,3432
55632.5,-0.456,-0.598,1.239,0.256,0.139,-0.06,9.548,328.57,26.56,2.6,0,0,31.932519,336.17,,1,1,1,1,,3432.5
55633,-0.475,-0.699,1.104,0.035,0.158,-0.053,9.47,328.57,26.56,2.6,0,0,31.932519,336.17,,1,1,1,1,,3433
55633.5,-0.491,-0.755,0.867,-0.195,0.192,-0.068,9.39,328.67,28.4,9.4,0,0,34.144712,343.07,,1,1,1,1,,3433.5
55634,-0.495,-0.755,0.547,-0.405,0.199,-0.09,9.377,328.67,28.4,9.4,0,0,34.144712,343.07,,1,1,1,1,,3434
55634.5,-0.486,-0.707,0.173,-0.586,0.209,-0.1,9.356,328.77,29.33,10.8,0,0,35.262831,344.57,,1,1,1,1,,3434.5
55635,-0.461,-0.606,-0.224,-0.719,0.181,-0.095,9.421,328.77,29.33,10.8,0,0,35.262831,344.57,,1,1,1,1,,3435
55635.5,-0.42,-0.469,-0.608,-0.793,0.161,-0.086,9.478,328.77,31.35,10.3,0,0,37.691434,344.07,,1,1,1,1,,3435.5
55636,-0.36,-0.302,-0.951,-0.804,0.118,-0.07,9.592,328.77,31.35,10.3,0,0,37.691434,344.07,,1,1,1,1,,3436
55636.5,-0.28,-0.117,-1.216,-0.739,0.063,-0.03,9.725,328.67,30.43,5.5,0,0,36.585338,339.17,,1,1,1,1,,3436.5
55637,-0.178,0.066,-1.381,-0.609,0.001,-0.035,9.876,328.67,30.43,5.5,0,0,36.585338,339.17,,1,1,1,1,,3437
55637.5,-0.058,0.235,-1.425,-0.411,-0.059,-0.038,10.029,328.67,29.33,8.5,0,0,35.262831,342.17,,1,1,1,1,,3437.5
55638,0.069,0.37,-1.34,-0.177,-0.113,-0.001,10.152,328.67,29.33,8.5,0,0,35.262831,342.17,,1,1,1,1,,3438
55638.5,0.198,0.461,-1.131,0.089,-0.178,0.018,10.283,328.57,29.33,10.8,0,0,35.262831,344.37,,1,1,1,1,,3438.5
55639,0.316,0.496,-0.81,0.351,-0.192,0.026,10.332,328.57,29.33,10.8,0,0,35.262831,344.37,,1,1,1,1,,3439
55639.5,0.407,0.474,-0.405,0.597,-0.218,0.089,10.395,328.57,28.4,13.6,0,0,34.144712,347.17,,1,1,1,1,,3439.5
55640,0.466,0.391,0.058,0.808,-0.204,0.052,10.375,328.57,28.4,13.6,0,0,34.144712,347.17,,1,1,1,1,,3440
55640.5,0.485,0.251,0.534,0.949,-0.173,-0.003,10.318,328.57,30.43,16.9,0,0,36.585338,350.47,,1,1,1,1,,3440.5
55641,0.46,0.063,0.987,1.022,-0.12,0.016,10.21,328.57,30.43,16.9,0,0,36.585338,350.47,,1,1,1,1,,3441
55641.5,0.4,-0.158,1.369,0.986,-0.037,0.014,10.028,328.77,29.33,11,0,0,35.262831,344.77,,1,1,1,1,,3441.5
55642,0.312,-0.39,1.638,0.861,0.05,0.046,9.836,328.77,29.33,11,0,0,35.262831,344.77,,1,1,1,1,,3442
55642.5,0.203,-0.612,1.761,0.626,0.157,0.093,9.575,328.87,28.4,11.3,0,0,34.144712,345.17,,1,1,1,1,,3442.5
55643,0.086,-0.799,1.711,0.311,0.231,0.157,9.363,328.87,28.4,11.3,0,0,34.144712,345.17,,1,1,1,1,,3443
55643.5,-0.021,-0.93,1.479,-0.073,0.319,0.153,9.122,328.97,28.4,8.1,0,0,34.144712,342.07,,1,1,1,1,,3443.5
55644,-0.106,-0.986,1.072,-0.476,0.341,0.15,9.007,328.97,28.4,8.1,0,0,34.144712,342.07,,1,1,1,1,,3444
55644.5,-0.162,-0.954,0.526,-0.848,0.348,0.137,8.953,329.17,29.33,8.4,0,0,35.262831,342.57,,1,1,1,1,,3444.5
55645,-0.185,-0.833,-0.107,-1.136,0.294,0.092,9.057,329.17,29.33,8.4,0,0,35.262831,342.57,,1,1,1,1,,3445
55645.5,-0.182,-0.641,-0.752,-1.297,0.232,0.039,9.216,329.07,30.43,8.4,0,0,36.585338,342.47,,1,1,1,1,,3445.5
55646,-0.157,-0.395,-1.336,-1.312,0.12,-0.015,9.484,329.07,30.43,8.4,0,0,36.585338,342.47,,1,1,1,1,,3446
55646.5,-0.125,-0.125,-1.787,-1.174,0.014,-0.09,9.758,328.97,30.43,14.1,0,0,36.585338,348.07,,1,1,1,1,,3446.5
55647,-0.097,0.144,-2.053,-0.909,-0.109,-0.128,10.064,328.97,30.43,14.1,0,0,36.585338,348.07,,1,1,1,1,,3447
55647.5,-0.079,0.376,-2.098,-0.53,-0.195,-0.131,10.321,328.97,33.2,12.8,0,0,39.915649,346.77,,1,1,1,1,,3447.5
55648,-0.079,0.555,-1.917,-0.102,-0.256,-0.102,10.523,328.97,33.2,12.8,0,0,39.915649,346.77,,1,1,1,1,,3448
55648.5,-0.097,0.656,-1.524,0.36,-0.309,-0.115,10.685,328.87,31.35,11.2,0,0,37.691434,345.07,,1,1,1,1,,3448.5
55649,-0.128,0.671,-0.96,0.765,-0.281,-0.131,10.671,328.87,31.35,11.2,0,0,37.691434,345.07,,1,1,1,1,,3449
55649.5,-0.165,0.6,-0.291,1.1,-0.277,-0.09,10.656,328.87,30.43,11,0,0,36.585338,344.87,,1,1,1,1,,3449.5
55650,-0.207,0.45,0.416,1.307,-0.194,-0.089,10.465,328.87,30.43,11,0,0,36.585338,344.87,,1,1,1,1,,3450
55650.5,-0.243,0.236,1.08,1.378,-0.128,-0.077,10.279,328.97,29.33,7.4,0,0,35.262831,341.37,,1,1,1,1,,3450.5
55651,-0.267,-0.019,1.632,1.299,-0.018,-0.064,9.98,328.97,29.33,7.4,0,0,35.262831,341.37,,1,1,1,1,,3451
55651.5,-0.275,-0.283,2.009,1.08,0.064,-0.065,9.723,329.07,29.33,6.2,0,0,35.262831,340.27,,1,1,1,1,,3451.5
55652,-0.267,-0.54,2.176,0.749,0.169,-0.059,9.425,329.07,29.33,6.2,0,0,35.262831,340.27,,1,1,1,1,,3452
55652.5,-0.241,-0.753,2.109,0.332,0.244,-0.057,9.2,329.27,27.48,6.5,0,0,33.038616,340.77,,1,1,1,1,,3452.5
55653,-0.2,-0.905,1.819,-0.114,0.301,-0.044,9.025,329.27,27.48,6.5,0,0,33.038616,340.77,,1,1,1,1,,3453
55653.5,-0.15,-0.981,1.335,-0.554,0.33,-0.024,8.944,329.37,27.48,10.8,0,0,33.038616,345.17,,1,1,1,1,,3453.5
55654,-0.093,-0.972,0.711,-0.921,0.312,0.029,8.979,329.37,27.48,10.8,0,0,33.038616,345.17,,1,1,1,1,,3454
55654.5,-0.037,-0.878,0.015,-1.194,0.29,0.075,9.072,329.47,27.48,12.4,0,0,33.038616,346.87,,1,1,1,1,,3454.5
55655,0.014,-0.719,-0.675,-1.321,0.208,0.1,9.301,329.47,27.48,12.4,0,0,33.038616,346.87,,1,1,1,1,,3455
55655.5,0.061,-0.507,-1.282,-1.303,0.121,0.12,9.544,329.47,29.33,11.4,0,0,35.262831,345.87,,1,1,1,1,,3455.5
55656,0.095,-0.266,-1.739,-1.133,0.013,0.103,9.848,329.47,29.33,11.4,0,0,35.262831,345.87,,1,1,1,1,,3456
55656.5,0.122,-0.027,-1.997,-0.848,-0.068,0.087,10.091,329.47,28.4,16,0,0,34.144712,350.47,,1,1,1,1,,3456.5
55657,0.139,0.189,-2.035,-0.477,-0.157,0.049,10.333,329.47,28.4,16,0,0,34.144712,350.47,,1,1,1,1,,3457
55657.5,0.146,0.356,-1.856,-0.076,-0.188,0.022,10.45,329.47,28.4,14.5,0,0,34.144712,348.97,,1,1,1,1,,3457.5
55658,0.151,0.47,-1.493,0.301,-0.199,-0.022,10.5,329.47,28.4,14.5,0,0,34.144712,348.97,,1,1,1,1,,3458
55658.5,0.162,0.521,-0.997,0.618,-0.187,-0.066,10.456,329.37,28.4,10.8,0,0,34.144712,345.17,,1,1,1,1,,3458.5
55659,0.175,0.511,-0.432,0.839,-0.154,-0.074,10.356,329.37,28.4,10.8,0,0,34.144712,345.17,,1,1,1,1,,3459
55659.5,0.199,0.445,0.138,0.958,-0.103,-0.054,10.207,329.37,28.4,11.3,0,0,34.144712,345.67,,1,1,1,1,,3459.5
55660,0.23,0.337,0.654,0.967,-0.051,0.013,10.04,329.37,28.4,11.3,0,0,34.144712,345.67,,1,1,1,1,,3460
55660.5,0.267,0.195,1.072,0.896,-0.022,0.065,9.907,329.37,30.43,7.8,0,0,36.585338,342.17,,1,1,1,1,,3460.5
55661,0.307,0.035,1.365,0.757,0.018,0.059,9.771,329.37,30.43,7.8,0,0,36.585338,342.17,,1,1,1,1,,3461
55661.5,0.339,-0.137,1.523,0.586,0.025,0.105,9.704,329.47,31.35,5.9,0,0,37.691434,340.37,,1,1,1,1,,3461.5
55662,0.363,-0.308,1.552,0.394,0.042,0.123,9.63,329.47,31.35,5.9,0,0,37.691434,340.37,,1,1,1,1,,3462
55662.5,0.374,-0.467,1.463,0.196,0.069,0.085,9.577,329.57,31.35,4.4,0,0,37.691434,338.97,,1,1,1,1,,3462.5
55663,0.365,-0.606,1.274,-0.001,0.11,0.087,9.517,329.57,31.35,4.4,0,0,37.691434,338.97,,1,1,1,1,,3463
55663.5,0.328,-0.717,1.002,-0.19,0.136,0.11,9.495,329.57,31.35,3.6,0,0,37.691434,338.17,,1,1,1,1,,3463.5
55664,0.271,-0.788,0.67,-0.361,0.185,0.107,9.457,329.57,31.35,3.6,0,0,37.691434,338.17,,1,1,1,1,,3464
55664.5,0.184,-0.813,0.299,-0.517,0.212,0.085,9.435,329.67,31.35,1.8,0,0,37.691434,336.47,,1,1,1,1,,3464.5
55665,0.078,-0.786,-0.09,-0.646,0.221,0.074,9.429,329.67,31.35,1.8,0,0,37.691434,336.47,,1,1,1,1,,3465
55665.5,-0.044,-0.703,-0.479,-0.752,0.223,0.051,9.433,329.77,30.43,358.6,0,0,36.585338,333.37,,1,1,1,1,,3465.5
55666,-0.173,-0.57,-0.844,-0.811,0.189,0.025,9.494,329.77,30.43,358.6,0,0,36.585338,333.37,,1,1,1,1,,3466
55666.5,-0.301,-0.391,-1.161,-0.817,0.146,-0.02,9.584,329.87,28.4,357.8,0,0,34.144712,332.67,,1,1,1,1,,3466.5
55667,-0.418,-0.179,-1.4,-0.745,0.066,-0.07,9.745,329.87,28.4,357.8,0,0,34.144712,332.67,,1,1,1,1,,3467
55667.5,-0.519,0.046,-1.531,-0.588,-0.019,-0.145,9.93,329.87,28.4,6.1,0,0,34.144712,340.97,,1,1,1,1,,3467.5
55668,-0.595,0.257,-1.527,-0.347,-0.115,-0.206,10.145,329.87,28.4,6.1,0,0,34.144712,340.97,,1,1,1,1,,3468
55668.5,-0.639,0.431,-1.375,-0.05,-0.19,-0.268,10.309,329.87,29.33,7.8,0,0,35.262831,342.67,,1,1,1,1,,3468.5
55669,-0.644,0.542,-1.078,0.27,-0.234,-0.242,10.426,329.87,29.33,7.8,0,0,35.262831,342.67,,1,1,1,1,,3469
55669.5,-0.611,0.583,-0.661,0.573,-0.254,-0.212,10.476,329.77,29.33,4.2,0,0,35.262831,338.97,,1,1,1,1,,3469.5
55670,-0.551,0.541,-0.163,0.825,-0.243,-0.19,10.445,329.77,29.33,4.2,0,0,35.262831,338.97,,1,1,1,1,,3470
55670.5,-0.467,0.426,0.362,0.982,-0.193,-0.094,10.31,329.77,28.4,9.9,0,0,34.144712,344.67,,1,1,1,1,,3470.5
55671,-0.374,0.247,0.853,1.025,-0.124,0.002,10.133,329.77,28.4,9.9,0,0,34.144712,344.67,,1,1,1,1,,3471
55671.5,-0.276,0.028,1.254,0.945,-0.02,0.059,9.89,329.87,27.48,9.4,0,0,33.038616,344.27,,1,1,1,1,,3471.5
55672,-0.185,-0.204,1.515,0.76,0.061,0.118,9.685,329.87,27.48,9.4,0,0,33.038616,344.27,,1,1,1,1,,3472
55672.5,-0.109,-0.427,1.611,0.496,0.143,0.119,9.484,329.97,27.48,5.3,0,0,33.038616,340.27,,1,1,1,1,,3472.5
55673,-0.046,-0.612,1.534,0.183,0.199,0.066,9.341,329.97,27.48,5.3,0,0,33.038616,340.27,,1,1,1,1,,3473
55673.5,-0.008,-0.745,1.296,-0.142,0.251,0.062,9.232,329.97,28.4,1.7,0,0,34.144712,336.67,,1,1,1,1,,3473.5
55674,0.008,-0.813,0.924,-0.448,0.269,0.077,9.198,329.97,28.4,1.7,0,0,34.144712,336.67,,1,1,1,1,,3474
55674.5,-0.002,-0.807,0.462,-0.7,0.268,0.08,9.219,329.97,29.33,1.4,0,0,35.262831,336.37,,1,1,1,1,,3474.5
55675,-0.029,-0.735,-0.043,-0.881,0.246,0.069,9.305,329.97,29.33,1.4,0,0,35.262831,336.37,,1,1,1,1,,3475
55675.5,-0.064,-0.6,-0.535,-0.957,0.198,0.009,9.461,330.07,31.35,4.1,0,0,37.691434,339.17,,1,1,1,1,,3475.5
55676,-0.096,-0.423,-0.961,-0.933,0.13,-0.082,9.64,330.07,31.35,4.1,0,0,37.691434,339.17,,1,1,1,1,,3476
55676.5,-0.109,-0.222,-1.275,-0.799,0.043,-0.158,9.864,329.97,30.43,3.9,0,0,36.585338,338.87,,1,1,1,1,,3476.5
55677,-0.101,-0.022,-1.442,-0.579,-0.034,-0.198,10.054,329.97,30.43,3.9,0,0,36.585338,338.87,,1,1,1,1,,3477
55677.5,-0.065,0.153,-1.443,-0.285,-0.123,-0.204,10.255,329.87,30.43,5.1,0,0,36.585338,339.97,,1,1,1,1,,3477.5
55678,-0.006,0.283,-1.278,0.037,-0.174,-0.162,10.374,329.87,30.43,5.1,0,0,36.585338,339.97,,1,1,1,1,,3478
55678.5,0.068,0.353,-0.967,0.356,-0.213,-0.09,10.446,329.87,30.43,5.1,0,0,36.585338,339.97,,1,1,1,1,,3478.5
55679,0.142,0.356,-0.548,0.627,-0.208,-0.012,10.414,329.87,30.43,5.1,0,0,36.585338,339.97,,1,1,1,1,,3479
55679.5,0.199,0.295,-0.072,0.82,-0.193,0.093,10.337,329.97,30.43,6.6,0,0,36.585338,341.57,,1,1,1,1,,3479.5
55680,0.226,0.18,0.404,0.912,-0.14,0.187,10.178,329.97,30.43,6.6,0,0,36.585338,341.57,,1,1,1,1,,3480
55680.5,0.221,0.026,0.823,0.896,-0.072,0.21,10,330.07,30.43,7.9,0,0,36.585338,342.97,,1,1,1,1,,3480.5
55681,0.177,-0.145,1.139,0.778,0.008,0.203,9.79,330.07,30.43,7.9,0,0,36.585338,342.97,,1,1,1,1,,3481
55681.5,0.101,-0.314,1.317,0.573,0.078,0.181,9.61,330.07,30.43,6.5,0,0,36.585338,341.57,,1,1,1,1,,3481.5
55682,-0.002,-0.461,1.339,0.307,0.155,0.157,9.431,330.07,30.43,6.5,0,0,36.585338,341.57,,1,1,1,1,,3482
55682.5,-0.113,-0.568,1.204,0.001,0.216,0.104,9.293,330.17,29.33,6.3,0,0,35.262831,341.47,,1,1,1,1,,3482.5
55683,-0.221,-0.625,0.928,-0.301,0.242,0.045,9.223,330.17,29.33,6.3,0,0,35.262831,341.47,,1,1,1,1,,3483
55683.5,-0.309,-0.624,0.543,-0.57,0.253,-0.013,9.223,330.17,30.43,5.5,0,0,36.585338,340.67,,1,1,1,1,,3483.5
55684,-0.374,-0.564,0.096,-0.764,0.22,-0.089,9.309,330.17,30.43,5.5,0,0,36.585338,340.67,,1,1,1,1,,3484
55684.5,-0.402,-0.455,-0.358,-0.869,0.172,-0.162,9.439,330.17,30.43,5,0,0,36.585338,340.17,,1,1,1,1,,3484.5
55685,-0.404,-0.314,-0.765,-0.865,0.107,-0.194,9.628,330.17,30.43,5,0,0,36.585338,340.17,,1,1,1,1,,3485
55685.5,-0.383,-0.16,-1.078,-0.765,0.047,-0.201,9.805,330.07,30.43,5.2,0,0,36.585338,340.27,,1,1,1,1,,3485.5
55686,-0.352,-0.007,-1.264,-0.583,-0.024,-0.16,9.992,330.07,30.43,5.2,0,0,36.585338,340.27,,1,1,1,1,,3486
55686.5,-0.318,0.122,-1.304,-0.34,-0.078,-0.09,10.143,329.97,33.2,11.3,0,0,39.915649,346.27,,1,1,1,1,,3486.5
55687,-0.29,0.211,-1.197,-0.06,-0.139,0.009,10.279,329.97,33.2,11.3,0,0,39.915649,346.27,,1,1,1,1,,3487
55687.5,-0.27,0.251,-0.958,0.21,-0.148,0.077,10.303,329.97,32.28,15.7,0,0,38.809553,350.67,,1,1,1,1,,3487.5
55688,-0.261,0.242,-0.621,0.452,-0.158,0.057,10.342,329.97,32.28,15.7,0,0,38.809553,350.67,,1,1,1,1,,3488
55688.5,-0.255,0.18,-0.218,0.65,-0.138,-0.019,10.289,329.87,34.12,13.6,0,0,41.021746,348.47,,1,1,1,1,,3488.5
55689,-0.255,0.077,0.206,0.777,-0.126,-0.125,10.231,329.87,34.12,13.6,0,0,41.021746,348.47,,1,1,1,1,,3489
55689.5,-0.255,-0.054,0.61,0.831,-0.078,-0.201,10.1,329.87,33.2,13.9,0,0,39.915649,348.77,,1,1,1,1,,3489.5
55690,-0.251,-0.2,0.948,0.789,-0.017,-0.228,9.943,329.87,33.2,13.9,0,0,39.915649,348.77,,1,1,1,1,,3490
55690.5,-0.24,-0.344,1.187,0.67,0.047,-0.202,9.772,329.87,31.35,10.8,0,0,37.691434,345.67,,1,1,1,1,,3490.5
55691,-0.231,-0.471,1.298,0.464,0.121,-0.106,9.578,329.87,31.35,10.8,0,0,37.691434,345.67,,1,1,1,1,,3491
55691.5,-0.222,-0.565,1.266,0.21,0.176,-0.046,9.432,329.97,29.33,9.7,0,0,35.262831,344.67,,1,1,1,1,,3491.5
55692,-0.222,-0.612,1.092,-0.083,0.234,0.009,9.289,329.97,29.33,9.7,0,0,35.262831,344.67,,1,1,1,1,,3492
55692.5,-0.224,-0.605,0.79,-0.365,0.244,0.085,9.249,330.17,32.28,7.5,0,0,38.809553,342.67,,1,1,1,1,,3492.5
55693,-0.226,-0.545,0.395,-0.617,0.245,0.131,9.235,330.17,32.28,7.5,0,0,38.809553,342.67,,1,1,1,1,,3493
55693.5,-0.222,-0.438,-0.049,-0.788,0.19,0.139,9.356,330.17,32.28,6.6,0,0,38.809553,341.77,,1,1,1,1,,3493.5
55694,-0.208,-0.299,-0.486,-0.862,0.132,0.087,9.489,330.17,32.28,6.6,0,0,38.809553,341.77,,1,1,1,1,,3494
55694.5,-0.172,-0.149,-0.862,-0.818,0.023,0.058,9.736,330.17,33.2,8,0,0,39.915649,343.17,,1,1,1,1,,3494.5
55695,-0.111,-0.013,-1.122,-0.663,-0.054,0.003,9.94,330.17,33.2,8,0,0,39.915649,343.17,,1,1,1,1,,3495
55695.5,-0.034,0.094,-1.238,-0.431,-0.115,-0.048,10.123,329.97,35.04,11,0,0,42.127842,345.97,,1,1,1,1,,3495.5
55696,0.058,0.157,-1.198,-0.151,-0.157,-0.078,10.262,329.97,35.04,11,0,0,42.127842,345.97,,1,1,1,1,,3496
55696.5,0.15,0.17,-1.014,0.134,-0.175,-0.059,10.345,329.97,35.04,11.8,0,0,42.127842,346.77,,1,1,1,1,,3496.5
55697,0.237,0.139,-0.712,0.399,-0.155,-0.055,10.363,329.97,35.04,11.8,0,0,42.127842,346.77,,1,1,1,1,,3497
55697.5,0.307,0.064,-0.333,0.601,-0.116,-0.044,10.296,329.87,34.12,9.7,0,0,41.021746,344.57,,1,1,1,1,,3497.5
55698,0.355,-0.04,0.073,0.728,-0.08,0.002,10.208,329.87,34.12,9.7,0,0,41.021746,344.57,,1,1,1,1,,3498
55698.5,0.373,-0.164,0.458,0.758,-0.003,0.034,10.031,329.77,33.2,16.4,0,0,39.915649,351.17,,1,1,1,1,,3498.5
55699,0.358,-0.29,0.771,0.69,0.061,0.114,9.852,329.77,33.2,16.4,0,0,39.915649,351.17,,1,1,1,1,,3499
55699.5,0.318,-0.403,0.974,0.528,0.135,0.194,9.634,329.87,35.04,20.8,0,0,42.127842,355.67,,1,1,1,1,,3499.5
55700,0.259,-0.48,1.039,0.291,0.18,0.235,9.469,329.87,35.04,20.8,0,0,42.127842,355.67,,1,1,1,1,,3500
55700.5,0.195,-0.515,0.959,0.016,0.225,0.189,9.328,329.97,35.04,14.8,0,0,42.127842,349.77,,1,1,1,1,,3500.5
55701,0.137,-0.499,0.747,-0.258,0.218,0.107,9.284,329.97,35.04,14.8,0,0,42.127842,349.77,,1,1,1,1,,3501
55701.5,0.089,-0.434,0.435,-0.494,0.2,0.008,9.287,330.07,35.04,7.2,0,0,42.127842,342.27,,1,1,1,1,,3501.5
55702,0.048,-0.329,0.067,-0.657,0.143,-0.071,9.394,330.07,35.04,7.2,0,0,42.127842,342.27,,1,1,1,1,,3502
55702.5,0.013,-0.203,-0.302,-0.723,0.082,-0.045,9.541,329.97,35.04,7.9,0,0,42.127842,342.87,,1,1,1,1,,3502.5
55703,-0.017,-0.072,-0.62,-0.682,0.006,-0.069,9.746,329.97,35.04,7.9,0,0,42.127842,342.87,,1,1,1,1,,3503
55703.5,-0.051,0.046,-0.841,-0.55,-0.043,-0.085,9.915,329.97,35.04,6.1,0,0,42.127842,341.07,,1,1,1,1,,3503.5
55704,-0.085,0.135,-0.941,-0.349,-0.105,-0.083,10.107,329.97,35.04,6.1,0,0,42.127842,341.07,,1,1,1,1,,3504
55704.5,-0.12,0.183,-0.905,-0.1,-0.127,-0.087,10.222,329.97,35.04,3.9,0,0,42.127842,338.87,,1,1,1,1,,3504.5
55705,-0.162,0.19,-0.743,0.156,-0.149,-0.075,10.305,329.97,35.04,3.9,0,0,42.127842,338.87,,1,1,1,1,,3505
55705.5,-0.208,0.151,-0.477,0.396,-0.148,-0.009,10.327,329.97,34.12,4.2,0,0,41.021746,339.17,,1,1,1,1,,3505.5
55706,-0.261,0.071,-0.142,0.58,-0.109,0.01,10.272,329.97,34.12,4.2,0,0,41.021746,339.17,,1,1,1,1,,3506
55706.5,-0.31,-0.042,0.217,0.696,-0.071,0.028,10.177,330.07,33.2,5.9,0,0,39.915649,340.97,,1,1,1,1,,3506.5
55707,-0.353,-0.171,0.555,0.721,-0.014,0.046,10.029,330.07,33.2,5.9,0,0,39.915649,340.97,,1,1,1,1,,3507
55707.5,-0.383,-0.304,0.828,0.664,0.045,0.033,9.881,330.07,33.2,8.4,0,0,39.915649,343.47,,1,1,1,1,,3507.5
55708,-0.394,-0.426,1.004,0.527,0.114,0.017,9.704,330.07,32.28,8.2,0,0,38.809553,343.27,,1,1,1,1,,3508
55708.5,-0.386,-0.525,1.063,0.337,0.147,-0.062,9.579,330.07,32.28,8.2,0,0,38.809553,343.27,,1,1,1,1,,3508.5
55709,-0.35,-0.589,0.999,0.104,0.191,-0.112,9.444,330.07,32.28,8.2,0,0,38.809553,343.27,,1,1,1,1,,3509
55709.5,-0.292,-0.615,0.817,-0.138,0.206,-0.162,9.38,329.97,32.28,10.4,0,0,38.809553,345.37,,1,1,1,1,,3509.5
55710,-0.218,-0.601,0.54,-0.367,0.207,-0.175,9.329,329.97,32.28,10.4,0,0,38.809553,345.37,,1,1,1,1,,3510
55710.5,-0.135,-0.543,0.192,-0.567,0.191,-0.164,9.342,329.87,33.2,8.2,0,0,39.915649,343.07,,1,1,1,1,,3510.5
55711,-0.054,-0.45,-0.188,-0.711,0.166,-0.116,9.377,329.87,33.2,8.2,0,0,39.915649,343.07,,1,1,1,1,,3511
55711.5,0.017,-0.327,-0.566,-0.796,0.121,-0.038,9.471,329.87,33.2,12.2,0,0,39.915649,347.07,,1,1,1,1,,3511.5
55712,0.075,-0.181,-0.902,-0.799,0.066,0.054,9.601,329.87,33.2,12.2,0,0,39.915649,347.07,,1,1,1,1,,3512
55712.5,0.114,-0.03,-1.161,-0.727,0.015,0.092,9.751,329.87,33.2,14.7,0,0,39.915649,349.57,,1,1,1,1,,3512.5
55713,0.137,0.121,-1.312,-0.57,-0.048,0.118,9.928,329.87,33.2,14.7,0,0,39.915649,349.57,,1,1,1,1,,3513
55713.5,0.145,0.253,-1.334,-0.354,-0.1,0.091,10.085,329.87,34.12,13.2,0,0,41.021746,348.07,,1,1,1,1,,3513.5
55714,0.138,0.35,-1.22,-0.084,-0.16,0.075,10.254,329.87,34.12,13.2,0,0,41.021746,348.07,,1,1,1,1,,3514
55714.5,0.126,0.403,-0.972,0.205,-0.179,0.085,10.355,329.97,35.97,12.3,0,0,43.245961,347.27,,1,1,1,1,,3514.5
55715,0.112,0.405,-0.61,0.49,-0.194,0.072,10.43,329.97,35.97,12.3,0,0,43.245961,347.27,,1,1,1,1,,3515
55715.5,0.1,0.349,-0.166,0.734,-0.168,0.089,10.404,329.87,35.97,11.8,0,0,43.245961,346.67,,1,1,1,1,,3515.5
55716,0.095,0.24,0.315,0.912,-0.138,0.061,10.355,329.87,35.97,11.8,0,0,43.245961,346.67,,1,1,1,1,,3516
55716.5,0.1,0.083,0.787,1.002,-0.082,0.009,10.22,329.77,34.12,11,0,0,41.021746,345.77,,1,1,1,1,,3516.5
55717,0.116,-0.107,1.198,0.991,-0.021,-0.066,10.054,329.77,34.12,11,0,0,41.021746,345.77,,1,1,1,1,,3517
55717.5,0.142,-0.313,1.504,0.879,0.054,-0.095,9.844,329.67,34.12,11.3,0,0,41.021746,345.97,,1,1,1,1,,3517.5
55718,0.174,-0.513,1.666,0.662,0.133,-0.086,9.616,329.67,34.12,11.3,0,0,41.021746,345.97,,1,1,1,1,,3518
55718.5,0.207,-0.689,1.662,0.374,0.198,-0.057,9.42,329.67,33.2,12.4,0,0,39.915649,347.07,,1,1,1,1,,3518.5
55719,0.227,-0.819,1.485,0.029,0.262,0.046,9.235,329.67,33.2,12.4,0,0,39.915649,347.07,,1,1,1,1,,3519
55719.5,0.235,-0.887,1.147,-0.324,0.281,0.092,9.144,329.67,33.2,10.9,0,0,39.915649,345.57,,1,1,1,1,,3519.5
55720,0.222,-0.882,0.679,-0.658,0.297,0.121,9.083,329.67,33.2,10.9,0,0,39.915649,345.57,,1,1,1,1,,3520
55720.5,0.19,-0.807,0.127,-0.924,0.26,0.131,9.151,329.77,33.2,13.5,0,0,39.915649,348.27,,1,1,1,1,,3520.5
55721,0.139,-0.666,-0.45,-1.092,0.21,0.157,9.265,329.77,33.2,13.5,0,0,39.915649,348.27,,1,1,1,1,,3521
55721.5,0.07,-0.478,-0.989,-1.137,0.124,0.132,9.485,329.77,34.12,15.2,0,0,41.021746,349.97,,1,1,1,1,,3521.5
55722,-0.007,-0.26,-1.424,-1.05,0.036,0.112,9.714,329.77,34.12,15.2,0,0,41.021746,349.97,,1,1,1,1,,3522
55722.5,-0.089,-0.035,-1.708,-0.845,-0.063,0.054,9.972,329.77,34.12,14.5,0,0,41.021746,349.27,,1,1,1,1,,3522.5
55723,-0.165,0.168,-1.808,-0.549,-0.135,-0.061,10.178,329.77,34.12,14.5,0,0,41.021746,349.27,,1,1,1,1,,3523
55723.5,-0.225,0.33,-1.718,-0.211,-0.179,-0.12,10.323,329.67,33.2,15.1,0,0,39.915649,349.77,,1,1,1,1,,3523.5
55724,-0.267,0.44,-1.455,0.135,-0.207,-0.176,10.416,329.67,33.2,15.1,0,0,39.915649,349.77,,1,1,1,1,,3524
55724.5,-0.289,0.488,-1.055,0.445,-0.197,-0.234,10.418,329.57,32.28,17.9,0,0,38.809553,352.47,,1,1,1,1,,3524.5
55725,-0.295,0.474,-0.565,0.696,-0.181,-0.214,10.391,329.57,32.28,17.9,0,0,38.809553,352.47,,1,1,1,1,,3525
55725.5,-0.283,0.397,-0.037,0.868,-0.143,-0.174,10.296,329.57,33.2,20.3,0,0,39.915649,354.87,,1,1,1,1,,3525.5
55726,-0.257,0.273,0.475,0.952,-0.097,-0.13,10.186,329.57,33.2,20.3,0,0,39.915649,354.87,,1,1,1,1,,3526
55726.5,-0.22,0.106,0.925,0.944,-0.027,-0.056,10.024,329.47,33.2,19.8,0,0,39.915649,354.27,,1,1,1,1,,3526.5
55727,-0.167,-0.08,1.272,0.847,0.034,-0.004,9.864,329.47,33.2,19.8,0,0,39.915649,354.27,,1,1,1,1,,3527
55727.5,-0.104,-0.273,1.488,0.674,0.096,0.052,9.697,329.47,34.12,16.8,0,0,41.021746,351.27,,1,1,1,1,,3527.5
55728,-0.034,-0.45,1.556,0.439,0.156,0.085,9.535,329.47,34.12,16.8,0,0,41.021746,351.27,,1,1,1,1,,3528
55728.5,0.042,-0.597,1.473,0.171,0.2,0.124,9.412,329.57,33.2,15.1,0,0,39.915649,349.67,,1,1,1,1,,3528.5
55729,0.11,-0.7,1.251,-0.111,0.225,0.149,9.328,329.57,33.2,15.1,0,0,39.915649,349.67,,1,1,1,1,,3529
55729.5,0.162,-0.757,0.916,-0.365,0.224,0.11,9.32,329.57,32.28,12.4,0,0,38.809553,346.97,,1,1,1,1,,3529.5
55730,0.192,-0.758,0.507,-0.579,0.221,0.09,9.327,329.57,32.28,12.4,0,0,38.809553,346.97,,1,1,1,1,,3530
55730.5,0.192,-0.706,0.063,-0.728,0.188,0.052,9.398,329.57,32.28,15.6,0,0,38.809553,350.17,,1,1,1,1,,3530.5
55731,0.168,-0.607,-0.372,-0.809,0.149,-0.025,9.483,329.57,32.28,15.6,0,0,38.809553,350.17,,1,1,1,1,,3531
55731.5,0.121,-0.467,-0.759,-0.809,0.09,-0.037,9.629,329.47,32.28,15.6,0,0,38.809553,350.07,,1,1,1,1,,3531.5
55732,0.064,-0.303,-1.061,-0.729,0.031,-0.016,9.775,329.47,32.28,15.6,0,0,38.809553,350.07,,1,1,1,1,,3532
55732.5,0.012,-0.13,-1.25,-0.578,-0.033,-0.04,9.944,329.47,33.2,14.6,0,0,39.915649,349.07,,1,1,1,1,,3532.5
55733,-0.029,0.034,-1.307,-0.365,-0.077,-0.065,10.08,329.47,33.2,14.6,0,0,39.915649,349.07,,1,1,1,1,,3533
55733.5,-0.046,0.175,-1.23,-0.118,-0.129,-0.043,10.212,329.47,32.28,18.3,0,0,38.809553,352.77,,1,1,1,1,,3533.5
55734,-0.039,0.274,-1.026,0.144,-0.157,-0.044,10.299,329.47,32.28,18.3,0,0,38.809553,352.77,,1,1,1,1,,3534
55734.5,-0.011,0.325,-0.717,0.386,-0.154,-0.042,10.316,329.47,32.28,18.3,0,0,38.809553,352.77,,1,1,1,1,,3534.5
55735,0.031,0.318,-0.339,0.586,-0.138,0.016,10.296,329.47,32.28,18.3,0,0,38.809553,352.77,,1,1,1,1,,3535
55735.5,0.078,0.256,0.07,0.719,-0.1,-0.016,10.208,329.37,32.28,20.3,0,0,38.809553,354.67,,1,1,1,1,,3535.5
55736,0.12,0.149,0.461,0.77,-0.053,0.006,10.082,329.37,32.28,20.3,0,0,38.809553,354.67,,1,1,1,1,,3536
55736.5,0.155,0.007,0.792,0.727,0.015,0.019,9.902,329.37,31.35,18.4,0,0,37.691434,352.77,,1,1,1,1,,3536.5
55737,0.168,-0.153,1.024,0.6,0.063,0.062,9.742,329.37,31.35,18.4,0,0,37.691434,352.77,,1,1,1,1,,3537
55737.5,0.163,-0.314,1.133,0.41,0.108,0.115,9.588,329.37,32.28,18.2,0,0,38.809553,352.57,,1,1,1,1,,3537.5
55738,0.136,-0.457,1.109,0.173,0.156,0.136,9.455,329.37,32.28,18.2,0,0,38.809553,352.57,,1,1,1,1,,3538
55738.5,0.086,-0.567,0.957,-0.078,0.185,0.108,9.364,329.37,31.35,16.5,0,0,37.691434,350.87,,1,1,1,1,,3538.5
55739,0.02,-0.629,0.698,-0.317,0.188,0.06,9.34,329.37,31.35,16.5,0,0,37.691434,350.87,,1,1,1,1,,3539
55739.5,-0.061,-0.636,0.365,-0.507,0.175,0.014,9.384,329.47,32.28,13.8,0,0,38.809553,348.27,,1,1,1,1,,3539.5
55740,-0.15,-0.592,0.001,-0.631,0.152,-0.018,9.473,329.47,32.28,13.8,0,0,38.809553,348.27,,1,1,1,1,,3540
55740.5,-0.243,-0.507,-0.349,-0.669,0.115,-0.019,9.611,329.47,32.28,14.4,0,0,38.809553,348.87,,1,1,1,1,,3540.5
55741,-0.328,-0.39,-0.642,-0.627,0.076,-0.02,9.749,329.47,32.28,14.4,0,0,38.809553,348.87,,1,1,1,1,,3541
55741.5,-0.401,-0.255,-0.848,-0.518,0.039,-0.057,9.881,329.47,32.28,13.5,0,0,38.809553,347.97,,1,1,1,1,,3541.5
55742,-0.448,-0.119,-0.95,-0.366,0.003,-0.118,9.981,329.47,32.28,13.5,0,0,38.809553,347.97,,1,1,1,1,,3542
55742.5,-0.464,0.006,-0.947,-0.184,-0.039,-0.177,10.077,329.47,31.35,14.8,0,0,37.691434,349.27,,1,1,1,1,,3542.5
55743,-0.445,0.103,-0.843,0.003,-0.06,-0.231,10.117,329.47,31.35,14.8,0,0,37.691434,349.27,,1,1,1,1,,3543
55743.5,-0.391,0.171,-0.656,0.18,-0.092,-0.222,10.151,329.37,32.28,14.8,0,0,38.809553,349.17,,1,1,1,1,,3543.5
55744,-0.312,0.197,-0.41,0.325,-0.098,-0.169,10.122,329.37,32.28,14.8,0,0,38.809553,349.17,,1,1,1,1,,3544
55744.5,-0.22,0.189,-0.136,0.429,-0.097,-0.083,10.084,329.27,33.2,15.2,0,0,39.915649,349.47,,1,1,1,1,,3544.5
55745,-0.127,0.143,0.138,0.482,-0.074,0,10.002,329.27,33.2,15.2,0,0,39.915649,349.47,,1,1,1,1,,3545
55745.5,-0.038,0.071,0.383,0.484,-0.056,0.086,9.944,329.27,33.2,17.8,0,0,39.915649,352.07,,1,1,1,1,,3545.5
55746,0.033,-0.016,0.58,0.45,-0.018,0.095,9.864,329.27,33.2,17.8,0,0,39.915649,352.07,,1,1,1,1,,3546
55746.5,0.082,-0.115,0.715,0.379,0.021,0.153,9.804,329.27,31.35,16.1,0,0,37.691434,350.37,,1,1,1,1,,3546.5
55747,0.109,-0.218,0.785,0.296,0.052,0.143,9.765,329.27,31.35,16.1,0,0,37.691434,350.37,,1,1,1,1,,3547
55747.5,0.11,-0.319,0.79,0.192,0.093,0.086,9.706,329.37,31.35,12.5,0,0,37.691434,346.87,,1,1,1,1,,3547.5
55748,0.091,-0.409,0.733,0.083,0.118,0.023,9.668,329.37,31.35,12.5,0,0,37.691434,346.87,,1,1,1,1,,3548
55748.5,0.053,-0.486,0.618,-0.043,0.153,-0.037,9.598,329.37,30.43,12.8,0,0,36.585338,347.17,,1,1,1,1,,3548.5
55749,0.006,-0.535,0.451,-0.167,0.155,-0.086,9.581,329.37,30.43,12.8,0,0,36.585338,347.17,,1,1,1,1,,3549
55749.5,-0.044,-0.56,0.247,-0.28,0.157,-0.098,9.554,329.37,29.33,13.5,0,0,35.262831,347.87,,1,1,1,1,,3549.5
55750,-0.087,-0.55,0.02,-0.369,0.128,-0.079,9.587,329.37,29.33,13.5,0,0,35.262831,347.87,,1,1,1,1,,3550
55750.5,-0.121,-0.511,-0.208,-0.423,0.105,-0.073,9.614,329.37,31.35,12.7,0,0,37.691434,347.07,,1,1,1,1,,3550.5
55751,-0.143,-0.443,-0.419,-0.445,0.066,-0.034,9.675,329.37,31.35,12.7,0,0,37.691434,347.07,,1,1,1,1,,3551
55751.5,-0.148,-0.352,-0.594,-0.427,0.042,-0.014,9.732,329.37,30.43,10.9,0,0,36.585338,345.27,,1,1,1,1,,3551.5
55752,-0.138,-0.247,-0.72,-0.376,0.014,0.008,9.806,329.37,30.43,10.9,0,0,36.585338,345.27,,1,1,1,1,,3552
55752.5,-0.119,-0.136,-0.784,-0.284,-0.021,0.061,9.895,329.37,30.43,10.3,0,0,36.585338,344.67,,1,1,1,1,,3552.5
55753,-0.088,-0.027,-0.78,-0.176,-0.027,0.1,9.943,329.37,30.43,10.3,0,0,36.585338,344.67,,1,1,1,1,,3553
55753.5,-0.053,0.068,-0.71,-0.05,-0.042,0.116,10.012,329.37,32.28,19.2,0,0,38.809553,353.57,,1,1,1,1,,3553.5
55754,-0.017,0.143,-0.58,0.079,-0.043,0.13,10.04,329.37,32.28,19.2,0,0,38.809553,353.57,,1,1,1,1,,3554
55754.5,0.016,0.189,-0.4,0.205,-0.057,0.096,10.079,329.27,33.2,19,0,0,39.915649,353.27,,1,1,1,1,,3554.5
55755,0.04,0.202,-0.185,0.308,-0.042,0.022,10.052,329.27,33.2,19,0,0,39.915649,353.27,,1,1,1,1,,3555
55755.5,0.05,0.181,0.043,0.385,-0.047,-0.058,10.045,329.27,30.43,15.3,0,0,36.585338,349.57,,1,1,1,1,,3555.5
55756,0.038,0.124,0.266,0.427,-0.03,-0.124,9.985,329.27,30.43,15.3,0,0,36.585338,349.57,,1,1,1,1,,3556
55756.5,0.006,0.042,0.465,0.432,-0.022,-0.176,9.939,329.17,30.43,13.7,0,0,36.585338,347.87,,1,1,1,1,,3556.5
55757,-0.042,-0.062,0.623,0.404,-0.006,-0.187,9.872,329.17,30.43,13.7,0,0,36.585338,347.87,,1,1,1,1,,3557
55757.5,-0.108,-0.178,0.727,0.342,0.013,-0.144,9.813,329.17,30.43,15.1,0,0,36.585338,349.27,,1,1,1,1,,3557.5
55758,-0.179,-0.302,0.771,0.252,0.048,-0.099,9.734,329.17,30.43,15.1,0,0,36.585338,349.27,,1,1,1,1,,3558
55758.5,-0.242,-0.419,0.747,0.126,0.099,-0.022,9.637,329.17,31.35,16.1,0,0,37.691434,350.27,,1,1,1,1,,3558.5
55759,-0.294,-0.514,0.652,-0.02,0.136,0.043,9.562,329.17,31.35,16.1,0,0,37.691434,350.27,,1,1,1,1,,3559
55759.5,-0.322,-0.577,0.488,-0.179,0.168,0.065,9.495,329.27,32.28,15.2,0,0,38.809553,349.47,,1,1,1,1,,3559.5
55760,-0.33,-0.597,0.268,-0.326,0.174,0.078,9.49,329.27,32.28,15.2,0,0,38.809553,349.47,,1,1,1,1,,3560
55760.5,-0.318,-0.57,0.015,-0.438,0.161,0.082,9.524,329.37,30.43,8.2,0,0,36.585338,342.57,,1,1,1,1,,3560.5
55761,-0.286,-0.502,-0.242,-0.494,0.123,0.037,9.619,329.37,30.43,8.2,0,0,36.585338,342.57,,1,1,1,1,,3561
55761.5,-0.245,-0.399,-0.468,-0.483,0.075,-0.004,9.732,329.27,28.4,8.4,0,0,34.144712,342.67,,1,1,1,1,,3561.5
55762,-0.197,-0.278,-0.635,-0.407,0.012,-0.059,9.873,329.27,28.4,8.4,0,0,34.144712,342.67,,1,1,1,1,,3562
55762.5,-0.15,-0.155,-0.719,-0.272,-0.037,-0.134,9.999,329.27,26.56,6.7,0,0,31.932519,340.97,,1,1,1,1,,3562.5
55763,-0.108,-0.043,-0.707,-0.095,-0.084,-0.148,10.117,329.27,26.56,6.7,0,0,31.932519,340.97,,1,1,1,1,,3563
55763.5,-0.07,0.038,-0.598,0.101,-0.112,-0.135,10.19,329.17,26.56,10.7,0,0,31.932519,344.87,,1,1,1,1,,3563.5
55764,-0.034,0.08,-0.407,0.284,-0.119,-0.127,10.209,329.17,26.56,10.7,0,0,31.932519,344.87,,1,1,1,1,,3564
55764.5,-0.004,0.078,-0.161,0.424,-0.094,-0.059,10.149,329.17,27.48,10,0,0,33.038616,344.17,,1,1,1,1,,3564.5
55765,0.02,0.033,0.1,0.486,-0.05,-0.008,10.03,329.17,27.48,10,0,0,33.038616,344.17,,1,1,1,1,,3565
55765.5,0.038,-0.043,0.332,0.469,0.006,0.022,9.871,329.17,26.56,11.8,0,0,31.932519,345.97,,1,1,1,1,,3565.5
55766,0.049,-0.135,0.496,0.362,0.074,0.051,9.685,329.17,26.56,11.8,0,0,31.932519,345.97,,1,1,1,1,,3566
55766.5,0.052,-0.222,0.564,0.194,0.12,0.072,9.544,329.27,26.56,7.9,0,0,31.932519,342.17,,1,1,1,1,,3566.5
55767,0.044,-0.293,0.526,-0.014,0.156,0.075,9.429,329.27,26.56,7.9,0,0,31.932519,342.17,,1,1,1,1,,3567
55767.5,0.026,-0.331,0.387,-0.217,0.16,0.111,9.413,329.27,28.4,9.4,0,0,34.144712,343.67,,1,1,1,1,,3567.5
55768,0.002,-0.335,0.178,-0.378,0.153,0.107,9.445,329.27,28.4,9.4,0,0,34.144712,343.67,,1,1,1,1,,3568
55768.5,-0.02,-0.305,-0.063,-0.468,0.107,0.092,9.569,329.37,28.4,9.7,0,0,34.144712,344.07,,1,1,1,1,,3568.5
55769,-0.034,-0.251,-0.291,-0.479,0.063,0.08,9.691,329.37,28.4,9.7,0,0,34.144712,344.07,,1,1,1,1,,3569
55769.5,-0.041,-0.182,-0.471,-0.421,0.018,0.031,9.832,329.27,28.4,11.9,0,0,34.144712,346.17,,1,1,1,1,,3569.5
55770,-0.033,-0.11,-0.575,-0.301,-0.019,-0.001,9.959,329.27,28.4,11.9,0,0,34.144712,346.17,,1,1,1,1,,3570
55770.5,-0.019,-0.045,-0.592,-0.144,-0.049,-0.045,10.062,329.17,27.48,7.5,0,0,33.038616,341.67,,1,1,1,1,,3570.5
55771,-0.001,0.002,-0.518,0.033,-0.066,-0.051,10.129,329.17,27.48,7.5,0,0,33.038616,341.67,,1,1,1,1,,3571
55771.5,0.013,0.024,-0.365,0.205,-0.076,-0.057,10.167,329.07,28.4,9.4,0,0,34.144712,343.47,,1,1,1,1,,3571.5
55772,0.015,0.012,-0.152,0.363,-0.087,-0.086,10.188,329.07,28.4,9.4,0,0,34.144712,343.47,,1,1,1,1,,3572
55772.5,0.002,-0.029,0.099,0.483,-0.074,-0.113,10.149,329.07,27.48,8.2,0,0,33.038616,342.27,,1,1,1,1,,3572.5
55773,-0.028,-0.096,0.358,0.558,-0.057,-0.095,10.09,329.07,27.48,8.2,0,0,33.038616,342.27,,1,1,1,1,,3573
55773.5,-0.076,-0.187,0.595,0.571,-0.025,-0.083,9.989,329.07,29.33,7.9,0,0,35.262831,341.97,,1,1,1,1,,3573.5
55774,-0.132,-0.289,0.781,0.52,0.024,-0.078,9.863,329.07,29.33,7.9,0,0,35.262831,341.97,,1,1,1,1,,3574
55774.5,-0.189,-0.391,0.89,0.403,0.081,-0.035,9.715,329.17,29.33,8,0,0,35.262831,342.17,,1,1,1,1,,3574.5
55775,-0.242,-0.48,0.901,0.23,0.128,0.006,9.575,329.17,29.33,8,0,0,35.262831,342.17,,1,1,1,1,,3575
55775.5,-0.292,-0.544,0.806,0.016,0.168,0.02,9.445,329.27,29.33,8.5,0,0,35.262831,342.77,,1,1,1,1,,3575.5
55776,-0.328,-0.573,0.608,-0.217,0.186,0.041,9.36,329.27,29.33,8.5,0,0,35.262831,342.77,,1,1,1,1,,3576
55776.5,-0.352,-0.558,0.322,-0.437,0.186,0.077,9.329,329.37,31.35,8.6,0,0,37.691434,342.97,,1,1,1,1,,3576.5
55777,-0.365,-0.502,-0.022,-0.616,0.168,0.079,9.356,329.37,31.35,8.6,0,0,37.691434,342.97,,1,1,1,1,,3577
55777.5,-0.363,-0.407,-0.385,-0.731,0.135,0.063,9.433,329.37,31.35,7.3,0,0,37.691434,341.67,,1,1,1,1,,3577.5
55778,-0.349,-0.282,-0.727,-0.774,0.091,0.008,9.548,329.37,31.35,7.3,0,0,37.691434,341.67,,1,1,1,1,,3578
55778.5,-0.327,-0.135,-1.009,-0.727,0.033,-0.064,9.716,329.27,31.35,7,0,0,37.691434,341.27,,1,1,1,1,,3578.5
55779,-0.295,0.015,-1.195,-0.598,-0.017,-0.143,9.883,329.27,31.35,7,0,0,37.691434,341.27,,1,1,1,1,,3579
55779.5,-0.255,0.149,-1.257,-0.389,-0.084,-0.183,10.084,329.17,29.33,7,0,0,35.262831,341.17,,1,1,1,1,,3579.5
55780,-0.204,0.253,-1.18,-0.128,-0.125,-0.195,10.226,329.17,29.33,7,0,0,35.262831,341.17,,1,1,1,1,,3580
55780.5,-0.151,0.313,-0.97,0.155,-0.159,-0.16,10.343,329.17,30.43,7.7,0,0,36.585338,341.87,,1,1,1,1,,3580.5
55781,-0.096,0.319,-0.644,0.429,-0.163,-0.09,10.38,329.17,30.43,7.7,0,0,36.585338,341.87,,1,1,1,1,,3581
55781.5,-0.047,0.274,-0.237,0.658,-0.158,-0.051,10.371,329.07,30.43,8.6,0,0,36.585338,342.67,,1,1,1,1,,3581.5
55782,-0.002,0.178,0.208,0.822,-0.13,-0.022,10.294,329.07,30.43,8.6,0,0,36.585338,342.67,,1,1,1,1,,3582
55782.5,0.035,0.04,0.641,0.893,-0.077,-0.001,10.156,329.07,29.33,7.8,0,0,35.262831,341.87,,1,1,1,1,,3582.5
55783,0.07,-0.122,1.015,0.878,-0.027,-0.008,10.012,329.07,29.33,7.8,0,0,35.262831,341.87,,1,1,1,1,,3583
55783.5,0.101,-0.299,1.292,0.769,0.039,0.006,9.831,329.17,30.43,7.8,0,0,36.585338,341.97,,1,1,1,1,,3583.5
55784,0.135,-0.466,1.443,0.59,0.092,0.024,9.675,329.17,30.43,7.8,0,0,36.585338,341.97,,1,1,1,1,,3584
55784.5,0.171,-0.611,1.451,0.343,0.163,0.029,9.482,329.27,29.33,8.4,0,0,35.262831,342.67,,1,1,1,1,,3584.5
55785,0.206,-0.717,1.311,0.057,0.197,0.035,9.357,329.27,29.33,8.4,0,0,35.262831,342.67,,1,1,1,1,,3585
55785.5,0.242,-0.772,1.034,-0.249,0.238,0.052,9.23,329.37,29.33,6.9,0,0,35.262831,341.27,,1,1,1,1,,3585.5
55786,0.269,-0.768,0.639,-0.54,0.245,0.073,9.19,329.37,29.33,6.9,0,0,35.262831,341.27,,1,1,1,1,,3586
55786.5,0.279,-0.704,0.166,-0.786,0.232,0.111,9.19,329.37,29.33,7.9,0,0,35.262831,342.27,,1,1,1,1,,3586.5
55787,0.269,-0.581,-0.341,-0.962,0.186,0.207,9.285,329.37,29.33,7.9,0,0,35.262831,342.27,,1,1,1,1,,3587
55787.5,0.237,-0.415,-0.83,-1.038,0.143,0.263,9.414,329.37,29.33,9.1,0,0,35.262831,343.47,,1,1,1,1,,3587.5
55788,0.186,-0.216,-1.25,-1.016,0.077,0.265,9.601,329.37,29.33,9.1,0,0,35.262831,343.47,,1,1,1,1,,3588
55788.5,0.117,-0.008,-1.554,-0.879,-0.001,0.187,9.828,329.37,29.33,9.5,0,0,35.262831,343.87,,1,1,1,1,,3588.5
55789,0.044,0.189,-1.706,-0.651,-0.067,0.099,10.035,329.37,29.33,9.5,0,0,35.262831,343.87,,1,1,1,1,,3589
55789.5,-0.03,0.356,-1.686,-0.346,-0.137,-0.023,10.245,329.27,28.4,7.8,0,0,34.144712,342.07,,1,1,1,1,,3589.5
55790,-0.097,0.473,-1.492,-0.008,-0.179,-0.093,10.378,329.27,28.4,7.8,0,0,34.144712,342.07,,1,1,1,1,,3590
55790.5,-0.152,0.531,-1.144,0.336,-0.202,-0.153,10.472,329.17,28.4,5.6,0,0,34.144712,339.77,,1,1,1,1,,3590.5
55791,-0.195,0.52,-0.675,0.648,-0.203,-0.214,10.494,329.17,28.4,5.6,0,0,34.144712,339.77,,1,1,1,1,,3591
55791.5,-0.219,0.444,-0.13,0.902,-0.195,-0.248,10.469,329.07,28.4,5.8,0,0,34.144712,339.87,,1,1,1,1,,3591.5
55792,-0.221,0.31,0.439,1.074,-0.163,-0.265,10.377,329.07,28.4,5.8,0,0,34.144712,339.87,,1,1,1,1,,3592
55792.5,-0.208,0.127,0.978,1.147,-0.11,-0.24,10.234,329.17,30.43,8.9,0,0,36.585338,343.07,,1,1,1,1,,3592.5
55793,-0.189,-0.092,1.435,1.117,-0.053,-0.145,10.054,329.17,30.43,8.9,0,0,36.585338,343.07,,1,1,1,1,,3593
55793.5,-0.173,-0.324,1.768,0.981,0.014,-0.049,9.848,329.17,29.33,7.2,0,0,35.262831,341.37,,1,1,1,1,,3593.5
55794,-0.168,-0.549,1.939,0.745,0.098,0.043,9.617,329.17,29.33,7.2,0,0,35.262831,341.37,,1,1,1,1,,3594
55794.5,-0.181,-0.744,1.928,0.43,0.173,0.111,9.406,329.37,29.33,9.2,0,0,35.262831,343.57,,1,1,1,1,,3594.5
55795,-0.211,-0.888,1.73,0.062,0.245,0.151,9.215,329.37,29.33,9.2,0,0,35.262831,343.57,,1,1,1,1,,3595
55795.5,-0.257,-0.966,1.357,-0.326,0.292,0.142,9.085,329.37,28.4,9.2,0,0,34.144712,343.57,,1,1,1,1,,3595.5
55796,-0.311,-0.97,0.84,-0.693,0.312,0.087,9.026,329.37,28.4,9.2,0,0,34.144712,343.57,,1,1,1,1,,3596
55796.5,-0.369,-0.892,0.225,-1.001,0.304,0.036,9.052,329.47,27.48,6.9,0,0,33.038616,341.37,,1,1,1,1,,3596.5
55797,-0.422,-0.744,-0.426,-1.208,0.252,-0.062,9.178,329.47,27.48,6.9,0,0,33.038616,341.37,,1,1,1,1,,3597
55797.5,-0.465,-0.537,-1.045,-1.286,0.17,-0.139,9.379,329.57,28.4,4.2,0,0,34.144712,338.77,,1,1,1,1,,3597.5
55798,-0.496,-0.295,-1.563,-1.224,0.073,-0.202,9.627,329.57,28.4,4.2,0,0,34.144712,338.77,,1,1,1,1,,3598
55798.5,-0.513,-0.039,-1.925,-1.034,-0.023,-0.172,9.888,329.57,28.4,4.8,0,0,34.144712,339.37,,1,1,1,1,,3598.5
55799,-0.513,0.2,-2.092,-0.734,-0.115,-0.151,10.138,329.57,28.4,4.8,0,0,34.144712,339.37,,1,1,1,1,,3599
55799.5,-0.495,0.4,-2.046,-0.364,-0.191,-0.121,10.342,329.57,28.4,0.9,0,0,34.144712,335.47,,1,1,1,1,,3599.5
55800,-0.458,0.543,-1.797,0.031,-0.233,-0.037,10.474,329.57,28.4,0.9,0,0,34.144712,335.47,,1,1,1,1,,3600
55800.5,-0.403,0.616,-1.377,0.402,-0.238,0.025,10.51,329.47,28.4,4.4,0,0,34.144712,338.87,,1,1,1,1,,3600.5
55801,-0.334,0.616,-0.838,0.709,-0.219,0.013,10.473,329.47,28.4,4.4,0,0,34.144712,338.87,,1,1,1,1,,3601
55801.5,-0.252,0.548,-0.241,0.928,-0.188,-0.003,10.383,329.37,29.33,1.9,0,0,35.262831,336.27,,1,1,1,1,,3601.5
55802,-0.167,0.42,0.354,1.048,-0.144,-0.028,10.258,329.37,29.33,1.9,0,0,35.262831,336.27,,1,1,1,1,,3602
55802.5,-0.084,0.246,0.891,1.066,-0.076,-0.051,10.092,329.37,28.4,2.7,0,0,34.144712,337.07,,1,1,1,1,,3602.5
55803,-0.014,0.043,1.323,0.986,-0.01,-0.027,9.919,329.37,28.4,2.7,0,0,34.144712,337.07,,1,1,1,1,,3603
55803.5,0.037,-0.172,1.618,0.825,0.051,0.002,9.752,329.27,29.33,4.2,0,0,35.262831,338.47,,1,1,1,1,,3603.5
55804,0.065,-0.376,1.756,0.602,0.11,0.013,9.615,329.27,29.33,4.2,0,0,35.262831,338.47,,1,1,1,1,,3604
55804.5,0.067,-0.556,1.738,0.349,0.162,0.016,9.499,329.27,27.48,5.3,0,0,33.038616,339.57,,1,1,1,1,,3604.5
55805,0.047,-0.699,1.575,0.08,0.192,0.017,9.413,329.27,27.48,5.3,0,0,33.038616,339.57,,1,1,1,1,,3605
55805.5,0.013,-0.794,1.288,-0.178,0.208,-0.04,9.375,329.37,28.4,11.1,0,0,34.144712,345.47,,1,1,1,1,,3605.5
55806,-0.023,-0.833,0.908,-0.41,0.224,-0.073,9.354,329.37,28.4,11.1,0,0,34.144712,345.47,,1,1,1,1,,3606
55806.5,-0.057,-0.814,0.472,-0.591,0.2,-0.123,9.395,329.47,28.4,7.8,0,0,34.144712,342.27,,1,1,1,1,,3606.5
55807,-0.083,-0.745,0.021,-0.715,0.172,-0.1,9.45,329.47,28.4,7.8,0,0,34.144712,342.27,,1,1,1,1,,3607
55807.5,-0.1,-0.636,-0.411,-0.776,0.133,-0.038,9.54,329.47,28.4,7.8,0,0,34.144712,342.27,,1,1,1,1,,3607.5
55808,-0.108,-0.495,-0.789,-0.777,0.099,-0.008,9.627,329.47,28.4,7.8,0,0,34.144712,342.27,,1,1,1,1,,3608
55808.5,-0.109,-0.332,-1.089,-0.725,0.067,0.051,9.719,329.57,29.33,13.8,0,0,35.262831,348.37,,1,1,1,1,,3608.5
55809,-0.11,-0.157,-1.294,-0.621,0.022,0.095,9.813,329.57,29.33,13.8,0,0,35.262831,348.37,,1,1,1,1,,3609
55809.5,-0.108,0.016,-1.394,-0.479,-0.032,0.125,9.918,329.57,29.33,11.2,0,0,35.262831,345.77,,1,1,1,1,,3609.5
55810,-0.109,0.17,-1.385,-0.305,-0.076,0.135,10.01,329.57,29.33,11.2,0,0,35.262831,345.77,,1,1,1,1,,3610
55810.5,-0.113,0.301,-1.27,-0.109,-0.115,0.153,10.1,329.57,29.33,10.4,0,0,35.262831,344.97,,1,1,1,1,,3610.5
55811,-0.124,0.391,-1.059,0.099,-0.142,0.128,10.168,329.57,29.33,10.4,0,0,35.262831,344.97,,1,1,1,1,,3611
55811.5,-0.137,0.44,-0.766,0.297,-0.16,0.04,10.209,329.47,29.33,8,0,0,35.262831,342.47,,1,1,1,1,,3611.5
55812,-0.151,0.437,-0.416,0.476,-0.156,-0.04,10.226,329.47,29.33,8,0,0,35.262831,342.47,,1,1,1,1,,3612
55812.5,-0.165,0.384,-0.035,0.614,-0.125,-0.131,10.188,329.47,30.43,9.5,0,0,36.585338,343.97,,1,1,1,1,,3612.5
55813,-0.177,0.285,0.345,0.702,-0.095,-0.189,10.14,329.47,30.43,9.5,0,0,36.585338,343.97,,1,1,1,1,,3613
55813.5,-0.19,0.145,0.694,0.729,-0.041,-0.22,10.04,329.37,29.33,9.6,0,0,35.262831,343.97,,1,1,1,1,,3613.5
55814,-0.206,-0.018,0.979,0.691,0.01,-0.171,9.934,329.37,29.33,9.6,0,0,35.262831,343.97,,1,1,1,1,,3614
55814.5,-0.217,-0.196,1.179,0.595,0.068,-0.125,9.804,329.37,29.33,8.1,0,0,35.262831,342.47,,1,1,1,1,,3614.5
55815,-0.231,-0.372,1.274,0.444,0.109,-0.059,9.681,329.37,29.33,8.1,0,0,35.262831,342.47,,1,1,1,1,,3615
55815.5,-0.234,-0.534,1.26,0.266,0.127,-0.03,9.596,329.47,30.43,12.6,0,0,36.585338,347.07,,1,1,1,1,,3615.5
55816,-0.235,-0.664,1.14,0.062,0.149,0.002,9.504,329.47,30.43,12.6,0,0,36.585338,347.07,,1,1,1,1,,3616
55816.5,-0.228,-0.752,0.924,-0.143,0.167,0.001,9.45,329.57,31.35,14.1,0,0,37.691434,348.67,,1,1,1,1,,3616.5
55817,-0.214,-0.787,0.631,-0.342,0.187,-0.009,9.398,329.57,31.35,14.1,0,0,37.691434,348.67,,1,1,1,1,,3617
55817.5,-0.198,-0.768,0.284,-0.507,0.169,0.01,9.434,329.57,31.35,13,0,0,37.691434,347.57,,1,1,1,1,,3617.5
55818,-0.182,-0.691,-0.083,-0.624,0.166,0.031,9.464,329.57,31.35,13,0,0,37.691434,347.57,,1,1,1,1,,3618
55818.5,-0.17,-0.566,-0.44,-0.691,0.141,0.04,9.541,329.67,31.35,12.4,0,0,37.691434,347.07,,1,1,1,1,,3618.5
55819,-0.165,-0.404,-0.757,-0.698,0.106,0.047,9.623,329.67,31.35,12.4,0,0,37.691434,347.07,,1,1,1,1,,3619
55819.5,-0.165,-0.216,-1.009,-0.653,0.066,0.003,9.725,329.67,31.35,8.4,0,0,37.691434,343.07,,1,1,1,1,,3619.5
55820,-0.174,-0.023,-1.174,-0.545,0.012,-0.044,9.855,329.67,31.35,8.4,0,0,37.691434,343.07,,1,1,1,1,,3620
55820.5,-0.187,0.161,-1.235,-0.385,-0.05,-0.114,9.987,329.67,30.43,9,0,0,36.585338,343.67,,1,1,1,1,,3620.5
55821,-0.212,0.313,-1.184,-0.178,-0.116,-0.166,10.122,329.67,30.43,9,0,0,36.585338,343.67,,1,1,1,1,,3621
55821.5,-0.245,0.419,-1.019,0.051,-0.158,-0.124,10.206,329.57,29.33,11.4,0,0,35.262831,345.97,,1,1,1,1,,3621.5
55822,-0.281,0.468,-0.755,0.284,-0.201,-0.042,10.284,329.57,29.33,11.4,0,0,35.262831,345.97,,1,1,1,1,,3622
55822.5,-0.314,0.451,-0.413,0.494,-0.197,0.021,10.285,329.57,29.33,8.7,0,0,35.262831,343.27,,1,1,1,1,,3622.5
55823,-0.334,0.37,-0.029,0.645,-0.158,0.033,10.224,329.57,29.33,8.7,0,0,35.262831,343.27,,1,1,1,1,,3623
55823.5,-0.331,0.232,0.356,0.728,-0.105,0.037,10.123,329.57,28.4,9.9,0,0,34.144712,344.47,,1,1,1,1,,3623.5
55824,-0.3,0.06,0.697,0.719,-0.023,0.043,9.963,329.57,28.4,9.9,0,0,34.144712,344.47,,1,1,1,1,,3624
55824.5,-0.241,-0.131,0.957,0.632,0.046,-0.007,9.813,329.47,30.43,13.5,0,0,36.585338,347.97,,1,1,1,1,,3624.5
55825,-0.16,-0.317,1.108,0.472,0.116,-0.056,9.656,329.47,30.43,13.5,0,0,36.585338,347.97,,1,1,1,1,,3625
55825.5,-0.063,-0.477,1.136,0.277,0.154,-0.102,9.564,329.47,29.33,14.1,0,0,35.262831,348.57,,1,1,1,1,,3625.5
55826,0.038,-0.597,1.048,0.061,0.191,-0.154,9.474,329.47,29.33,14.1,0,0,35.262831,348.57,,1,1,1,1,,3626
55826.5,0.127,-0.663,0.858,-0.142,0.192,-0.17,9.461,329.47,29.33,9.1,0,0,35.262831,343.57,,1,1,1,1,,3626.5
55827,0.195,-0.672,0.596,-0.314,0.187,-0.124,9.463,329.47,29.33,9.1,0,0,35.262831,343.57,,1,1,1,1,,3627
55827.5,0.228,-0.629,0.291,-0.441,0.152,-0.042,9.532,329.47,29.33,11.6,0,0,35.262831,346.07,,1,1,1,1,,3627.5
55828,0.219,-0.544,-0.019,-0.51,0.123,0.048,9.596,329.47,29.33,11.6,0,0,35.262831,346.07,,1,1,1,1,,3628
55828.5,0.167,-0.422,-0.305,-0.526,0.088,0.091,9.682,329.57,29.33,21.7,0,0,35.262831,356.27,,1,1,1,1,,3628.5
55829,0.074,-0.286,-0.539,-0.486,0.045,0.146,9.77,329.57,29.33,21.7,0,0,35.262831,356.27,,1,1,1,1,,3629
55829.5,-0.046,-0.146,-0.704,-0.407,-0.004,0.169,9.866,329.77,29.33,17.2,0,0,35.262831,351.97,,1,1,1,1,,3629.5
55830,-0.179,-0.018,-0.789,-0.289,-0.038,0.151,9.946,329.77,29.33,17.2,0,0,35.262831,351.97,,1,1,1,1,,3630
55830.5,-0.307,0.081,-0.791,-0.155,-0.065,0.143,10.002,329.77,30.43,13.5,0,0,36.585338,348.27,,1,1,1,1,,3630.5
55831,-0.415,0.145,-0.716,-0.012,-0.088,0.076,10.05,329.77,30.43,13.5,0,0,36.585338,348.27,,1,1,1,1,,3631
55831.5,-0.492,0.172,-0.578,0.118,-0.091,0.019,10.056,329.77,29.33,9.7,0,0,35.262831,344.47,,1,1,1,1,,3631.5
55832,-0.53,0.161,-0.393,0.233,-0.095,-0.068,10.057,329.77,29.33,9.7,0,0,35.262831,344.47,,1,1,1,1,,3632
55832.5,-0.529,0.113,-0.183,0.312,-0.076,-0.111,10.014,329.67,27.48,12.4,0,0,33.038616,347.07,,1,1,1,1,,3632.5
55833,-0.494,0.041,0.027,0.356,-0.048,-0.177,9.969,329.67,27.48,12.4,0,0,33.038616,347.07,,1,1,1,1,,3633
55833.5,-0.433,-0.046,0.218,0.354,0.006,-0.246,9.878,329.57,27.48,14.1,0,0,33.038616,348.67,,1,1,1,1,,3633.5
55834,-0.348,-0.138,0.368,0.315,0.036,-0.289,9.82,329.57,27.48,14.1,0,0,33.038616,348.67,,1,1,1,1,,3634
55834.5,-0.252,-0.224,0.463,0.235,0.086,-0.29,9.722,329.47,28.4,13.3,0,0,34.144712,347.77,,1,1,1,1,,3634.5
55835,-0.153,-0.29,0.493,0.126,0.116,-0.253,9.662,329.47,28.4,13.3,0,0,34.144712,347.77,,1,1,1,1,,3635
55835.5,-0.067,-0.331,0.458,0.005,0.142,-0.183,9.596,329.47,27.48,14.6,0,0,33.038616,349.07,,1,1,1,1,,3635.5
55836,-0.002,-0.342,0.365,-0.113,0.136,-0.073,9.59,329.47,27.48,14.6,0,0,33.038616,349.07,,1,1,1,1,,3636
55836.5,0.032,-0.32,0.231,-0.206,0.118,0.025,9.606,329.57,26.56,12.9,0,0,31.932519,347.47,,1,1,1,1,,3636.5
55837,0.034,-0.274,0.076,-0.264,0.084,0.11,9.671,329.57,26.56,12.9,0,0,31.932519,347.47,,1,1,1,1,,3637
55837.5,-0.002,-0.215,-0.072,-0.268,0.043,0.154,9.758,329.67,28.4,12,0,0,34.144712,346.67,,1,1,1,1,,3637.5
55838,-0.066,-0.152,-0.19,-0.233,0.006,0.175,9.842,329.67,28.4,12,0,0,34.144712,346.67,,1,1,1,1,,3638
55838.5,-0.15,-0.098,-0.262,-0.157,-0.033,0.131,9.932,329.87,29.33,15.2,0,0,35.262831,350.07,,1,1,1,1,,3638.5
55839,-0.238,-0.061,-0.281,-0.069,-0.035,0.093,9.957,329.87,29.33,15.2,0,0,35.262831,350.07,,1,1,1,1,,3639
55839.5,-0.315,-0.047,-0.25,0.026,-0.048,0.046,9.988,329.87,32.28,16.2,0,0,38.809553,351.07,,1,1,1,1,,3639.5
55840,-0.367,-0.054,-0.18,0.101,-0.034,0.025,9.963,329.87,32.28,16.2,0,0,38.809553,351.07,,1,1,1,1,,3640
55840.5,-0.391,-0.081,-0.088,0.152,-0.014,0.02,9.935,329.87,32.28,15.8,0,0,38.809553,350.67,,1,1,1,1,,3640.5
55841,-0.381,-0.12,0.007,0.166,0.025,0.006,9.86,329.87,32.28,15.8,0,0,38.809553,350.67,,1,1,1,1,,3641
55841.5,-0.345,-0.159,0.087,0.147,0.047,-0.042,9.807,329.77,30.43,14.3,0,0,36.585338,349.07,,1,1,1,1,,3641.5
55842,-0.28,-0.196,0.14,0.103,0.067,-0.093,9.747,329.77,30.43,14.3,0,0,36.585338,349.07,,1,1,1,1,,3642
55842.5,-0.201,-0.219,0.157,0.043,0.077,-0.172,9.717,329.67,30.43,10,0,0,36.585338,344.67,,1,1,1,1,,3642.5
55843,-0.116,-0.227,0.143,-0.013,0.067,-0.238,9.719,329.67,30.43,10,0,0,36.585338,344.67,,1,1,1,1,,3643
55843.5,-0.038,-0.217,0.107,-0.05,0.051,-0.26,9.753,329.67,30.43,13.5,0,0,36.585338,348.17,,1,1,1,1,,3643.5
55844,0.027,-0.196,0.064,-0.055,0.024,-0.268,9.815,329.67,30.43,13.5,0,0,36.585338,348.17,,1,1,1,1,,3644
55844.5,0.073,-0.168,0.032,-0.03,-0.001,-0.176,9.876,329.57,29.33,13,0,0,35.262831,347.57,,1,1,1,1,,3644.5
55845,0.093,-0.146,0.022,0.02,-0.02,-0.081,9.935,329.57,29.33,13,0,0,35.262831,347.57,,1,1,1,1,,3645
55845.5,0.087,-0.132,0.04,0.082,-0.028,0.04,9.961,329.77,28.4,12.8,0,0,34.144712,347.57,,1,1,1,1,,3645.5
55846,0.055,-0.136,0.083,0.14,-0.039,0.133,9.973,329.77,28.4,12.8,0,0,34.144712,347.57,,1,1,1,1,,3646
55846.5,0.006,-0.157,0.14,0.17,-0.01,0.197,9.915,329.97,27.48,11.8,0,0,33.038616,346.77,,1,1,1,1,,3646.5
55847,-0.057,-0.191,0.191,0.161,0.023,0.237,9.837,329.97,27.48,11.8,0,0,33.038616,346.77,,1,1,1,1,,3647
55847.5,-0.121,-0.235,0.218,0.109,0.056,0.258,9.736,330.07,28.4,8.6,0,0,34.144712,343.67,,1,1,1,1,,3647.5
55848,-0.18,-0.273,0.202,0.013,0.088,0.219,9.641,330.07,28.4,8.6,0,0,34.144712,343.67,,1,1,1,1,,3648
55848.5,-0.231,-0.3,0.135,-0.108,0.123,0.186,9.553,330.17,28.4,8.7,0,0,34.144712,343.87,,1,1,1,1,,3648.5
55849,-0.271,-0.306,0.014,-0.245,0.147,0.124,9.493,330.17,28.4,8.7,0,0,34.144712,343.87,,1,1,1,1,,3649
55849.5,-0.307,-0.286,-0.151,-0.365,0.142,-0.001,9.494,330.07,29.33,6.9,0,0,35.262831,341.97,,1,1,1,1,,3649.5
55850,-0.339,-0.237,-0.341,-0.459,0.137,-0.131,9.521,330.07,29.33,6.9,0,0,35.262831,341.97,,1,1,1,1,,3650
55850.5,-0.368,-0.16,-0.53,-0.495,0.094,-0.261,9.617,329.97,29.33,8.2,0,0,35.262831,343.17,,1,1,1,1,,3650.5
55851,-0.398,-0.067,-0.686,-0.472,0.049,-0.339,9.731,329.97,29.33,8.2,0,0,35.262831,343.17,,1,1,1,1,,3651
55851.5,-0.42,0.033,-0.782,-0.376,-0.011,-0.327,9.885,329.77,30.43,9.4,0,0,36.585338,344.17,,1,1,1,1,,3651.5
55852,-0.435,0.127,-0.793,-0.219,-0.07,-0.269,10.038,329.77,30.43,9.4,0,0,36.585338,344.17,,1,1,1,1,,3652
55852.5,-0.437,0.203,-0.704,-0.01,-0.125,-0.2,10.189,329.77,31.35,10.6,0,0,37.691434,345.37,,1,1,1,1,,3652.5
55853,-0.431,0.248,-0.512,0.232,-0.162,-0.164,10.312,329.77,31.35,10.6,0,0,37.691434,345.37,,1,1,1,1,,3653
55853.5,-0.415,0.25,-0.223,0.482,-0.184,-0.127,10.39,329.77,31.35,15.7,0,0,37.691434,350.47,,1,1,1,1,,3653.5
55854,-0.393,0.203,0.14,0.706,-0.189,-0.076,10.405,329.77,31.35,15.7,0,0,37.691434,350.47,,1,1,1,1,,3654
55854.5,-0.375,0.102,0.54,0.868,-0.154,-0.046,10.335,329.97,32.28,16.9,0,0,38.809553,351.87,,1,1,1,1,,3654.5
55855,-0.36,-0.042,0.93,0.942,-0.088,0.018,10.2,329.97,32.28,16.9,0,0,38.809553,351.87,,1,1,1,1,,3655
55855.5,-0.356,-0.222,1.26,0.909,-0.015,0.06,10.001,330.07,31.35,15,0,0,37.691434,350.07,,1,1,1,1,,3655.5
55856,-0.362,-0.418,1.482,0.76,0.07,0.098,9.759,330.07,31.35,15,0,0,37.691434,350.07,,1,1,1,1,,3656
55856.5,-0.379,-0.606,1.554,0.499,0.163,0.085,9.486,330.07,30.43,13.5,0,0,36.585338,348.57,,1,1,1,1,,3656.5
55857,-0.399,-0.762,1.448,0.149,0.235,0.02,9.242,330.07,30.43,13.5,0,0,36.585338,348.57,,1,1,1,1,,3657
55857.5,-0.416,-0.862,1.16,-0.254,0.295,-0.017,9.046,330.17,29.33,8.6,0,0,35.262831,343.77,,1,1,1,1,,3657.5
55858,-0.423,-0.891,0.704,-0.661,0.328,-0.076,8.94,330.17,29.33,8.6,0,0,35.262831,343.77,,1,1,1,1,,3658
55858.5,-0.414,-0.836,0.123,-1.018,0.323,-0.091,8.937,330.17,27.48,9.2,0,0,33.038616,344.37,,1,1,1,1,,3658.5
55859,-0.393,-0.697,-0.523,-1.28,0.293,-0.092,9.035,330.17,27.48,9.2,0,0,33.038616,344.37,,1,1,1,1,,3659
55859.5,-0.368,-0.483,-1.159,-1.404,0.212,-0.047,9.247,330.17,27.48,8.9,0,0,33.038616,344.07,,1,1,1,1,,3659.5
55860,-0.338,-0.215,-1.708,-1.367,0.101,-0.036,9.539,330.17,27.48,8.9,0,0,33.038616,344.07,,1,1,1,1,,3660
55860.5,-0.309,0.075,-2.097,-1.165,-0.018,-0.043,9.88,330.07,29.33,12.7,0,0,35.262831,347.77,,1,1,1,1,,3660.5
55861,-0.282,0.351,-2.266,-0.805,-0.151,-0.057,10.233,330.07,29.33,12.7,0,0,35.262831,347.77,,1,1,1,1,,3661
55861.5,-0.252,0.582,-2.183,-0.341,-0.25,-0.102,10.519,329.97,29.33,9.7,0,0,35.262831,344.67,,1,1,1,1,,3661.5
55862,-0.217,0.743,-1.848,0.184,-0.321,-0.145,10.748,329.97,29.33,9.7,0,0,35.262831,344.67,,1,1,1,1,,3662
55862.5,-0.167,0.807,-1.289,0.694,-0.35,-0.161,10.843,329.97,30.43,14.2,0,0,36.585338,349.17,,1,1,1,1,,3662.5
55863,-0.1,0.771,-0.569,1.135,-0.347,-0.136,10.838,329.97,30.43,14.2,0,0,36.585338,349.17,,1,1,1,1,,3663
55863.5,-0.019,0.637,0.234,1.448,-0.292,-0.108,10.698,329.87,29.33,16.9,0,0,35.262831,351.77,,1,1,1,1,,3663.5
55864,0.075,0.416,1.03,1.61,-0.214,-0.07,10.485,329.87,29.33,16.9,0,0,35.262831,351.77,,1,1,1,1,,3664
55864.5,0.169,0.131,1.733,1.6,-0.106,-0.01,10.198,329.87,28.4,15.9,0,0,34.144712,350.77,,1,1,1,1,,3664.5
55865,0.263,-0.188,2.266,1.424,0.014,0.04,9.878,329.87,28.4,15.9,0,0,34.144712,350.77,,1,1,1,1,,3665
55865.5,0.345,-0.51,2.571,1.095,0.138,0.071,9.528,329.97,27.48,16.7,0,0,33.038616,351.67,,1,1,1,1,,3665.5
55866,0.412,-0.803,2.611,0.646,0.241,0.096,9.224,329.97,27.48,16.7,0,0,33.038616,351.67,,1,1,1,1,,3666
55866.5,0.453,-1.038,2.38,0.125,0.337,0.124,8.968,330.07,28.4,15.9,0,0,34.144712,350.97,,1,1,1,1,,3666.5
55867,0.465,-1.184,1.897,-0.414,0.395,0.127,8.805,330.07,28.4,15.9,0,0,34.144712,350.97,,1,1,1,1,,3667
55867.5,0.447,-1.227,1.211,-0.915,0.41,0.129,8.745,330.17,28.4,11.3,0,0,34.144712,346.47,,1,1,1,1,,3667.5
55868,0.402,-1.164,0.393,-1.319,0.384,0.154,8.82,330.17,28.4,11.3,0,0,34.144712,346.47,,1,1,1,1,,3668
55868.5,0.331,-0.999,-0.471,-1.58,0.314,0.195,8.997,330.27,26.56,8.9,0,0,31.932519,344.17,,1,1,1,1,,3668.5
55869,0.244,-0.751,-1.287,-1.673,0.217,0.201,9.261,330.27,26.56,8.9,0,0,31.932519,344.17,,1,1,1,1,,3669
55869.5,0.149,-0.445,-1.969,-1.589,0.11,0.214,9.571,330.27,28.4,6.1,0,0,34.144712,341.37,,1,1,1,1,,3669.5
55870,0.053,-0.113,-2.447,-1.344,-0.012,0.184,9.901,330.27,28.4,6.1,0,0,34.144712,341.37,,1,1,1,1,,3670
55870.5,-0.04,0.21,-2.675,-0.967,-0.13,0.118,10.207,330.27,28.4,9.4,0,0,34.144712,344.67,,1,1,1,1,,3670.5
55871,-0.124,0.497,-2.634,-0.506,-0.212,0.043,10.451,330.27,28.4,9.4,0,0,34.144712,344.67,,1,1,1,1,,3671
55871.5,-0.194,0.721,-2.333,-0.001,-0.283,-0.024,10.642,330.17,27.48,9.2,0,0,33.038616,344.37,,1,1,1,1,,3671.5
55872,-0.252,0.858,-1.807,0.492,-0.323,-0.087,10.74,330.17,27.48,9.2,0,0,33.038616,344.37,,1,1,1,1,,3672
55872.5,-0.304,0.896,-1.111,0.93,-0.33,-0.154,10.762,329.97,26.56,11.5,0,0,31.932519,346.47,,1,1,1,1,,3672.5
55873,-0.348,0.834,-0.315,1.271,-0.3,-0.214,10.679,329.97,26.56,11.5,0,0,31.932519,346.47,,1,1,1,1,,3673
55873.5,-0.392,0.679,0.502,1.487,-0.249,-0.293,10.534,329.87,26.56,12.8,0,0,31.932519,347.67,,1,1,1,1,,3673.5
55874,-0.433,0.444,1.262,1.557,-0.162,-0.364,10.301,329.87,26.56,12.8,0,0,31.932519,347.67,,1,1,1,1,,3674
55874.5,-0.466,0.153,1.891,1.471,-0.065,-0.376,10.031,329.87,27.48,13.6,0,0,33.038616,348.47,,1,1,1,1,,3674.5
55875,-0.487,-0.164,2.33,1.244,0.049,-0.337,9.733,329.87,27.48,13.6,0,0,33.038616,348.47,,1,1,1,1,,3675
55875.5,-0.497,-0.476,2.534,0.892,0.158,-0.277,9.449,329.97,26.56,13.3,0,0,31.932519,348.27,,1,1,1,1,,3675.5
55876,-0.49,-0.751,2.489,0.46,0.254,-0.15,9.207,329.97,26.56,13.3,0,0,31.932519,348.27,,1,1,1,1,,3676
55876.5,-0.462,-0.967,2.201,-0.015,0.325,-0.026,9.023,330.27,26.56,9.6,0,0,31.932519,344.87,,1,1,1,1,,3676.5
55877,-0.413,-1.1,1.702,-0.471,0.345,0.078,8.956,330.27,26.56,9.6,0,0,31.932519,344.87,,1,1,1,1,,3677
55877.5,-0.343,-1.137,1.049,-0.871,0.352,0.162,8.952,330.37,26.56,8.5,0,0,31.932519,343.87,,1,1,1,1,,3677.5
55878,-0.261,-1.08,0.31,-1.166,0.308,0.176,9.065,330.37,26.56,8.5,0,0,31.932519,343.87,,1,1,1,1,,3678
55878.5,-0.171,-0.937,-0.436,-1.337,0.254,0.186,9.216,330.37,26.56,1.8,0,0,31.932519,337.17,,1,1,1,1,,3678.5
55879,-0.088,-0.727,-1.118,-1.374,0.175,0.171,9.438,330.37,26.56,1.8,0,0,31.932519,337.17,,1,1,1,1,,3679
55879.5,-0.018,-0.467,-1.672,-1.281,0.098,0.121,9.654,330.47,25.64,5.9,0,0,30.826423,341.37,,1,1,1,1,,3679.5
55880,0.031,-0.185,-2.054,-1.078,0.006,0.062,9.896,330.47,25.64,5.9,0,0,30.826423,341.37,,1,1,1,1,,3680
55880.5,0.058,0.091,-2.233,-0.78,-0.071,0.007,10.111,330.37,25.64,12.4,0,0,30.826423,347.77,,1,1,1,1,,3680.5
55881,0.066,0.339,-2.2,-0.42,-0.144,-0.022,10.305,330.37,25.64,12.4,0,0,30.826423,347.77,,1,1,1,1,,3681
55881.5,0.061,0.537,-1.962,-0.022,-0.207,-0.046,10.465,330.27,25.64,10.9,0,0,30.826423,346.17,,1,1,1,1,,3681.5
55882,0.049,0.666,-1.543,0.371,-0.241,-0.064,10.553,330.27,25.64,10.9,0,0,30.826423,346.17,,1,1,1,1,,3682
55882.5,0.044,0.713,-0.983,0.734,-0.267,-0.065,10.594,330.27,25.64,12.9,0,0,30.826423,348.17,,1,1,1,1,,3682.5
55883,0.056,0.674,-0.337,1.019,-0.246,-0.051,10.53,330.27,25.64,12.9,0,0,30.826423,348.17,,1,1,1,1,,3683
55883.5,0.089,0.556,0.332,1.206,-0.212,-0.054,10.418,330.17,26.56,13.2,0,0,31.932519,348.37,,1,1,1,1,,3683.5
55884,0.143,0.365,0.961,1.269,-0.142,-0.068,10.219,330.17,26.56,13.2,0,0,31.932519,348.37,,1,1,1,1,,3684
55884.5,0.212,0.124,1.483,1.198,-0.052,-0.036,9.983,330.17,27.48,15,0,0,33.038616,350.17,,1,1,1,1,,3684.5
55885,0.297,-0.138,1.846,1.004,0.048,0.024,9.726,330.17,27.48,15,0,0,33.038616,350.17,,1,1,1,1,,3685
55885.5,0.377,-0.398,2.012,0.692,0.16,0.043,9.449,330.17,27.48,12.2,0,0,33.038616,347.37,,1,1,1,1,,3685.5
55886,0.447,-0.623,1.96,0.307,0.249,0.042,9.231,330.17,27.48,12.2,0,0,33.038616,347.37,,1,1,1,1,,3686
55886.5,0.495,-0.789,1.697,-0.117,0.312,0.036,9.059,330.17,29.33,6.7,0,0,35.262831,341.87,,1,1,1,1,,3686.5
55887,0.513,-0.881,1.253,-0.512,0.309,0.046,9.04,330.17,29.33,6.7,0,0,35.262831,341.87,,1,1,1,1,,3687
55887.5,0.497,-0.894,0.686,-0.836,0.3,0.05,9.083,330.27,30.43,6,0,0,36.585338,341.27,,1,1,1,1,,3687.5
55888,0.445,-0.823,0.066,-1.038,0.23,0.061,9.26,330.27,30.43,6,0,0,36.585338,341.27,,1,1,1,1,,3688
55888.5,0.358,-0.689,-0.528,-1.106,0.159,0.088,9.46,330.47,31.35,355.7,0,0,37.691434,331.17,,1,1,1,1,,3688.5
55889,0.233,-0.508,-1.03,-1.04,0.077,0.106,9.715,330.47,31.35,355.7,0,0,37.691434,331.17,,1,1,1,1,,3689
55889.5,0.081,-0.309,-1.383,-0.848,-0.004,0.14,9.961,330.57,32.28,0.9,0,0,38.809553,336.47,,1,1,1,1,,3689.5
55890,-0.094,-0.112,-1.557,-0.573,-0.071,0.157,10.169,330.57,32.28,0.9,0,0,38.809553,336.47,,1,1,1,1,,3690
55890.5,-0.283,0.056,-1.541,-0.248,-0.116,0.173,10.314,330.77,33.2,359.6,0,0,39.915649,335.37,,1,1,1,1,,3690.5
55891,-0.469,0.187,-1.353,0.076,-0.141,0.158,10.38,330.77,33.2,359.6,0,0,39.915649,335.37,,1,1,1,1,,3691
55891.5,-0.634,0.262,-1.027,0.368,-0.153,0.07,10.383,330.77,32.28,1.3,0,0,38.809553,337.07,,1,1,1,1,,3691.5
55892,-0.763,0.283,-0.613,0.586,-0.133,-0.032,10.301,330.77,32.28,1.3,0,0,38.809553,337.07,,1,1,1,1,,3692
55892.5,-0.841,0.255,-0.167,0.721,-0.11,-0.15,10.195,330.77,30.43,358.8,0,0,36.585338,334.57,,1,1,1,1,,3692.5
55893,-0.861,0.182,0.257,0.755,-0.048,-0.242,10.018,330.77,30.43,358.8,0,0,36.585338,334.57,,1,1,1,1,,3693
55893.5,-0.826,0.083,0.611,0.704,-0.015,-0.303,9.885,330.57,27.48,2.4,0,0,33.038616,337.97,,1,1,1,1,,3693.5
55894,-0.739,-0.035,0.865,0.577,0.045,-0.349,9.713,330.57,27.48,2.4,0,0,33.038616,337.97,,1,1,1,1,,3694
55894.5,-0.615,-0.155,0.994,0.389,0.096,-0.358,9.584,330.37,27.48,3.2,0,0,33.038616,338.57,,1,1,1,1,,3694.5
55895,-0.462,-0.261,0.996,0.167,0.142,-0.339,9.46,330.37,27.48,3.2,0,0,33.038616,338.57,,1,1,1,1,,3695
55895.5,-0.3,-0.345,0.874,-0.072,0.161,-0.304,9.394,330.27,29.33,5.6,0,0,35.262831,340.87,,1,1,1,1,,3695.5
55896,-0.136,-0.395,0.648,-0.292,0.174,-0.231,9.367,330.27,29.33,5.6,0,0,35.262831,340.87,,1,1,1,1,,3696
55896.5,0.017,-0.403,0.35,-0.479,0.175,-0.119,9.384,330.37,30.43,1.2,0,0,36.585338,336.57,,1,1,1,1,,3696.5
55897,0.143,-0.374,0.019,-0.593,0.132,0.022,9.49,330.37,30.43,1.2,0,0,36.585338,336.57,,1,1,1,1,,3697
55897.5,0.239,-0.314,-0.301,-0.633,0.096,0.137,9.61,330.57,30.43,8.4,0,0,36.585338,343.97,,1,1,1,1,,3697.5
55898,0.303,-0.231,-0.567,-0.576,0.029,0.217,9.808,330.57,30.43,8.4,0,0,36.585338,343.97,,1,1,1,1,,3698
55898.5,0.33,-0.142,-0.738,-0.431,-0.025,0.266,9.989,330.67,31.35,6.1,0,0,37.691434,341.77,,1,1,1,1,,3698.5
55899,0.324,-0.064,-0.788,-0.211,-0.08,0.311,10.172,330.67,31.35,6.1,0,0,37.691434,341.77,,1,1,1,1,,3699
55899.5,0.285,-0.011,-0.708,0.037,-0.102,0.315,10.267,330.77,30.43,1.4,0,0,36.585338,337.17,,1,1,1,1,,3699.5
55900,0.226,0.009,-0.514,0.282,-0.111,0.282,10.318,330.77,30.43,1.4,0,0,36.585338,337.17,,1,1,1,1,,3700
55900.5,0.158,-0.005,-0.236,0.477,-0.081,0.234,10.256,330.77,29.33,356.5,0,0,35.262831,332.27,,1,1,1,1,,3700.5
55901,0.092,-0.054,0.079,0.597,-0.048,0.169,10.164,330.77,29.33,356.5,0,0,35.262831,332.27,,1,1,1,1,,3701
55901.5,0.041,-0.125,0.384,0.63,0.006,0.048,10.002,330.67,29.33,353.3,0,0,35.262831,328.97,,1,1,1,1,,3701.5
55902,0.012,-0.211,0.632,0.569,0.045,-0.075,9.845,330.67,29.33,353.3,0,0,35.262831,328.97,,1,1,1,1,,3702
55902.5,0.007,-0.296,0.79,0.444,0.084,-0.179,9.703,330.57,28.4,9.5,0,0,34.144712,345.07,,1,1,1,1,,3702.5
55903,0.031,-0.371,0.843,0.267,0.117,-0.285,9.589,330.57,28.4,9.5,0,0,34.144712,345.07,,1,1,1,1,,3703
55903.5,0.074,-0.426,0.791,0.078,0.132,-0.302,9.525,330.37,29.33,5.8,0,0,35.262831,341.17,,1,1,1,1,,3703.5
55904,0.129,-0.457,0.644,-0.118,0.144,-0.25,9.462,330.37,29.33,5.8,0,0,35.262831,341.17,,1,1,1,1,,3704
55904.5,0.184,-0.461,0.421,-0.296,0.138,-0.143,9.45,330.37,29.33,0.7,0,0,35.262831,336.07,,1,1,1,1,,3704.5
55905,0.23,-0.435,0.146,-0.452,0.141,0.002,9.437,330.37,29.33,0.7,0,0,35.262831,336.07,,1,1,1,1,,3705
55905.5,0.256,-0.381,-0.156,-0.566,0.121,0.13,9.482,330.37,29.33,0.8,0,0,35.262831,336.17,,1,1,1,1,,3705.5
55906,0.255,-0.303,-0.455,-0.634,0.11,0.236,9.531,330.37,29.33,0.8,0,0,35.262831,336.17,,1,1,1,1,,3706
55906.5,0.231,-0.206,-0.723,-0.645,0.076,0.295,9.631,330.47,27.48,0.3,0,0,33.038616,335.77,,1,1,1,1,,3706.5
55907,0.179,-0.097,-0.932,-0.592,0.043,0.312,9.742,330.47,27.48,0.3,0,0,33.038616,335.77,,1,1,1,1,,3707
55907.5,0.109,0.013,-1.058,-0.471,-0.019,0.256,9.913,330.47,26.56,12.1,0,0,31.932519,347.57,,1,1,1,1,,3707.5
55908,0.027,0.111,-1.076,-0.281,-0.07,0.183,10.076,330.47,26.56,12.1,0,0,31.932519,347.57,,1,1,1,1,,3708
55908.5,-0.063,0.183,-0.976,-0.043,-0.117,0.086,10.223,330.47,25.64,8,0,0,30.826423,343.47,,1,1,1,1,,3708.5
55909,-0.154,0.217,-0.757,0.218,-0.14,-0.015,10.316,330.47,25.64,8,0,0,30.826423,343.47,,1,1,1,1,,3709
55909.5,-0.235,0.208,-0.44,0.461,-0.144,-0.086,10.348,330.37,26.56,9.7,0,0,31.932519,345.07,,1,1,1,1,,3709.5
55910,-0.309,0.156,-0.059,0.656,-0.122,-0.141,10.307,330.37,26.56,9.7,0,0,31.932519,345.07,,1,1,1,1,,3710
55910.5,-0.378,0.066,0.34,0.767,-0.062,-0.18,10.182,330.27,25.64,7.2,0,0,30.826423,342.47,,1,1,1,1,,3710.5
55911,-0.44,-0.053,0.708,0.788,-0.004,-0.211,10.03,330.27,25.64,7.2,0,0,30.826423,342.47,,1,1,1,1,,3711
55911.5,-0.498,-0.187,0.998,0.706,0.067,-0.241,9.834,330.17,26.56,359.1,0,0,31.932519,334.27,,1,1,1,1,,3711.5
55912,-0.543,-0.32,1.174,0.541,0.126,-0.246,9.658,330.17,26.56,359.1,0,0,31.932519,334.27,,1,1,1,1,,3712
55912.5,-0.564,-0.434,1.214,0.31,0.173,-0.223,9.485,330.17,28.4,355,0,0,34.144712,330.17,,1,1,1,1,,3712.5
55913,-0.555,-0.513,1.114,0.047,0.188,-0.19,9.386,330.17,28.4,355,0,0,34.144712,330.17,,1,1,1,1,,3713
55913.5,-0.509,-0.555,0.889,-0.214,0.202,-0.145,9.317,330.17,28.4,1.8,0,0,34.144712,336.97,,1,1,1,1,,3713.5
55914,-0.424,-0.553,0.567,-0.447,0.191,-0.071,9.325,330.17,28.4,1.8,0,0,34.144712,336.97,,1,1,1,1,,3714
55914.5,-0.305,-0.504,0.189,-0.614,0.159,-0.008,9.395,330.17,31.35,354.1,0,0,37.691434,329.27,,1,1,1,1,,3714.5
55915,-0.162,-0.418,-0.198,-0.7,0.106,0.018,9.525,330.17,31.35,354.1,0,0,37.691434,329.27,,1,1,1,1,,3715
55915.5,-0.008,-0.306,-0.541,-0.682,0.037,0.043,9.709,330.07,32.28,354.4,0,0,38.809553,329.47,,1,1,1,1,,3715.5
55916,0.141,-0.19,-0.797,-0.567,-0.036,0.055,9.916,330.07,32.28,354.4,0,0,38.809553,329.47,,1,1,1,1,,3716
55916.5,0.273,-0.084,-0.929,-0.367,-0.094,0.033,10.103,329.97,32.28,347.6,0,0,38.809553,322.57,,1,1,1,1,,3716.5
55917,0.379,-0.008,-0.923,-0.121,-0.128,0.06,10.231,329.97,32.28,347.6,0,0,38.809553,322.57,,1,1,1,1,,3717
55917.5,0.445,0.024,-0.786,0.138,-0.146,0.107,10.305,329.97,32.28,354.2,0,0,38.809553,329.17,,1,1,1,1,,3717.5
55918,0.467,0.016,-0.544,0.359,-0.115,0.135,10.276,329.97,32.28,354.2,0,0,38.809553,329.17,,1,1,1,1,,3718
55918.5,0.451,-0.037,-0.242,0.509,-0.065,0.167,10.181,329.97,32.28,357.3,0,0,38.809553,332.27,,1,1,1,1,,3718.5
55919,0.405,-0.12,0.068,0.563,0.005,0.14,10.011,329.97,32.28,357.3,0,0,38.809553,332.27,,1,1,1,1,,3719
55919.5,0.346,-0.214,0.334,0.516,0.064,0.091,9.825,329.97,31.35,356.3,0,0,37.691434,331.27,,1,1,1,1,,3719.5
55920,0.282,-0.304,0.512,0.375,0.126,0.067,9.622,329.97,31.35,356.3,0,0,37.691434,331.27,,1,1,1,1,,3720
55920.5,0.227,-0.369,0.575,0.168,0.17,0.037,9.464,329.97,31.35,355.1,0,0,37.691434,330.07,,1,1,1,1,,3720.5
55921,0.193,-0.397,0.515,-0.069,0.193,0.043,9.362,329.97,31.35,355.1,0,0,37.691434,330.07,,1,1,1,1,,3721
55921.5,0.189,-0.378,0.348,-0.292,0.187,0.053,9.35,329.97,32.28,1.9,0,0,38.809553,336.87,,1,1,1,1,,3721.5
55922,0.216,-0.316,0.108,-0.461,0.159,0.073,9.406,329.97,32.28,1.9,0,0,38.809553,336.87,,1,1,1,1,,3722
55922.5,0.268,-0.217,-0.161,-0.555,0.104,0.098,9.534,329.87,32.28,357.8,0,0,38.809553,332.67,,1,1,1,1,,3722.5
55923,0.335,-0.099,-0.411,-0.557,0.055,0.118,9.689,329.87,32.28,357.8,0,0,38.809553,332.67,,1,1,1,1,,3723
55923.5,0.401,0.02,-0.6,-0.472,0,0.111,9.866,329.77,31.35,0.1,0,0,37.691434,334.87,,1,1,1,1,,3723.5
55924,0.454,0.121,-0.693,-0.31,-0.056,0.078,10.034,329.77,31.35,0.1,0,0,37.691434,334.87,,1,1,1,1,,3724
55924.5,0.474,0.186,-0.675,-0.097,-0.107,0.063,10.175,329.57,31.35,359.4,0,0,37.691434,333.97,,1,1,1,1,,3724.5
55925,0.457,0.206,-0.544,0.137,-0.132,0.052,10.261,329.57,31.35,359.4,0,0,37.691434,333.97,,1,1,1,1,,3725
55925.5,0.393,0.178,-0.317,0.358,-0.139,0.044,10.294,329.47,31.35,2.6,0,0,37.691434,337.07,,1,1,1,1,,3725.5
55926,0.288,0.098,-0.022,0.545,-0.135,0.027,10.283,329.47,31.35,2.6,0,0,37.691434,337.07,,1,1,1,1,,3726
55926.5,0.157,-0.021,0.305,0.674,-0.106,-0.041,10.213,329.57,31.35,2,0,0,37.691434,336.57,,1,1,1,1,,3726.5
55927,0.01,-0.172,0.625,0.731,-0.065,-0.063,10.109,329.57,31.35,2,0,0,37.691434,336.57,,1,1,1,1,,3727
55927.5,-0.133,-0.334,0.896,0.699,0.009,-0.068,9.938,329.57,30.43,5.2,0,0,36.585338,339.77,,1,1,1,1,,3727.5
55928,-0.263,-0.49,1.079,0.577,0.084,-0.102,9.749,329.57,30.43,5.2,0,0,36.585338,339.77,,1,1,1,1,,3728
55928.5,-0.367,-0.621,1.142,0.373,0.151,-0.063,9.559,329.67,32.28,5.6,0,0,38.809553,340.27,,1,1,1,1,,3728.5
55929,-0.433,-0.708,1.07,0.11,0.214,-0.07,9.391,329.67,32.28,5.6,0,0,38.809553,340.27,,1,1,1,1,,3729
55929.5,-0.457,-0.745,0.862,-0.18,0.254,-0.058,9.269,329.67,31.35,5.8,0,0,37.691434,340.47,,1,1,1,1,,3729.5
55930,-0.436,-0.717,0.536,-0.46,0.258,-0.051,9.226,329.67,31.35,5.8,0,0,37.691434,340.47,,1,1,1,1,,3730
55930.5,-0.376,-0.631,0.13,-0.691,0.238,-0.075,9.252,329.67,32.28,359.4,0,0,38.809553,334.07,,1,1,1,1,,3730.5
55931,-0.281,-0.492,-0.311,-0.842,0.186,-0.039,9.364,329.67,32.28,359.4,0,0,38.809553,334.07,,1,1,1,1,,3731
55931.5,-0.168,-0.323,-0.73,-0.89,0.113,-0.003,9.531,329.57,30.43,0.5,0,0,36.585338,335.07,,1,1,1,1,,3731.5
55932,-0.047,-0.139,-1.076,-0.832,0.035,0.024,9.723,329.57,30.43,0.5,0,0,36.585338,335.07,,1,1,1,1,,3732
55932.5,0.069,0.035,-1.306,-0.678,-0.035,0.017,9.912,329.47,29.33,2.2,0,0,35.262831,336.67,,1,1,1,1,,3732.5
55933,0.171,0.183,-1.397,-0.46,-0.094,0.045,10.07,329.47,29.33,2.2,0,0,35.262831,336.67,,1,1,1,1,,3733
55933.5,0.256,0.289,-1.342,-0.205,-0.132,0.053,10.178,329.37,29.33,7.7,0,0,35.262831,342.07,,1,1,1,1,,3733.5
55934,0.316,0.351,-1.156,0.05,-0.144,0.053,10.234,329.37,29.33,7.7,0,0,35.262831,342.07,,1,1,1,1,,3734
55934.5,0.348,0.368,-0.865,0.288,-0.148,0.154,10.274,329.37,28.4,6.5,0,0,34.144712,340.87,,1,1,1,1,,3734.5
55935,0.351,0.337,-0.498,0.491,-0.131,0.161,10.254,329.37,28.4,6.5,0,0,34.144712,340.87,,1,1,1,1,,3735
55935.5,0.332,0.266,-0.094,0.643,-0.113,0.156,10.219,329.27,28.4,10.9,0,0,34.144712,345.17,,1,1,1,1,,3735.5
55936,0.293,0.161,0.311,0.737,-0.083,0.133,10.149,329.27,28.4,10.9,0,0,34.144712,345.17,,1,1,1,1,,3736
55936.5,0.25,0.034,0.684,0.77,-0.045,0.048,10.069,329.27,28.4,9.5,0,0,34.144712,343.77,,1,1,1,1,,3736.5
55937,0.211,-0.107,0.995,0.744,0.008,-0.047,9.968,329.27,28.4,9.5,0,0,34.144712,343.77,,1,1,1,1,,3737
55937.5,0.185,-0.252,1.222,0.662,0.054,-0.115,9.866,329.07,30.43,4.7,0,0,36.585338,338.77,,1,1,1,1,,3737.5
55938,0.178,-0.389,1.349,0.534,0.098,-0.127,9.754,329.07,30.43,4.7,0,0,36.585338,338.77,,1,1,1,1,,3738
55938.5,0.196,-0.513,1.369,0.363,0.126,-0.165,9.648,329.07,31.35,3.1,0,0,37.691434,337.17,,1,1,1,1,,3738.5
55939,0.232,-0.614,1.279,0.167,0.146,-0.11,9.559,329.07,31.35,3.1,0,0,37.691434,337.17,,1,1,1,1,,3739
55939.5,0.287,-0.688,1.089,-0.044,0.167,-0.051,9.478,328.97,32.28,3.8,0,0,38.809553,337.77,,1,1,1,1,,3739.5
55940,0.354,-0.725,0.81,-0.254,0.18,-0.018,9.421,328.97,32.28,3.8,0,0,38.809553,337.77,,1,1,1,1,,3740
55940.5,0.422,-0.725,0.465,-0.451,0.186,0.046,9.377,328.97,33.2,3.2,0,0,39.915649,337.17,,1,1,1,1,,3740.5
55941,0.484,-0.685,0.075,-0.619,0.167,0.112,9.384,328.97,33.2,3.2,0,0,39.915649,337.17,,1,1,1,1,,3741
55941.5,0.531,-0.605,-0.328,-0.742,0.155,0.218,9.418,329.07,33.2,3.8,0,0,39.915649,337.87,,1,1,1,1,,3741.5
55942,0.553,-0.491,-0.714,-0.806,0.116,0.26,9.507,329.07,33.2,3.8,0,0,39.915649,337.87,,1,1,1,1,,3742
55942.5,0.539,-0.351,-1.047,-0.799,0.082,0.333,9.616,329.07,33.2,5.5,0,0,39.915649,339.57,,1,1,1,1,,3742.5
55943,0.489,-0.195,-1.297,-0.719,0.025,0.331,9.768,329.07,33.2,5.5,0,0,39.915649,339.57,,1,1,1,1,,3743
55943.5,0.398,-0.036,-1.438,-0.569,-0.029,0.245,9.914,329.17,33.2,1.6,0,0,39.915649,335.77,,1,1,1,1,,3743.5
55944,0.273,0.111,-1.457,-0.374,-0.061,0.225,10.032,329.17,33.2,1.6,0,0,39.915649,335.77,,1,1,1,1,,3744
55944.5,0.127,0.237,-1.352,-0.15,-0.091,0.151,10.131,329.07,33.2,3.3,0,0,39.915649,337.37,,1,1,1,1,,3744.5
55945,-0.027,0.332,-1.138,0.076,-0.108,0.083,10.187,329.07,33.2,3.3,0,0,39.915649,337.37,,1,1,1,1,,3745
55945.5,-0.176,0.385,-0.835,0.285,-0.111,0.001,10.209,328.97,33.2,1.7,0,0,39.915649,335.67,,1,1,1,1,,3745.5
55946,-0.306,0.399,-0.474,0.458,-0.101,-0.072,10.194,328.97,33.2,1.7,0,0,39.915649,335.67,,1,1,1,1,,3746
55946.5,-0.401,0.371,-0.085,0.593,-0.096,-0.178,10.169,328.77,32.28,2.3,0,0,38.809553,336.07,,1,1,1,1,,3746.5
55947,-0.457,0.301,0.3,0.672,-0.067,-0.298,10.094,328.77,32.28,2.3,0,0,38.809553,336.07,,1,1,1,1,,3747
55947.5,-0.471,0.196,0.649,0.696,-0.041,-0.365,10.022,328.67,31.35,1.6,0,0,37.691434,335.27,,1,1,1,1,,3747.5
55948,-0.436,0.066,0.939,0.671,-0.015,-0.406,9.938,328.67,31.35,1.6,0,0,37.691434,335.27,,1,1,1,1,,3748
55948.5,-0.363,-0.078,1.152,0.6,0.012,-0.323,9.862,328.47,31.35,2.8,0,0,37.691434,336.27,,1,1,1,1,,3748.5
55949,-0.259,-0.23,1.276,0.496,0.046,-0.216,9.788,328.47,31.35,2.8,0,0,37.691434,336.27,,1,1,1,1,,3749
55949.5,-0.132,-0.38,1.309,0.367,0.076,-0.125,9.723,328.47,32.28,3,0,0,38.809553,336.47,,1,1,1,1,,3749.5
55950,0.005,-0.513,1.256,0.228,0.092,-0.045,9.679,328.47,32.28,3,0,0,38.809553,336.47,,1,1,1,1,,3750
55950.5,0.138,-0.631,1.126,0.085,0.104,0.015,9.638,328.47,32.28,3.1,0,0,38.809553,336.57,,1,1,1,1,,3750.5
55951,0.258,-0.72,0.932,-0.049,0.109,0.1,9.625,328.47,32.28,3.1,0,0,38.809553,336.57,,1,1,1,1,,3751
55951.5,0.346,-0.776,0.692,-0.176,0.129,0.16,9.59,328.57,31.35,3.8,0,0,37.691434,337.37,,1,1,1,1,,3751.5
55952,0.394,-0.796,0.42,-0.288,0.128,0.232,9.586,328.57,31.35,3.8,0,0,37.691434,337.37,,1,1,1,1,,3752
55952.5,0.389,-0.781,0.131,-0.386,0.131,0.237,9.566,328.67,31.35,2.1,0,0,37.691434,335.77,,1,1,1,1,,3752.5
55953,0.334,-0.728,-0.161,-0.469,0.125,0.247,9.573,328.67,31.35,2.1,0,0,37.691434,335.77,,1,1,1,1,,3753
55953.5,0.236,-0.644,-0.444,-0.537,0.134,0.239,9.555,328.77,32.28,2.9,0,0,38.809553,336.67,,1,1,1,1,,3753.5
55954,0.111,-0.526,-0.71,-0.59,0.127,0.154,9.554,328.77,32.28,2.9,0,0,38.809553,336.67,,1,1,1,1,,3754
55954.5,-0.024,-0.38,-0.949,-0.63,0.123,0.119,9.548,328.67,32.28,1.5,0,0,38.809553,335.17,,1,1,1,1,,3754.5
55955,-0.156,-0.209,-1.155,-0.651,0.101,0.035,9.57,328.67,32.28,1.5,0,0,38.809553,335.17,,1,1,1,1,,3755
55955.5,-0.263,-0.023,-1.317,-0.638,0.072,-0.05,9.62,328.77,33.2,355.8,0,0,39.915649,329.57,,1,1,1,1,,3755.5
55956,-0.337,0.171,-1.422,-0.585,0.032,-0.092,9.713,328.77,33.2,355.8,0,0,39.915649,329.57,,1,1,1,1,,3756
55956.5,-0.365,0.352,-1.451,-0.465,-0.034,-0.123,9.868,328.57,33.2,0.7,0,0,39.915649,334.27,,1,1,1,1,,3756.5
55957,-0.342,0.506,-1.382,-0.277,-0.101,-0.171,10.044,328.57,33.2,0.7,0,0,39.915649,334.27,,1,1,1,1,,3757
55957.5,-0.278,0.613,-1.198,-0.017,-0.194,-0.191,10.255,328.37,33.2,3.4,0,0,39.915649,336.77,,1,1,1,1,,3757.5
55958,-0.175,0.657,-0.888,0.288,-0.236,-0.178,10.408,328.37,33.2,3.4,0,0,39.915649,336.77,,1,1,1,1,,3758
55958.5,-0.049,0.625,-0.462,0.612,-0.273,-0.132,10.54,328.17,33.2,4.4,0,0,39.915649,337.57,,1,1,1,1,,3758.5
55959,0.087,0.517,0.059,0.911,-0.264,-0.106,10.567,328.17,33.2,4.4,0,0,39.915649,337.57,,1,1,1,1,,3759
55959.5,0.214,0.337,0.628,1.138,-0.218,-0.045,10.502,328.17,32.28,4.6,0,0,38.809553,337.77,,1,1,1,1,,3759.5
55960,0.313,0.094,1.19,1.265,-0.151,0.047,10.364,328.17,32.28,4.6,0,0,38.809553,337.77,,1,1,1,1,,3760
55960.5,0.367,-0.189,1.683,1.259,-0.044,0.117,10.124,328.07,32.28,5.2,0,0,38.809553,338.27,,1,1,1,1,,3760.5
55961,0.37,-0.487,2.044,1.108,0.069,0.161,9.843,328.07,32.28,5.2,0,0,38.809553,338.27,,1,1,1,1,,3761
55961.5,0.32,-0.765,2.22,0.819,0.19,0.169,9.521,328.17,32.28,4.1,0,0,38.809553,337.27,,1,1,1,1,,3761.5
55962,0.219,-0.994,2.173,0.411,0.296,0.191,9.215,328.17,32.28,4.1,0,0,38.809553,337.27,,1,1,1,1,,3762
55962.5,0.077,-1.146,1.893,-0.065,0.371,0.162,8.974,328.17,30.43,3.8,0,0,36.585338,336.97,,1,1,1,1,,3762.5
55963,-0.091,-1.197,1.397,-0.556,0.396,0.14,8.841,328.17,30.43,3.8,0,0,36.585338,336.97,,1,1,1,1,,3763
55963.5,-0.276,-1.14,0.734,-0.986,0.37,0.089,8.845,328.37,31.35,3.4,0,0,37.691434,336.77,,1,1,1,1,,3763.5
55964,-0.458,-0.981,-0.022,-1.311,0.309,-0.01,8.952,328.37,31.35,3.4,0,0,37.691434,336.77,,1,1,1,1,,3764
55964.5,-0.617,-0.739,-0.786,-1.482,0.213,-0.143,9.175,328.37,32.28,2.7,0,0,38.809553,336.07,,1,1,1,1,,3764.5
55965,-0.742,-0.44,-1.471,-1.492,0.112,-0.27,9.439,328.37,32.28,2.7,0,0,38.809553,336.07,,1,1,1,1,,3765
55965.5,-0.821,-0.11,-2,-1.329,-0.027,-0.345,9.795,328.27,35.04,3,0,0,42.127842,336.27,,1,1,1,1,,3765.5
55966,-0.849,0.205,-2.313,-1.018,-0.11,-0.383,10.092,328.27,35.04,3,0,0,42.127842,336.27,,1,1,1,1,,3766
55966.5,-0.819,0.475,-2.372,-0.587,-0.233,-0.363,10.418,328.07,35.04,5.7,0,0,42.127842,338.77,,1,1,1,1,,3766.5
55967,-0.737,0.663,-2.169,-0.085,-0.307,-0.249,10.651,328.07,35.04,5.7,0,0,42.127842,338.77,,1,1,1,1,,3767
55967.5,-0.614,0.758,-1.726,0.418,-0.338,-0.155,10.767,328.07,35.04,11.9,0,0,42.127842,344.97,,1,1,1,1,,3767.5
55968,-0.47,0.747,-1.096,0.88,-0.354,-0.087,10.818,328.07,35.04,11.9,0,0,42.127842,344.97,,1,1,1,1,,3768
55968.5,-0.325,0.627,-0.349,1.217,-0.275,0.001,10.639,327.97,32.28,12.7,0,0,38.809553,345.67,,1,1,1,1,,3768.5
55969,-0.186,0.424,0.417,1.41,-0.236,0.085,10.488,327.97,32.28,12.7,0,0,38.809553,345.67,,1,1,1,1,,3769
55969.5,-0.073,0.155,1.119,1.428,-0.091,0.095,10.137,327.97,31.35,7.8,0,0,37.691434,340.77,,1,1,1,1,,3769.5
55970,0,-0.139,1.67,1.276,0.002,0.095,9.872,327.97,31.35,7.8,0,0,37.691434,340.77,,1,1,1,1,,3770
55970.5,0.02,-0.431,2.016,0.987,0.135,0.111,9.518,327.97,31.35,7,0,0,37.691434,339.97,,1,1,1,1,,3770.5
55971,-0.008,-0.679,2.116,0.577,0.23,0.089,9.266,327.97,31.35,7,0,0,37.691434,339.97,,1,1,1,1,,3771
55971.5,-0.08,-0.858,1.972,0.131,0.307,0.052,9.071,327.97,31.35,7.6,0,0,37.691434,340.57,,1,1,1,1,,3771.5
55972,-0.184,-0.949,1.604,-0.331,0.351,0.063,8.964,327.97,31.35,7.6,0,0,37.691434,340.57,,1,1,1,1,,3772
55972.5,-0.297,-0.946,1.066,-0.723,0.348,0.032,8.981,328.07,30.43,5,0,0,36.585338,338.07,,1,1,1,1,,3772.5
55973,-0.401,-0.854,0.423,-1.037,0.322,-0.045,9.047,328.07,30.43,5,0,0,36.585338,338.07,,1,1,1,1,,3773
55973.5,-0.472,-0.686,-0.248,-1.207,0.236,-0.135,9.261,328.07,30.43,3.7,0,0,36.585338,336.77,,1,1,1,1,,3773.5
55974,-0.503,-0.465,-0.868,-1.249,0.167,-0.175,9.456,328.07,30.43,3.7,0,0,36.585338,336.77,,1,1,1,1,,3774
55974.5,-0.482,-0.217,-1.37,-1.137,0.039,-0.202,9.756,327.97,30.43,3.8,0,0,36.585338,336.77,,1,1,1,1,,3774.5
55975,-0.415,0.028,-1.699,-0.912,-0.036,-0.236,9.967,327.97,30.43,3.8,0,0,36.585338,336.77,,1,1,1,1,,3775
55975.5,-0.312,0.245,-1.831,-0.594,-0.143,-0.236,10.223,327.87,33.2,9.4,0,0,39.915649,342.27,,1,1,1,1,,3775.5
55976,-0.182,0.409,-1.754,-0.225,-0.208,-0.216,10.372,327.87,33.2,9.4,0,0,39.915649,342.27,,1,1,1,1,,3776
55976.5,-0.049,0.507,-1.488,0.155,-0.258,-0.141,10.506,327.77,33.2,10.8,0,0,39.915649,343.57,,1,1,1,1,,3776.5
55977,0.075,0.533,-1.062,0.522,-0.273,-0.037,10.546,327.77,33.2,10.8,0,0,39.915649,343.57,,1,1,1,1,,3777
55977.5,0.177,0.481,-0.523,0.829,-0.271,0.028,10.538,327.67,33.2,9.7,0,0,39.915649,342.37,,1,1,1,1,,3777.5
55978,0.251,0.359,0.072,1.06,-0.241,0.069,10.468,327.67,33.2,9.7,0,0,39.915649,342.37,,1,1,1,1,,3778
55978.5,0.3,0.181,0.664,1.177,-0.162,0.08,10.302,327.77,32.28,11.1,0,0,38.809553,343.87,,1,1,1,1,,3778.5
55979,0.321,-0.036,1.189,1.181,-0.081,0.122,10.123,327.77,32.28,11.1,0,0,38.809553,343.87,,1,1,1,1,,3779
55979.5,0.315,-0.272,1.593,1.054,0.04,0.174,9.856,327.77,32.28,10.1,0,0,38.809553,342.87,,1,1,1,1,,3779.5
55980,0.287,-0.501,1.829,0.811,0.143,0.216,9.609,327.77,32.28,10.1,0,0,38.809553,342.87,,1,1,1,1,,3780
55980.5,0.242,-0.699,1.867,0.469,0.251,0.252,9.337,327.87,31.35,11.9,0,0,37.691434,344.77,,1,1,1,1,,3780.5
55981,0.184,-0.84,1.696,0.064,0.31,0.219,9.143,327.87,31.35,11.9,0,0,37.691434,344.77,,1,1,1,1,,3781
55981.5,0.115,-0.91,1.33,-0.361,0.354,0.159,8.993,327.97,30.43,8.8,0,0,36.585338,341.77,,1,1,1,1,,3781.5
55982,0.035,-0.895,0.803,-0.755,0.339,0.044,8.965,327.97,30.43,8.8,0,0,36.585338,341.77,,1,1,1,1,,3782
55982.5,-0.054,-0.8,0.174,-1.069,0.297,-0.041,9.022,327.97,31.35,9.1,0,0,37.691434,342.07,,1,1,1,1,,3782.5
55983,-0.152,-0.633,-0.489,-1.267,0.217,-0.098,9.181,327.97,31.35,9.1,0,0,37.691434,342.07,,1,1,1,1,,3783
55983.5,-0.249,-0.412,-1.107,-1.317,0.119,-0.122,9.413,327.97,31.35,8.7,0,0,37.691434,341.67,,1,1,1,1,,3783.5
55984,-0.337,-0.164,-1.609,-1.219,0.008,-0.117,9.701,327.97,31.35,8.7,0,0,37.691434,341.67,,1,1,1,1,,3784
55984.5,-0.407,0.081,-1.935,-0.978,-0.086,-0.122,9.986,327.87,32.28,10.3,0,0,38.809553,343.17,,1,1,1,1,,3784.5
55985,-0.449,0.303,-2.05,-0.638,-0.155,-0.14,10.238,327.87,32.28,10.3,0,0,38.809553,343.17,,1,1,1,1,,3785
55985.5,-0.463,0.475,-1.94,-0.22,-0.238,-0.169,10.476,327.67,31.35,10.4,0,0,37.691434,343.07,,1,1,1,1,,3785.5
55986,-0.447,0.582,-1.618,0.211,-0.241,-0.187,10.58,327.67,31.35,10.4,0,0,37.691434,343.07,,1,1,1,1,,3786
55986.5,-0.411,0.612,-1.121,0.622,-0.266,-0.184,10.66,327.57,31.35,10.9,0,0,37.691434,343.47,,1,1,1,1,,3786.5
55987,-0.356,0.562,-0.504,0.95,-0.226,-0.166,10.579,327.57,31.35,10.9,0,0,37.691434,343.47,,1,1,1,1,,3787
55987.5,-0.302,0.443,0.16,1.169,-0.185,-0.105,10.463,327.57,32.28,12.2,0,0,38.809553,344.77,,1,1,1,1,,3787.5
55988,-0.262,0.264,0.798,1.252,-0.103,-0.052,10.233,327.57,32.28,12.2,0,0,38.809553,344.77,,1,1,1,1,,3788
55988.5,-0.247,0.051,1.339,1.198,-0.038,-0.039,10.021,327.67,31.35,6.8,0,0,37.691434,339.47,,1,1,1,1,,3788.5
55989,-0.261,-0.175,1.73,1.025,0.053,-0.031,9.762,327.67,31.35,6.8,0,0,37.691434,339.47,,1,1,1,1,,3789
55989.5,-0.304,-0.39,1.934,0.753,0.12,-0.017,9.557,327.87,30.43,10.2,0,0,36.585338,343.07,,1,1,1,1,,3789.5
55990,-0.369,-0.575,1.941,0.428,0.177,-0.02,9.384,327.87,30.43,10.2,0,0,36.585338,343.07,,1,1,1,1,,3790
55990.5,-0.44,-0.72,1.758,0.07,0.221,0.005,9.253,327.97,30.43,10.4,0,0,36.585338,343.37,,1,1,1,1,,3790.5
55991,-0.511,-0.811,1.411,-0.271,0.244,0.031,9.197,327.97,30.43,10.4,0,0,36.585338,343.37,,1,1,1,1,,3791
55991.5,-0.565,-0.839,0.942,-0.576,0.249,0.033,9.187,327.97,30.43,6.2,0,0,36.585338,339.17,,1,1,1,1,,3791.5
55992,-0.595,-0.806,0.401,-0.806,0.226,0.011,9.259,327.97,30.43,6.2,0,0,36.585338,339.17,,1,1,1,1,,3792
55992.5,-0.603,-0.72,-0.158,-0.958,0.203,-0.051,9.341,328.07,30.43,7.8,0,0,36.585338,340.87,,1,1,1,1,,3792.5
55993,-0.585,-0.587,-0.683,-1.009,0.143,-0.098,9.502,328.07,30.43,7.8,0,0,36.585338,340.87,,1,1,1,1,,3793
55993.5,-0.543,-0.421,-1.126,-0.976,0.104,-0.169,9.623,327.97,29.33,10.4,0,0,35.262831,343.37,,1,1,1,1,,3793.5
55994,-0.48,-0.235,-1.456,-0.862,0.04,-0.235,9.793,327.97,29.33,10.4,0,0,35.262831,343.37,,1,1,1,1,,3794
55994.5,-0.394,-0.04,-1.649,-0.684,-0.003,-0.222,9.924,327.97,29.33,18.2,0,0,35.262831,351.17,,1,1,1,1,,3794.5
55995,-0.293,0.141,-1.695,-0.453,-0.073,-0.178,10.085,327.97,29.33,18.2,0,0,35.262831,351.17,,1,1,1,1,,3795
55995.5,-0.174,0.295,-1.591,-0.187,-0.121,-0.15,10.192,327.87,31.35,19.4,0,0,37.691434,352.27,,1,1,1,1,,3795.5
55996,-0.047,0.411,-1.354,0.084,-0.156,-0.09,10.278,327.87,31.35,19.4,0,0,37.691434,352.27,,1,1,1,1,,3796
55996.5,0.083,0.481,-1.004,0.35,-0.176,-0.057,10.323,327.77,29.33,10.1,0,0,35.262831,342.87,,1,1,1,1,,3796.5
55997,0.204,0.496,-0.575,0.577,-0.187,0.006,10.332,327.77,29.33,10.1,0,0,35.262831,342.87,,1,1,1,1,,3797
55997.5,0.304,0.455,-0.102,0.755,-0.168,0.088,10.288,327.87,29.33,13.6,0,0,35.262831,346.47,,1,1,1,1,,3797.5
55998,0.368,0.362,0.369,0.853,-0.114,0.18,10.171,327.87,29.33,13.6,0,0,35.262831,346.47,,1,1,1,1,,3798
55998.5,0.384,0.228,0.795,0.876,-0.074,0.251,10.066,327.97,29.33,12.1,0,0,35.262831,345.07,,1,1,1,1,,3798.5
55999,0.355,0.057,1.141,0.815,-0.007,0.288,9.909,327.97,29.33,12.1,0,0,35.262831,345.07,,1,1,1,1,,3799
55999.5,0.281,-0.125,1.376,0.691,0.043,0.265,9.793,328.07,29.33,9.3,0,0,35.262831,342.37,,1,1,1,1,,3799.5
56000,0.175,-0.313,1.487,0.513,0.103,0.189,9.654,328.07,29.33,9.3,0,0,35.262831,342.37,,1,1,1,1,,3800
56000.5,0.048,-0.485,1.469,0.299,0.139,0.114,9.556,328.17,29.33,6.3,0,0,35.262831,339.47,,1,1,1,1,,3800.5
56001,-0.085,-0.629,1.327,0.066,0.181,0.017,9.451,328.17,29.33,6.3,0,0,35.262831,339.47,,1,1,1,1,,3801
56001.5,-0.203,-0.728,1.075,-0.168,0.195,-0.094,9.408,328.17,29.33,6.6,0,0,35.262831,339.77,,1,1,1,1,,3801.5
56002,-0.297,-0.776,0.741,-0.375,0.197,-0.175,9.393,328.17,29.33,6.6,0,0,35.262831,339.77,,1,1,1,1,,3802
56002.5,-0.37,-0.77,0.354,-0.548,0.193,-0.218,9.407,328.17,29.33,4.4,0,0,35.262831,337.57,,1,1,1,1,,3802.5
56003,-0.418,-0.708,-0.051,-0.669,0.177,-0.249,9.453,328.17,29.33,4.4,0,0,35.262831,337.57,,1,1,1,1,,3803
56003.5,-0.448,-0.601,-0.443,-0.741,0.154,-0.249,9.511,328.07,31.35,6.4,0,0,37.691434,339.47,,1,1,1,1,,3803.5
56004,-0.462,-0.452,-0.792,-0.749,0.105,-0.204,9.615,328.07,31.35,6.4,0,0,37.691434,339.47,,1,1,1,1,,3804
56004.5,-0.459,-0.277,-1.069,-0.697,0.054,-0.175,9.725,328.07,31.35,8.4,0,0,37.691434,341.47,,1,1,1,1,,3804.5
56005,-0.442,-0.09,-1.252,-0.58,-0.012,-0.125,9.863,328.07,31.35,8.4,0,0,37.691434,341.47,,1,1,1,1,,3805
56005.5,-0.41,0.088,-1.323,-0.414,-0.063,-0.077,9.982,328.17,31.35,8.2,0,0,37.691434,341.37,,1,1,1,1,,3805.5
56006,-0.363,0.245,-1.278,-0.208,-0.11,-0.029,10.102,328.17,31.35,8.2,0,0,37.691434,341.37,,1,1,1,1,,3806
56006.5,-0.312,0.361,-1.12,0.013,-0.134,0.038,10.171,328.27,33.2,7.4,0,0,39.915649,340.67,,1,1,1,1,,3806.5
56007,-0.263,0.424,-0.866,0.227,-0.146,0.096,10.219,328.27,33.2,7.4,0,0,39.915649,340.67,,1,1,1,1,,3807
56007.5,-0.233,0.434,-0.543,0.405,-0.119,0.168,10.182,328.27,31.35,7.8,0,0,37.691434,341.07,,1,1,1,1,,3807.5
56008,-0.231,0.391,-0.189,0.523,-0.088,0.228,10.118,328.27,31.35,7.8,0,0,37.691434,341.07,,1,1,1,1,,3808
56008.5,-0.262,0.305,0.158,0.581,-0.048,0.209,10.024,328.37,30.43,5.4,0,0,36.585338,338.77,,1,1,1,1,,3808.5
56009,-0.328,0.188,0.465,0.573,-0.008,0.135,9.925,328.37,30.43,5.4,0,0,36.585338,338.77,,1,1,1,1,,3809
56009.5,-0.428,0.052,0.707,0.522,0.018,0.032,9.85,328.37,29.33,4.4,0,0,35.262831,337.77,,1,1,1,1,,3809.5
56010,-0.544,-0.087,0.872,0.439,0.032,-0.108,9.8,328.37,29.33,4.4,0,0,35.262831,337.77,,1,1,1,1,,3810
56010.5,-0.66,-0.22,0.961,0.351,0.05,-0.262,9.77,328.37,29.33,3.3,0,0,35.262831,336.67,,1,1,1,1,,3810.5
56011,-0.754,-0.342,0.98,0.255,0.064,-0.393,9.744,328.37,29.33,3.3,0,0,35.262831,336.67,,1,1,1,1,,3811
56011.5,-0.806,-0.444,0.942,0.174,0.061,-0.452,9.756,328.27,29.33,2.2,0,0,35.262831,335.47,,1,1,1,1,,3811.5
56012,-0.805,-0.526,0.855,0.09,0.083,-0.459,9.744,328.27,29.33,2.2,0,0,35.262831,335.47,,1,1,1,1,,3812
56012.5,-0.74,-0.588,0.735,0.024,0.091,-0.42,9.748,328.17,28.4,2.8,0,0,34.144712,335.97,,1,1,1,1,,3812.5
56013,-0.619,-0.629,0.589,-0.048,0.106,-0.342,9.715,328.17,28.4,2.8,0,0,34.144712,335.97,,1,1,1,1,,3813
56013.5,-0.45,-0.648,0.421,-0.122,0.117,-0.244,9.682,328.17,29.33,6.1,0,0,35.262831,339.27,,1,1,1,1,,3813.5
56014,-0.248,-0.639,0.231,-0.218,0.145,-0.14,9.595,328.17,29.33,6.1,0,0,35.262831,339.27,,1,1,1,1,,3814
56014.5,-0.035,-0.604,0.018,-0.317,0.13,-0.023,9.571,328.27,28.4,6.3,0,0,34.144712,339.57,,1,1,1,1,,3814.5
56015,0.171,-0.54,-0.212,-0.421,0.13,0.11,9.516,328.27,28.4,6.3,0,0,34.144712,339.57,,1,1,1,1,,3815
56015.5,0.352,-0.446,-0.453,-0.507,0.103,0.222,9.536,328.47,29.33,8,0,0,35.262831,341.47,,1,1,1,1,,3815.5
56016,0.496,-0.328,-0.686,-0.568,0.095,0.324,9.533,328.47,29.33,8,0,0,35.262831,341.47,,1,1,1,1,,3816
56016.5,0.585,-0.189,-0.897,-0.591,0.054,0.39,9.613,328.57,30.43,8.8,0,0,36.585338,342.37,,1,1,1,1,,3816.5
56017,0.616,-0.036,-1.063,-0.564,0.032,0.425,9.68,328.57,30.43,8.8,0,0,36.585338,342.37,,1,1,1,1,,3817
56017.5,0.581,0.118,-1.167,-0.49,-0.008,0.439,9.801,328.67,30.43,8.9,0,0,36.585338,342.57,,1,1,1,1,,3817.5
56018,0.485,0.261,-1.19,-0.359,-0.038,0.387,9.914,328.67,30.43,8.9,0,0,36.585338,342.57,,1,1,1,1,,3818
56018.5,0.341,0.381,-1.123,-0.196,-0.068,0.251,10.026,328.77,29.33,8.5,0,0,35.262831,342.27,,1,1,1,1,,3818.5
56019,0.164,0.465,-0.964,0.005,-0.096,0.113,10.138,328.77,29.33,8.5,0,0,35.262831,342.27,,1,1,1,1,,3819
56019.5,-0.019,0.502,-0.717,0.212,-0.105,-0.026,10.203,328.67,28.4,6.5,0,0,34.144712,340.17,,1,1,1,1,,3819.5
56020,-0.186,0.489,-0.397,0.419,-0.123,-0.142,10.265,328.67,28.4,6.5,0,0,34.144712,340.17,,1,1,1,1,,3820
56020.5,-0.317,0.424,-0.027,0.597,-0.114,-0.232,10.256,328.57,28.4,6.8,0,0,34.144712,340.37,,1,1,1,1,,3820.5
56021,-0.399,0.309,0.365,0.735,-0.115,-0.284,10.245,328.57,28.4,6.8,0,0,34.144712,340.37,,1,1,1,1,,3821
56021.5,-0.428,0.149,0.748,0.818,-0.078,-0.313,10.163,328.47,27.48,5,0,0,33.038616,338.47,,1,1,1,1,,3821.5
56022,-0.405,-0.043,1.089,0.837,-0.044,-0.329,10.076,328.47,27.48,5,0,0,33.038616,338.47,,1,1,1,1,,3822
56022.5,-0.341,-0.255,1.361,0.796,-0.007,-0.33,9.967,328.37,27.48,10.1,0,0,33.038616,343.47,,1,1,1,1,,3822.5
56023,-0.245,-0.467,1.54,0.694,0.029,-0.282,9.862,328.37,27.48,10.1,0,0,33.038616,343.47,,1,1,1,1,,3823
56023.5,-0.137,-0.665,1.611,0.544,0.077,-0.22,9.739,328.37,27.48,15.3,0,0,33.038616,348.67,,1,1,1,1,,3823.5
56024,-0.031,-0.829,1.567,0.342,0.133,-0.131,9.603,328.37,27.48,15.3,0,0,33.038616,348.67,,1,1,1,1,,3824
56024.5,0.049,-0.949,1.404,0.11,0.171,-0.013,9.487,328.47,28.4,9.9,0,0,34.144712,343.37,,1,1,1,1,,3824.5
56025,0.096,-1.012,1.13,-0.148,0.213,0.097,9.37,328.47,28.4,9.9,0,0,34.144712,343.37,,1,1,1,1,,3825
56025.5,0.097,-1.011,0.755,-0.407,0.245,0.222,9.293,328.77,27.48,8.4,0,0,33.038616,342.17,,1,1,1,1,,3825.5
56026,0.046,-0.942,0.305,-0.656,0.261,0.332,9.227,328.77,27.48,8.4,0,0,33.038616,342.17,,1,1,1,1,,3826
56026.5,-0.051,-0.809,-0.198,-0.878,0.245,0.393,9.214,329.07,27.48,10.1,0,0,33.038616,344.17,,1,1,1,1,,3826.5
56027,-0.194,-0.622,-0.718,-1.051,0.225,0.351,9.23,329.07,27.48,10.1,0,0,33.038616,344.17,,1,1,1,1,,3827
56027.5,-0.364,-0.388,-1.22,-1.156,0.166,0.267,9.318,329.27,28.4,8.7,0,0,34.144712,342.97,,1,1,1,1,,3827.5
56028,-0.547,-0.121,-1.66,-1.169,0.091,0.147,9.47,329.27,28.4,8.7,0,0,34.144712,342.97,,1,1,1,1,,3828
56028.5,-0.722,0.155,-1.997,-1.085,0.023,-0.029,9.65,329.07,27.48,1.1,0,0,33.038616,335.17,,1,1,1,1,,3828.5
56029,-0.87,0.415,-2.19,-0.886,-0.077,-0.202,9.907,329.07,27.48,1.1,0,0,33.038616,335.17,,1,1,1,1,,3829
56029.5,-0.97,0.639,-2.206,-0.588,-0.142,-0.341,10.131,329.07,27.48,358.6,0,0,33.038616,332.67,,1,1,1,1,,3829.5
56030,-1.015,0.805,-2.031,-0.216,-0.216,-0.437,10.373,329.07,27.48,358.6,0,0,33.038616,332.67,,1,1,1,1,,3830
56030.5,-0.996,0.892,-1.663,0.206,-0.269,-0.45,10.557,328.87,27.48,6.9,0,0,33.038616,340.77,,1,1,1,1,,3830.5
56031,-0.915,0.887,-1.124,0.633,-0.302,-0.418,10.694,328.87,27.48,6.9,0,0,33.038616,340.77,,1,1,1,1,,3831
56031.5,-0.776,0.789,-0.451,1.032,-0.302,-0.352,10.733,328.67,27.48,6.5,0,0,33.038616,340.17,,1,1,1,1,,3831.5
56032,-0.594,0.603,0.301,1.35,-0.282,-0.284,10.711,328.67,27.48,6.5,0,0,33.038616,340.17,,1,1,1,1,,3832
56032.5,-0.386,0.337,1.066,1.556,-0.209,-0.246,10.544,328.67,28.4,4.4,0,0,34.144712,338.07,,1,1,1,1,,3832.5
56033,-0.169,0.023,1.766,1.609,-0.123,-0.176,10.327,328.67,28.4,4.4,0,0,34.144712,338.07,,1,1,1,1,,3833
56033.5,0.033,-0.323,2.331,1.514,-0.01,-0.052,10.04,328.67,29.33,4.7,0,0,35.262831,338.37,,1,1,1,1,,3833.5
56034,0.207,-0.662,2.696,1.252,0.124,0.048,9.699,328.67,29.33,4.7,0,0,35.262831,338.37,,1,1,1,1,,3834
56034.5,0.329,-0.964,2.819,0.869,0.223,0.102,9.398,328.87,31.35,4.3,0,0,37.691434,338.17,,1,1,1,1,,3834.5
56035,0.386,-1.2,2.676,0.377,0.328,0.176,9.092,328.87,31.35,4.3,0,0,37.691434,338.17,,1,1,1,1,,3835
56035.5,0.37,-1.342,2.273,-0.155,0.387,0.228,8.895,329.17,31.35,3.8,0,0,37.691434,337.97,,1,1,1,1,,3835.5
56036,0.283,-1.38,1.644,-0.691,0.421,0.266,8.733,329.17,31.35,3.8,0,0,37.691434,337.97,,1,1,1,1,,3836
56036.5,0.137,-1.304,0.843,-1.162,0.382,0.271,8.756,329.27,31.35,3.7,0,0,37.691434,337.97,,1,1,1,1,,3836.5
56037,-0.054,-1.125,-0.053,-1.534,0.365,0.222,8.801,329.27,31.35,3.7,0,0,37.691434,337.97,,1,1,1,1,,3837
56037.5,-0.258,-0.851,-0.959,-1.748,0.254,0.147,9.046,329.47,31.35,3.1,0,0,37.691434,337.57,,1,1,1,1,,3837.5
56038,-0.458,-0.512,-1.78,-1.787,0.16,0.04,9.3,329.47,31.35,3.1,0,0,37.691434,337.57,,1,1,1,1,,3838
56038.5,-0.63,-0.137,-2.434,-1.643,0.025,-0.051,9.68,329.57,32.28,4.1,0,0,38.809553,338.67,,1,1,1,1,,3838.5
56039,-0.759,0.228,-2.848,-1.325,-0.091,-0.149,10.008,329.57,32.28,4.1,0,0,38.809553,338.67,,1,1,1,1,,3839
56039.5,-0.834,0.556,-2.984,-0.882,-0.209,-0.195,10.348,329.47,33.2,7.1,0,0,39.915649,341.57,,1,1,1,1,,3839.5
56040,-0.849,0.806,-2.826,-0.348,-0.289,-0.248,10.6,329.47,33.2,7.1,0,0,39.915649,341.57,,1,1,1,1,,3840
56040.5,-0.803,0.959,-2.395,0.203,-0.342,-0.295,10.772,329.27,33.2,8.3,0,0,39.915649,342.57,,1,1,1,1,,3840.5
56041,-0.709,0.999,-1.734,0.737,-0.364,-0.289,10.859,329.27,33.2,8.3,0,0,39.915649,342.57,,1,1,1,1,,3841
56041.5,-0.582,0.923,-0.916,1.171,-0.338,-0.282,10.793,329.17,33.2,8.5,0,0,39.915649,342.67,,1,1,1,1,,3841.5
56042,-0.444,0.746,-0.026,1.486,-0.305,-0.22,10.684,329.17,33.2,8.5,0,0,39.915649,342.67,,1,1,1,1,,3842
56042.5,-0.313,0.481,0.846,1.629,-0.194,-0.19,10.41,329.07,33.2,7,0,0,39.915649,341.07,,1,1,1,1,,3842.5
56043,-0.199,0.163,1.608,1.611,-0.104,-0.159,10.175,329.07,33.2,7,0,0,39.915649,341.07,,1,1,1,1,,3843
56043.5,-0.117,-0.177,2.193,1.432,0.039,-0.074,9.843,329.17,32.28,10.2,0,0,38.809553,344.37,,1,1,1,1,,3843.5
56044,-0.071,-0.502,2.545,1.123,0.14,-0.011,9.59,329.17,32.28,10.2,0,0,38.809553,344.37,,1,1,1,1,,3844
56044.5,-0.067,-0.785,2.646,0.728,0.249,0.086,9.33,329.37,32.28,7.6,0,0,38.809553,341.97,,1,1,1,1,,3844.5
56045,-0.102,-0.998,2.495,0.282,0.298,0.116,9.174,329.37,32.28,7.6,0,0,38.809553,341.97,,1,1,1,1,,3845
56045.5,-0.167,-1.127,2.122,-0.161,0.343,0.144,9.051,329.57,33.2,3.7,0,0,39.915649,338.27,,1,1,1,1,,3845.5
56046,-0.245,-1.163,1.569,-0.577,0.353,0.123,9.004,329.57,33.2,3.7,0,0,39.915649,338.27,,1,1,1,1,,3846
56046.5,-0.324,-1.107,0.896,-0.915,0.319,0.059,9.044,329.77,33.2,2.3,0,0,39.915649,337.07,,1,1,1,1,,3846.5
56047,-0.39,-0.968,0.166,-1.171,0.285,0.005,9.122,329.77,33.2,2.3,0,0,39.915649,337.07,,1,1,1,1,,3847
56047.5,-0.427,-0.76,-0.553,-1.302,0.214,-0.049,9.289,329.87,31.35,2.9,0,0,37.691434,337.77,,1,1,1,1,,3847.5
56048,-0.433,-0.509,-1.196,-1.321,0.137,-0.078,9.465,329.87,31.35,2.9,0,0,37.691434,337.77,,1,1,1,1,,3848
56048.5,-0.406,-0.241,-1.71,-1.214,0.041,-0.113,9.704,329.77,31.35,4.3,0,0,37.691434,339.07,,1,1,1,1,,3848.5
56049,-0.347,0.021,-2.051,-1.009,-0.028,-0.092,9.892,329.77,31.35,4.3,0,0,37.691434,339.07,,1,1,1,1,,3849
56049.5,-0.264,0.26,-2.201,-0.73,-0.105,-0.064,10.093,329.77,32.28,6.3,0,0,38.809553,341.07,,1,1,1,1,,3849.5
56050,-0.164,0.453,-2.153,-0.401,-0.151,-0.016,10.231,329.77,32.28,6.3,0,0,38.809553,341.07,,1,1,1,1,,3850
56050.5,-0.063,0.588,-1.921,-0.045,-0.212,0.001,10.384,329.57,30.43,6.7,0,0,36.585338,341.27,,1,1,1,1,,3850.5
56051,0.033,0.654,-1.526,0.315,-0.239,-0.029,10.474,329.57,30.43,6.7,0,0,36.585338,341.27,,1,1,1,1,,3851
56051.5,0.117,0.648,-1.002,0.65,-0.249,-0.048,10.534,329.57,31.35,6.9,0,0,37.691434,341.47,,1,1,1,1,,3851.5
56052,0.181,0.567,-0.39,0.943,-0.246,-0.056,10.541,329.57,31.35,6.9,0,0,37.691434,341.47,,1,1,1,1,,3852
56052.5,0.223,0.418,0.257,1.147,-0.196,-0.05,10.444,329.57,33.2,8.3,0,0,39.915649,342.87,,1,1,1,1,,3852.5
56053,0.234,0.216,0.882,1.258,-0.141,-0.022,10.325,329.57,33.2,8.3,0,0,39.915649,342.87,,1,1,1,1,,3853
56053.5,0.223,-0.027,1.429,1.249,-0.048,0.012,10.109,329.57,32.28,7.4,0,0,38.809553,341.97,,1,1,1,1,,3853.5
56054,0.191,-0.284,1.846,1.124,0.031,0.027,9.908,329.57,32.28,7.4,0,0,38.809553,341.97,,1,1,1,1,,3854
56054.5,0.143,-0.537,2.091,0.886,0.144,0.032,9.63,329.77,32.28,7.2,0,0,38.809553,341.97,,1,1,1,1,,3854.5
56055,0.086,-0.756,2.136,0.553,0.213,0.041,9.412,329.77,32.28,7.2,0,0,38.809553,341.97,,1,1,1,1,,3855
56055.5,0.03,-0.923,1.973,0.161,0.291,0.049,9.189,329.97,30.43,2.9,0,0,36.585338,337.87,,1,1,1,1,,3855.5
56056,-0.018,-1.018,1.612,-0.261,0.33,0.05,9.051,329.97,30.43,2.9,0,0,36.585338,337.87,,1,1,1,1,,3856
56056.5,-0.05,-1.031,1.087,-0.661,0.342,0.067,8.974,329.97,31.35,1.4,0,0,37.691434,336.37,,1,1,1,1,,3856.5
56057,-0.068,-0.962,0.444,-1.01,0.325,0.095,8.98,329.97,31.35,1.4,0,0,37.691434,336.37,,1,1,1,1,,3857
56057.5,-0.074,-0.812,-0.254,-1.26,0.274,0.099,9.081,330.07,30.43,357.6,0,0,36.585338,332.67,,1,1,1,1,,3857.5
56058,-0.068,-0.593,-0.937,-1.387,0.206,0.086,9.264,330.07,30.43,357.6,0,0,36.585338,332.67,,1,1,1,1,,3858
56058.5,-0.062,-0.332,-1.534,-1.365,0.1,0.088,9.516,330.17,28.4,3.9,0,0,34.144712,339.07,,1,1,1,1,,3858.5
56059,-0.054,-0.051,-1.981,-1.209,-0.001,0.06,9.797,330.17,28.4,3.9,0,0,34.144712,339.07,,1,1,1,1,,3859
56059.5,-0.057,0.221,-2.228,-0.911,-0.105,0.021,10.092,329.97,31.35,3.3,0,0,37.691434,338.27,,1,1,1,1,,3859.5
56060,-0.068,0.453,-2.245,-0.52,-0.191,-0.022,10.347,329.97,31.35,3.3,0,0,37.691434,338.27,,1,1,1,1,,3860
56060.5,-0.09,0.62,-2.027,-0.063,-0.281,-0.088,10.579,329.97,32.28,2.7,0,0,38.809553,337.67,,1,1,1,1,,3860.5
56061,-0.125,0.704,-1.594,0.399,-0.293,-0.1,10.687,329.97,32.28,2.7,0,0,38.809553,337.67,,1,1,1,1,,3861
56061.5,-0.167,0.698,-0.992,0.821,-0.302,-0.091,10.716,329.97,32.28,5.5,0,0,38.809553,340.47,,1,1,1,1,,3861.5
56062,-0.212,0.603,-0.286,1.148,-0.271,-0.107,10.636,329.97,32.28,5.5,0,0,38.809553,340.47,,1,1,1,1,,3862
56062.5,-0.252,0.43,0.447,1.347,-0.19,-0.112,10.466,329.97,31.35,6.8,0,0,37.691434,341.77,,1,1,1,1,,3862.5
56063,-0.283,0.198,1.128,1.4,-0.097,-0.097,10.232,329.97,31.35,6.8,0,0,37.691434,341.77,,1,1,1,1,,3863
56063.5,-0.299,-0.069,1.684,1.304,0.006,-0.096,9.966,330.07,30.43,8.1,0,0,36.585338,343.17,,1,1,1,1,,3863.5
56064,-0.299,-0.345,2.06,1.076,0.105,-0.082,9.688,330.07,30.43,8.1,0,0,36.585338,343.17,,1,1,1,1,,3864
56064.5,-0.279,-0.6,2.219,0.738,0.195,-0.067,9.425,330.17,30.43,7.3,0,0,36.585338,342.47,,1,1,1,1,,3864.5
56065,-0.242,-0.809,2.147,0.333,0.27,-0.058,9.221,330.17,30.43,7.3,0,0,36.585338,342.47,,1,1,1,1,,3865
56065.5,-0.193,-0.948,1.859,-0.095,0.312,-0.063,9.089,330.27,31.35,7.2,0,0,37.691434,342.47,,1,1,1,1,,3865.5
56066,-0.133,-1.009,1.39,-0.494,0.321,-0.04,9.052,330.27,31.35,7.2,0,0,37.691434,342.47,,1,1,1,1,,3866
56066.5,-0.066,-0.988,0.798,-0.819,0.302,-0.016,9.095,330.27,31.35,4.3,0,0,37.691434,339.57,,1,1,1,1,,3866.5
56067,0.003,-0.893,0.151,-1.039,0.239,0.013,9.232,330.27,31.35,4.3,0,0,37.691434,339.57,,1,1,1,1,,3867
56067.5,0.072,-0.738,-0.479,-1.134,0.169,0.025,9.412,330.27,31.35,1,0,0,37.691434,336.27,,1,1,1,1,,3867.5
56068,0.129,-0.542,-1.027,-1.106,0.089,0.023,9.624,330.27,31.35,1,0,0,37.691434,336.27,,1,1,1,1,,3868
56068.5,0.169,-0.331,-1.443,-0.971,0.009,0.007,9.824,330.27,33.2,2.9,0,0,39.915649,338.17,,1,1,1,1,,3868.5
56069,0.188,-0.12,-1.696,-0.752,-0.061,0.009,10.01,330.27,33.2,2.9,0,0,39.915649,338.17,,1,1,1,1,,3869
56069.5,0.181,0.065,-1.772,-0.479,-0.108,0.04,10.152,330.37,33.2,5.6,0,0,39.915649,340.97,,1,1,1,1,,3869.5
56070,0.155,0.217,-1.677,-0.182,-0.148,0.094,10.257,330.37,33.2,5.6,0,0,39.915649,340.97,,1,1,1,1,,3870
56070.5,0.105,0.321,-1.435,0.103,-0.151,0.166,10.292,330.47,32.28,10.2,0,0,38.809553,345.67,,1,1,1,1,,3870.5
56071,0.045,0.372,-1.082,0.346,-0.138,0.229,10.269,330.47,32.28,10.2,0,0,38.809553,345.67,,1,1,1,1,,3871
56071.5,-0.024,0.375,-0.666,0.522,-0.104,0.27,10.193,330.47,30.43,8.7,0,0,36.585338,344.17,,1,1,1,1,,3871.5
56072,-0.09,0.335,-0.236,0.618,-0.056,0.281,10.079,330.47,30.43,8.7,0,0,36.585338,344.17,,1,1,1,1,,3872
56072.5,-0.151,0.264,0.162,0.636,-0.017,0.227,9.958,330.47,31.35,5.9,0,0,37.691434,341.37,,1,1,1,1,,3872.5
56073,-0.201,0.175,0.491,0.577,0.03,0.117,9.82,330.47,31.35,5.9,0,0,37.691434,341.37,,1,1,1,1,,3873
56073.5,-0.235,0.079,0.726,0.471,0.055,-0.002,9.731,330.37,31.35,3.2,0,0,37.691434,338.57,,1,1,1,1,,3873.5
56074,-0.255,-0.017,0.861,0.336,0.08,-0.144,9.655,330.37,31.35,3.2,0,0,37.691434,338.57,,1,1,1,1,,3874
56074.5,-0.271,-0.104,0.901,0.203,0.077,-0.248,9.658,330.27,30.43,4.1,0,0,36.585338,339.37,,1,1,1,1,,3874.5
56075,-0.282,-0.183,0.866,0.094,0.076,-0.333,9.676,330.27,30.43,4.1,0,0,36.585338,339.37,,1,1,1,1,,3875
56075.5,-0.287,-0.248,0.781,0.023,0.055,-0.373,9.748,330.17,32.28,5.7,0,0,38.809553,340.87,,1,1,1,1,,3875.5
56076,-0.288,-0.308,0.675,-0.001,0.035,-0.357,9.826,330.17,32.28,5.7,0,0,38.809553,340.87,,1,1,1,1,,3876
56076.5,-0.283,-0.367,0.574,0.018,0.01,-0.345,9.917,330.17,32.28,6.1,0,0,38.809553,341.27,,1,1,1,1,,3876.5
56077,-0.273,-0.428,0.495,0.064,0.01,-0.278,9.958,330.17,32.28,6.1,0,0,38.809553,341.27,,1,1,1,1,,3877
56077.5,-0.259,-0.493,0.441,0.104,0.019,-0.179,9.953,330.17,31.35,7.7,0,0,37.691434,342.87,,1,1,1,1,,3877.5
56078,-0.244,-0.558,0.402,0.124,0.041,-0.078,9.904,330.17,31.35,7.7,0,0,37.691434,342.87,,1,1,1,1,,3878
56078.5,-0.234,-0.617,0.36,0.093,0.09,0.066,9.793,330.37,31.35,8.4,0,0,37.691434,343.77,,1,1,1,1,,3878.5
56079,-0.228,-0.656,0.293,0.016,0.118,0.187,9.682,330.37,31.35,8.4,0,0,37.691434,343.77,,1,1,1,1,,3879
56079.5,-0.229,-0.664,0.181,-0.114,0.16,0.264,9.549,330.47,32.28,7.7,0,0,38.809553,343.17,,1,1,1,1,,3879.5
56080,-0.24,-0.634,0.016,-0.267,0.177,0.302,9.472,330.47,32.28,7.7,0,0,38.809553,343.17,,1,1,1,1,,3880
56080.5,-0.257,-0.561,-0.2,-0.426,0.184,0.272,9.409,330.67,31.35,5.3,0,0,37.691434,340.97,,1,1,1,1,,3880.5
56081,-0.278,-0.445,-0.45,-0.552,0.139,0.191,9.451,330.67,31.35,5.3,0,0,37.691434,340.97,,1,1,1,1,,3881
56081.5,-0.299,-0.295,-0.705,-0.63,0.105,0.086,9.512,330.67,32.28,5,0,0,38.809553,340.67,,1,1,1,1,,3881.5
56082,-0.317,-0.122,-0.935,-0.642,0.057,-0.018,9.628,330.67,32.28,5,0,0,38.809553,340.67,,1,1,1,1,,3882
56082.5,-0.323,0.06,-1.107,-0.583,0.01,-0.103,9.753,330.57,31.35,5.7,0,0,37.691434,341.27,,1,1,1,1,,3882.5
56083,-0.315,0.231,-1.194,-0.458,-0.049,-0.165,9.908,330.57,31.35,5.7,0,0,37.691434,341.27,,1,1,1,1,,3883
56083.5,-0.287,0.375,-1.178,-0.272,-0.094,-0.181,10.052,330.37,33.2,7.1,0,0,39.915649,342.47,,1,1,1,1,,3883.5
56084,-0.24,0.476,-1.05,-0.046,-0.138,-0.167,10.182,330.37,33.2,7.1,0,0,39.915649,342.47,,1,1,1,1,,3884
56084.5,-0.175,0.519,-0.813,0.204,-0.169,-0.142,10.29,330.27,32.28,7.4,0,0,38.809553,342.67,,1,1,1,1,,3884.5
56085,-0.097,0.495,-0.483,0.444,-0.165,-0.131,10.333,330.27,32.28,7.4,0,0,38.809553,342.67,,1,1,1,1,,3885
56085.5,-0.01,0.405,-0.086,0.653,-0.157,-0.126,10.332,330.17,30.43,2,0,0,36.585338,337.17,,1,1,1,1,,3885.5
56086,0.077,0.259,0.337,0.795,-0.115,-0.104,10.249,330.17,30.43,2,0,0,36.585338,337.17,,1,1,1,1,,3886
56086.5,0.165,0.064,0.743,0.858,-0.07,-0.07,10.143,330.17,30.43,3.8,0,0,36.585338,338.97,,1,1,1,1,,3886.5
56087,0.246,-0.158,1.088,0.827,0.009,-0.011,9.964,330.17,30.43,3.8,0,0,36.585338,338.97,,1,1,1,1,,3887
56087.5,0.314,-0.387,1.333,0.714,0.063,0.075,9.808,330.07,31.35,2.6,0,0,37.691434,337.67,,1,1,1,1,,3887.5
56088,0.367,-0.594,1.454,0.528,0.129,0.171,9.634,330.07,31.35,2.6,0,0,37.691434,337.67,,1,1,1,1,,3888
56088.5,0.393,-0.764,1.435,0.288,0.185,0.224,9.492,330.17,30.43,3.8,0,0,36.585338,338.97,,1,1,1,1,,3888.5
56089,0.39,-0.878,1.28,0.023,0.227,0.227,9.378,330.17,30.43,3.8,0,0,36.585338,338.97,,1,1,1,1,,3889
56089.5,0.356,-0.925,1.003,-0.243,0.247,0.21,9.32,330.27,30.43,4.6,0,0,36.585338,339.87,,1,1,1,1,,3889.5
56090,0.293,-0.902,0.633,-0.479,0.245,0.126,9.306,330.27,30.43,4.6,0,0,36.585338,339.87,,1,1,1,1,,3890
56090.5,0.208,-0.809,0.207,-0.669,0.227,0.042,9.343,330.37,30.43,4.8,0,0,36.585338,340.17,,1,1,1,1,,3890.5
56091,0.104,-0.661,-0.234,-0.786,0.187,-0.001,9.433,330.37,30.43,4.8,0,0,36.585338,340.17,,1,1,1,1,,3891
56091.5,-0.011,-0.472,-0.644,-0.824,0.129,-0.041,9.553,330.37,31.35,4.8,0,0,37.691434,340.17,,1,1,1,1,,3891.5
56092,-0.133,-0.261,-0.985,-0.78,0.055,-0.018,9.705,330.37,31.35,4.8,0,0,37.691434,340.17,,1,1,1,1,,3892
56092.5,-0.248,-0.049,-1.224,-0.656,-0.021,0.006,9.869,330.37,30.43,4.3,0,0,36.585338,339.67,,1,1,1,1,,3892.5
56093,-0.344,0.137,-1.336,-0.466,-0.091,0.004,10.024,330.37,30.43,4.3,0,0,36.585338,339.67,,1,1,1,1,,3893
56093.5,-0.422,0.287,-1.314,-0.233,-0.144,-0.034,10.146,330.37,31.35,4,0,0,37.691434,339.37,,1,1,1,1,,3893.5
56094,-0.467,0.381,-1.162,0.02,-0.186,-0.057,10.249,330.37,31.35,4,0,0,37.691434,339.37,,1,1,1,1,,3894
56094.5,-0.483,0.414,-0.896,0.268,-0.188,-0.089,10.284,330.27,31.35,4.1,0,0,37.691434,339.37,,1,1,1,1,,3894.5
56095,-0.467,0.385,-0.549,0.473,-0.169,-0.135,10.268,330.27,31.35,4.1,0,0,37.691434,339.37,,1,1,1,1,,3895
56095.5,-0.427,0.298,-0.159,0.622,-0.117,-0.106,10.19,330.17,31.35,3.8,0,0,37.691434,338.97,,1,1,1,1,,3895.5
56096,-0.368,0.17,0.225,0.68,-0.047,-0.12,10.06,330.17,31.35,3.8,0,0,37.691434,338.97,,1,1,1,1,,3896
56096.5,-0.299,0.015,0.561,0.664,0.015,-0.1,9.924,330.07,29.33,3.4,0,0,35.262831,338.47,,1,1,1,1,,3896.5
56097,-0.226,-0.148,0.811,0.561,0.088,-0.061,9.763,330.07,29.33,3.4,0,0,35.262831,338.47,,1,1,1,1,,3897
56097.5,-0.16,-0.3,0.955,0.413,0.128,-0.06,9.66,329.97,29.33,359.3,0,0,35.262831,334.27,,1,1,1,1,,3897.5
56098,-0.106,-0.429,0.987,0.232,0.155,-0.068,9.572,329.97,29.33,359.3,0,0,35.262831,334.27,,1,1,1,1,,3898
56098.5,-0.071,-0.519,0.918,0.065,0.137,-0.087,9.582,329.97,30.43,0.6,0,0,36.585338,335.57,,1,1,1,1,,3898.5
56099,-0.063,-0.574,0.772,-0.085,0.139,-0.091,9.564,329.97,30.43,0.6,0,0,36.585338,335.57,,1,1,1,1,,3899
56099.5,-0.075,-0.591,0.575,-0.189,0.1,-0.097,9.642,329.97,29.33,359.2,0,0,35.262831,334.17,,1,1,1,1,,3899.5
56100,-0.108,-0.578,0.359,-0.263,0.104,-0.063,9.646,329.97,29.33,359.2,0,0,35.262831,334.17,,1,1,1,1,,3900
56100.5,-0.152,-0.534,0.141,-0.298,0.069,0.004,9.73,330.07,30.43,359.2,0,0,36.585338,334.27,,1,1,1,1,,3900.5
56101,-0.198,-0.474,-0.056,-0.309,0.081,0.034,9.717,330.07,30.43,359.2,0,0,36.585338,334.27,,1,1,1,1,,3901
56101.5,-0.243,-0.396,-0.23,-0.311,0.063,0.067,9.758,330.17,30.43,357.5,0,0,36.585338,332.67,,1,1,1,1,,3901.5
56102,-0.277,-0.31,-0.373,-0.311,0.09,0.119,9.701,330.17,30.43,357.5,0,0,36.585338,332.67,,1,1,1,1,,3902
56102.5,-0.291,-0.216,-0.496,-0.323,0.072,0.118,9.705,330.27,29.33,2.1,0,0,35.262831,337.37,,1,1,1,1,,3902.5
56103,-0.282,-0.122,-0.594,-0.313,0.05,0.086,9.725,330.27,29.33,2.1,0,0,35.262831,337.37,,1,1,1,1,,3903
56103.5,-0.247,-0.027,-0.665,-0.296,0.031,-0.007,9.759,330.17,30.43,0.1,0,0,36.585338,335.27,,1,1,1,1,,3903.5
56104,-0.19,0.059,-0.696,-0.233,-0.011,-0.067,9.849,330.17,30.43,0.1,0,0,36.585338,335.27,,1,1,1,1,,3904
56104.5,-0.117,0.129,-0.679,-0.153,-0.031,-0.105,9.899,329.97,30.43,358,0,0,36.585338,332.97,,1,1,1,1,,3904.5
56105,-0.034,0.179,-0.608,-0.032,-0.082,-0.134,10.018,329.97,30.43,358,0,0,36.585338,332.97,,1,1,1,1,,3905
56105.5,0.048,0.2,-0.478,0.099,-0.083,-0.1,10.055,329.87,30.43,5.3,0,0,36.585338,340.17,,1,1,1,1,,3905.5
56106,0.123,0.189,-0.295,0.245,-0.112,-0.049,10.146,329.87,30.43,5.3,0,0,36.585338,340.17,,1,1,1,1,,3906
56106.5,0.183,0.142,-0.067,0.377,-0.085,-0.003,10.128,329.87,29.33,8.1,0,0,35.262831,342.97,,1,1,1,1,,3906.5
56107,0.224,0.066,0.183,0.479,-0.073,-0.003,10.125,329.87,29.33,8.1,0,0,35.262831,342.97,,1,1,1,1,,3907
56107.5,0.241,-0.039,0.434,0.538,-0.029,-0.002,10.042,329.77,29.33,5.9,0,0,35.262831,340.67,,1,1,1,1,,3907.5
56108,0.231,-0.162,0.657,0.541,-0.007,0.044,9.976,329.77,29.33,5.9,0,0,35.262831,340.67,,1,1,1,1,,3908
56108.5,0.198,-0.293,0.828,0.493,0.051,0.07,9.851,329.77,28.4,6.4,0,0,34.144712,341.17,,1,1,1,1,,3908.5
56109,0.138,-0.416,0.924,0.378,0.107,0.119,9.714,329.77,28.4,6.4,0,0,34.144712,341.17,,1,1,1,1,,3909
56109.5,0.064,-0.522,0.929,0.223,0.138,0.153,9.604,329.97,29.33,6,0,0,35.262831,340.97,,1,1,1,1,,3909.5
56110,-0.016,-0.597,0.836,0.025,0.174,0.159,9.488,329.97,29.33,6,0,0,35.262831,340.97,,1,1,1,1,,3910
56110.5,-0.09,-0.632,0.651,-0.173,0.178,0.097,9.443,329.97,31.35,4.1,0,0,37.691434,339.07,,1,1,1,1,,3910.5
56111,-0.151,-0.623,0.392,-0.364,0.187,-0.005,9.402,329.97,31.35,4.1,0,0,37.691434,339.07,,1,1,1,1,,3911
56111.5,-0.195,-0.573,0.086,-0.503,0.148,-0.067,9.472,329.87,31.35,4.4,0,0,37.691434,339.27,,1,1,1,1,,3911.5
56112,-0.217,-0.483,-0.231,-0.595,0.131,-0.133,9.512,329.87,31.35,4.4,0,0,37.691434,339.27,,1,1,1,1,,3912
56112.5,-0.223,-0.361,-0.527,-0.613,0.065,-0.177,9.665,329.87,32.28,5.2,0,0,38.809553,340.07,,1,1,1,1,,3912.5
56113,-0.216,-0.224,-0.764,-0.567,0.042,-0.179,9.745,329.87,32.28,5.2,0,0,38.809553,340.07,,1,1,1,1,,3913
56113.5,-0.201,-0.08,-0.922,-0.462,-0.024,-0.121,9.9,329.87,32.28,5.7,0,0,38.809553,340.57,,1,1,1,1,,3913.5
56114,-0.185,0.05,-0.981,-0.308,-0.054,-0.077,9.984,329.87,32.28,5.7,0,0,38.809553,340.57,,1,1,1,1,,3914
56114.5,-0.174,0.157,-0.942,-0.135,-0.093,-0.024,10.084,329.87,31.35,5.7,0,0,37.691434,340.57,,1,1,1,1,,3914.5
56115,-0.171,0.231,-0.808,0.058,-0.116,0.052,10.142,329.87,31.35,5.7,0,0,37.691434,340.57,,1,1,1,1,,3915
56115.5,-0.179,0.264,-0.596,0.23,-0.117,0.105,10.163,329.77,31.35,5.5,0,0,37.691434,340.27,,1,1,1,1,,3915.5
56116,-0.193,0.254,-0.327,0.39,-0.116,0.098,10.173,329.77,31.35,5.5,0,0,37.691434,340.27,,1,1,1,1,,3916
56116.5,-0.216,0.196,-0.03,0.495,-0.077,0.064,10.103,329.87,31.35,5.7,0,0,37.691434,340.57,,1,1,1,1,,3916.5
56117,-0.238,0.101,0.264,0.559,-0.064,0.031,10.065,329.87,31.35,5.7,0,0,37.691434,340.57,,1,1,1,1,,3917
56117.5,-0.257,-0.024,0.527,0.55,0.003,0.003,9.918,329.77,31.35,3.1,0,0,37.691434,337.87,,1,1,1,1,,3917.5
56118,-0.267,-0.164,0.725,0.483,0.04,-0.017,9.818,329.77,31.35,3.1,0,0,37.691434,337.87,,1,1,1,1,,3918
56118.5,-0.26,-0.304,0.838,0.348,0.111,-0.06,9.647,329.77,31.35,3.9,0,0,37.691434,338.67,,1,1,1,1,,3918.5
56119,-0.234,-0.422,0.848,0.176,0.134,-0.089,9.572,329.77,31.35,3.9,0,0,37.691434,338.67,,1,1,1,1,,3919
56119.5,-0.195,-0.509,0.761,-0.012,0.172,-0.112,9.478,329.67,31.35,1.9,0,0,37.691434,336.57,,1,1,1,1,,3919.5
56120,-0.144,-0.546,0.587,-0.193,0.165,-0.115,9.48,329.67,31.35,1.9,0,0,37.691434,336.57,,1,1,1,1,,3920
56120.5,-0.092,-0.539,0.355,-0.335,0.157,-0.123,9.499,329.57,30.43,4.3,0,0,36.585338,338.87,,1,1,1,1,,3920.5
56121,-0.037,-0.487,0.094,-0.434,0.136,-0.141,9.56,329.57,30.43,4.3,0,0,36.585338,338.87,,1,1,1,1,,3921
56121.5,0.016,-0.398,-0.161,-0.462,0.085,-0.109,9.675,329.57,30.43,356.9,0,0,36.585338,331.47,,1,1,1,1,,3921.5
56122,0.061,-0.287,-0.377,-0.436,0.05,-0.046,9.781,329.57,30.43,356.9,0,0,36.585338,331.47,,1,1,1,1,,3922
56122.5,0.101,-0.17,-0.528,-0.341,0.005,0.021,9.913,329.57,29.33,354.7,0,0,35.262831,329.27,,1,1,1,1,,3922.5
56123,0.134,-0.06,-0.596,-0.21,-0.034,0.072,10.002,329.57,29.33,354.7,0,0,35.262831,329.27,,1,1,1,1,,3923
56123.5,0.162,0.027,-0.577,-0.047,-0.088,0.102,10.109,329.57,29.33,358.5,0,0,35.262831,333.07,,1,1,1,1,,3923.5
56124,0.183,0.075,-0.475,0.111,-0.093,0.155,10.115,329.57,29.33,358.5,0,0,35.262831,333.07,,1,1,1,1,,3924
56124.5,0.189,0.085,-0.312,0.255,-0.112,0.173,10.136,329.67,28.4,358.6,0,0,34.144712,333.27,,1,1,1,1,,3924.5
56125,0.181,0.05,-0.108,0.359,-0.086,0.156,10.068,329.67,28.4,358.6,0,0,34.144712,333.27,,1,1,1,1,,3925
56125.5,0.155,-0.017,0.103,0.408,-0.065,0.125,10.004,329.67,29.33,2.1,0,0,35.262831,336.77,,1,1,1,1,,3925.5
56126,0.114,-0.111,0.293,0.398,-0.01,0.067,9.874,329.67,29.33,2.1,0,0,35.262831,336.77,,1,1,1,1,,3926
56126.5,0.056,-0.212,0.428,0.319,0.045,0.021,9.755,329.57,27.48,358,0,0,33.038616,332.57,,1,1,1,1,,3926.5
56127,-0.013,-0.307,0.492,0.196,0.1,0.002,9.631,329.57,27.48,358,0,0,33.038616,332.57,,1,1,1,1,,3927
56127.5,-0.09,-0.38,0.47,0.03,0.147,0.03,9.523,329.47,29.33,358.5,0,0,35.262831,332.97,,1,1,1,1,,3927.5
56128,-0.168,-0.422,0.364,-0.145,0.167,0.012,9.461,329.47,29.33,358.5,0,0,35.262831,332.97,,1,1,1,1,,3928
56128.5,-0.238,-0.424,0.185,-0.323,0.186,-0.001,9.417,329.47,31.35,359.7,0,0,37.691434,334.17,,1,1,1,1,,3928.5
56129,-0.289,-0.38,-0.044,-0.457,0.163,-0.046,9.469,329.47,31.35,359.7,0,0,37.691434,334.17,,1,1,1,1,,3929
56129.5,-0.327,-0.298,-0.292,-0.543,0.14,-0.117,9.529,329.37,30.43,357.9,0,0,36.585338,332.27,,1,1,1,1,,3929.5
56130,-0.342,-0.185,-0.521,-0.544,0.071,-0.16,9.694,329.37,30.43,357.9,0,0,36.585338,332.27,,1,1,1,1,,3930
56130.5,-0.344,-0.056,-0.689,-0.462,0.009,-0.188,9.853,329.37,32.28,0.7,0,0,38.809553,335.07,,1,1,1,1,,3930.5
56131,-0.329,0.063,-0.765,-0.292,-0.085,-0.217,10.077,329.37,32.28,0.7,0,0,38.809553,335.07,,1,1,1,1,,3931
56131.5,-0.301,0.155,-0.722,-0.056,-0.145,-0.213,10.237,329.27,31.35,359.4,0,0,37.691434,333.67,,1,1,1,1,,3931.5
56132,-0.264,0.201,-0.554,0.218,-0.199,-0.177,10.384,329.27,31.35,359.4,0,0,37.691434,333.67,,1,1,1,1,,3932
56132.5,-0.214,0.189,-0.273,0.49,-0.209,-0.135,10.419,329.27,31.35,3.5,0,0,37.691434,337.77,,1,1,1,1,,3932.5
56133,-0.166,0.113,0.085,0.699,-0.183,-0.077,10.368,329.27,31.35,3.5,0,0,37.691434,337.77,,1,1,1,1,,3933
56133.5,-0.125,-0.015,0.469,0.822,-0.114,-0.011,10.228,329.37,31.35,5.1,0,0,37.691434,339.47,,1,1,1,1,,3933.5
56134,-0.1,-0.18,0.819,0.821,-0.021,0.044,10.004,329.37,31.35,5.1,0,0,37.691434,339.47,,1,1,1,1,,3934
56134.5,-0.092,-0.36,1.078,0.695,0.081,0.12,9.741,329.47,30.43,357.2,0,0,36.585338,331.67,,1,1,1,1,,3934.5
56135,-0.1,-0.524,1.193,0.437,0.19,0.155,9.437,329.47,30.43,357.2,0,0,36.585338,331.67,,1,1,1,1,,3935
56135.5,-0.116,-0.645,1.13,0.09,0.264,0.18,9.205,329.47,28.4,359.4,0,0,34.144712,333.87,,1,1,1,1,,3935.5
56136,-0.14,-0.699,0.886,-0.3,0.316,0.173,9.034,329.47,28.4,359.4,0,0,34.144712,333.87,,1,1,1,1,,3936
56136.5,-0.171,-0.672,0.486,-0.664,0.306,0.182,9.014,329.47,28.4,359.1,0,0,34.144712,333.57,,1,1,1,1,,3936.5
56137,-0.199,-0.566,-0.016,-0.944,0.266,0.162,9.096,329.47,28.4,359.1,0,0,34.144712,333.57,,1,1,1,1,,3937
56137.5,-0.23,-0.392,-0.546,-1.09,0.166,0.047,9.322,329.47,29.33,354.4,0,0,35.262831,328.87,,1,1,1,1,,3937.5
56138,-0.256,-0.172,-1.021,-1.072,0.052,-0.062,9.617,329.47,29.33,354.4,0,0,35.262831,328.87,,1,1,1,1,,3938
56138.5,-0.273,0.059,-1.365,-0.885,-0.073,-0.188,9.958,329.17,29.33,355.1,0,0,35.262831,329.27,,1,1,1,1,,3938.5
56139,-0.27,0.266,-1.516,-0.551,-0.199,-0.294,10.311,329.17,29.33,355.1,0,0,35.262831,329.27,,1,1,1,1,,3939
56139.5,-0.249,0.415,-1.443,-0.124,-0.26,-0.306,10.54,329.07,29.33,356.9,0,0,35.262831,330.97,,1,1,1,1,,3939.5
56140,-0.208,0.485,-1.153,0.324,-0.3,-0.269,10.69,329.07,29.33,356.9,0,0,35.262831,330.97,,1,1,1,1,,3940
56140.5,-0.148,0.46,-0.685,0.736,-0.293,-0.238,10.699,329.07,28.4,4.3,0,0,34.144712,338.37,,1,1,1,1,,3940.5
56141,-0.076,0.347,-0.108,1.036,-0.23,-0.212,10.58,329.07,28.4,4.3,0,0,34.144712,338.37,,1,1,1,1,,3941
56141.5,-0.006,0.154,0.499,1.205,-0.156,-0.145,10.38,328.97,28.4,4,0,0,34.144712,337.97,,1,1,1,1,,3941.5
56142,0.052,-0.087,1.05,1.2,-0.047,-0.065,10.08,328.97,28.4,4,0,0,34.144712,337.97,,1,1,1,1,,3942
56142.5,0.098,-0.346,1.467,1.043,0.053,-0.016,9.784,329.07,27.48,10.9,0,0,33.038616,344.97,,1,1,1,1,,3942.5
56143,0.122,-0.593,1.694,0.738,0.177,0.079,9.442,329.07,27.48,10.9,0,0,33.038616,344.97,,1,1,1,1,,3943
56143.5,0.121,-0.785,1.699,0.345,0.241,0.185,9.22,329.27,27.48,5.1,0,0,33.038616,339.37,,1,1,1,1,,3943.5
56144,0.096,-0.906,1.482,-0.099,0.321,0.267,9.007,329.27,27.48,5.1,0,0,33.038616,339.37,,1,1,1,1,,3944
56144.5,0.045,-0.935,1.068,-0.528,0.33,0.291,8.955,329.37,27.48,2.8,0,0,33.038616,337.17,,1,1,1,1,,3944.5
56145,-0.023,-0.868,0.513,-0.89,0.321,0.299,8.97,329.37,27.48,2.8,0,0,33.038616,337.17,,1,1,1,1,,3945
56145.5,-0.108,-0.712,-0.117,-1.144,0.258,0.271,9.129,329.47,27.48,3.6,0,0,33.038616,338.07,,1,1,1,1,,3945.5
56146,-0.199,-0.49,-0.738,-1.25,0.188,0.141,9.34,329.47,27.48,3.6,0,0,33.038616,338.07,,1,1,1,1,,3946
56146.5,-0.292,-0.231,-1.273,-1.205,0.081,-0.003,9.626,329.47,28.4,359.8,0,0,34.144712,334.27,,1,1,1,1,,3946.5
56147,-0.375,0.035,-1.655,-1.005,-0.032,-0.117,9.926,329.47,28.4,359.8,0,0,34.144712,334.27,,1,1,1,1,,3947
56147.5,-0.443,0.277,-1.837,-0.691,-0.131,-0.19,10.195,329.27,31.35,2.1,0,0,37.691434,336.37,,1,1,1,1,,3947.5
56148,-0.483,0.464,-1.798,-0.296,-0.215,-0.311,10.42,329.27,31.35,2.1,0,0,37.691434,336.37,,1,1,1,1,,3948
56148.5,-0.485,0.571,-1.549,0.116,-0.252,-0.363,10.529,329.27,30.43,2.8,0,0,36.585338,337.07,,1,1,1,1,,3948.5
56149,-0.447,0.595,-1.128,0.494,-0.258,-0.348,10.552,329.27,30.43,2.8,0,0,36.585338,337.07,,1,1,1,1,,3949
56149.5,-0.37,0.537,-0.591,0.795,-0.236,-0.327,10.489,329.07,31.35,3.5,0,0,37.691434,337.57,,1,1,1,1,,3949.5
56150,-0.261,0.413,-0.005,0.993,-0.19,-0.26,10.369,329.07,31.35,3.5,0,0,37.691434,337.57,,1,1,1,1,,3950
56150.5,-0.133,0.235,0.562,1.072,-0.118,-0.164,10.185,329.07,29.33,7.5,0,0,35.262831,341.57,,1,1,1,1,,3950.5
56151,0.004,0.028,1.049,1.039,-0.052,-0.046,10.003,329.07,29.33,7.5,0,0,35.262831,341.57,,1,1,1,1,,3951
56151.5,0.137,-0.186,1.411,0.901,0.033,0.075,9.79,329.17,28.4,3.5,0,0,34.144712,337.67,,1,1,1,1,,3951.5
56152,0.249,-0.387,1.616,0.679,0.106,0.189,9.611,329.17,28.4,3.5,0,0,34.144712,337.67,,1,1,1,1,,3952
56152.5,0.327,-0.554,1.651,0.401,0.177,0.269,9.45,329.27,26.56,7,0,0,31.932519,341.27,,1,1,1,1,,3952.5
56153,0.363,-0.671,1.52,0.101,0.218,0.311,9.357,329.27,26.56,7,0,0,31.932519,341.27,,1,1,1,1,,3953
56153.5,0.358,-0.736,1.249,-0.185,0.243,0.331,9.31,329.27,28.4,7.2,0,0,34.144712,341.47,,1,1,1,1,,3953.5
56154,0.322,-0.744,0.873,-0.434,0.244,0.282,9.314,329.27,28.4,7.2,0,0,34.144712,341.47,,1,1,1,1,,3954
56154.5,0.254,-0.697,0.436,-0.622,0.21,0.18,9.378,329.37,29.33,3.9,0,0,35.262831,338.27,,1,1,1,1,,3954.5
56155,0.173,-0.608,-0.018,-0.742,0.175,0.064,9.456,329.37,29.33,3.9,0,0,35.262831,338.27,,1,1,1,1,,3955
56155.5,0.081,-0.493,-0.446,-0.792,0.132,-0.082,9.548,329.37,28.4,5.8,0,0,34.144712,340.17,,1,1,1,1,,3955.5
56156,-0.009,-0.353,-0.815,-0.778,0.078,-0.176,9.657,329.37,28.4,5.8,0,0,34.144712,340.17,,1,1,1,1,,3956
56156.5,-0.091,-0.2,-1.096,-0.694,0.018,-0.193,9.789,329.27,28.4,348.9,0,0,34.144712,323.17,,1,1,1,1,,3956.5
56157,-0.161,-0.053,-1.269,-0.555,-0.033,-0.193,9.911,329.27,28.4,348.9,0,0,34.144712,323.17,,1,1,1,1,,3957
56157.5,-0.211,0.082,-1.323,-0.373,-0.076,-0.145,10.023,329.27,27.48,2.5,0,0,33.038616,336.77,,1,1,1,1,,3957.5
56158,-0.24,0.194,-1.259,-0.167,-0.106,-0.108,10.105,329.27,27.48,2.5,0,0,33.038616,336.77,,1,1,1,1,,3958
56158.5,-0.25,0.272,-1.087,0.051,-0.14,-0.076,10.187,329.27,27.48,359.2,0,0,33.038616,333.47,,1,1,1,1,,3958.5
56159,-0.24,0.31,-0.822,0.261,-0.15,-0.039,10.223,329.27,27.48,359.2,0,0,33.038616,333.47,,1,1,1,1,,3959
56159.5,-0.218,0.311,-0.492,0.442,-0.138,0.013,10.222,329.27,27.48,1.5,0,0,33.038616,335.77,,1,1,1,1,,3959.5
56160,-0.19,0.27,-0.127,0.577,-0.105,0.069,10.171,329.27,27.48,1.5,0,0,33.038616,335.77,,1,1,1,1,,3960
56160.5,-0.169,0.194,0.236,0.65,-0.06,0.09,10.09,329.27,28.4,0.3,0,0,34.144712,334.57,,1,1,1,1,,3960.5
56161,-0.155,0.097,0.563,0.659,-0.011,0.111,9.986,329.27,28.4,0.3,0,0,34.144712,334.57,,1,1,1,1,,3961
56161.5,-0.154,-0.017,0.824,0.601,0.039,0.084,9.859,329.27,29.33,0.1,0,0,35.262831,334.37,,1,1,1,1,,3961.5
56162,-0.169,-0.133,0.995,0.487,0.075,0.051,9.745,329.27,29.33,0.1,0,0,35.262831,334.37,,1,1,1,1,,3962
56162.5,-0.207,-0.244,1.062,0.328,0.106,0.017,9.633,329.27,28.4,3.1,0,0,34.144712,337.37,,1,1,1,1,,3962.5
56163,-0.268,-0.339,1.025,0.146,0.128,-0.061,9.549,329.27,28.4,3.1,0,0,34.144712,337.37,,1,1,1,1,,3963
56163.5,-0.347,-0.407,0.89,-0.047,0.143,-0.152,9.482,329.37,29.33,358,0,0,35.262831,332.37,,1,1,1,1,,3963.5
56164,-0.438,-0.447,0.673,-0.228,0.141,-0.225,9.464,329.37,29.33,358,0,0,35.262831,332.37,,1,1,1,1,,3964
56164.5,-0.531,-0.454,0.398,-0.385,0.142,-0.256,9.463,329.37,29.33,1.8,0,0,35.262831,336.17,,1,1,1,1,,3964.5
56165,-0.618,-0.431,0.093,-0.497,0.121,-0.265,9.522,329.37,29.33,1.8,0,0,35.262831,336.17,,1,1,1,1,,3965
56165.5,-0.686,-0.38,-0.207,-0.55,0.106,-0.23,9.599,329.37,29.33,359.3,0,0,35.262831,333.67,,1,1,1,1,,3965.5
56166,-0.73,-0.302,-0.473,-0.543,0.067,-0.174,9.709,329.37,29.33,359.3,0,0,35.262831,333.67,,1,1,1,1,,3966
56166.5,-0.741,-0.215,-0.677,-0.479,0.029,-0.131,9.816,329.47,29.33,0,0,0,35.262831,334.47,,1,1,1,1,,3966.5
56167,-0.715,-0.125,-0.802,-0.371,0,-0.082,9.918,329.47,29.33,0,0,0,35.262831,334.47,,1,1,1,1,,3967
56167.5,-0.655,-0.038,-0.836,-0.221,-0.037,-0.027,10.021,329.47,29.33,359.9,0,0,35.262831,334.37,,1,1,1,1,,3967.5
56168,-0.572,0.033,-0.778,-0.053,-0.068,0.063,10.093,329.47,29.33,359.9,0,0,35.262831,334.37,,1,1,1,1,,3968
56168.5,-0.467,0.084,-0.638,0.12,-0.087,0.087,10.139,329.47,29.33,3,0,0,35.262831,337.47,,1,1,1,1,,3968.5
56169,-0.358,0.109,-0.431,0.271,-0.084,0.101,10.138,329.47,29.33,3,0,0,35.262831,337.47,,1,1,1,1,,3969
56169.5,-0.253,0.109,-0.185,0.391,-0.077,0.091,10.11,329.47,28.4,5.7,0,0,34.144712,340.17,,1,1,1,1,,3969.5
56170,-0.159,0.081,0.073,0.462,-0.052,0.039,10.046,329.47,28.4,5.7,0,0,34.144712,340.17,,1,1,1,1,,3970
56170.5,-0.085,0.033,0.315,0.482,-0.019,-0.005,9.966,329.37,27.48,3.1,0,0,33.038616,337.47,,1,1,1,1,,3970.5
56171,-0.033,-0.034,0.516,0.452,0.008,-0.073,9.873,329.37,27.48,3.1,0,0,33.038616,337.47,,1,1,1,1,,3971
56171.5,-0.006,-0.111,0.654,0.375,0.036,-0.136,9.787,329.27,27.48,0.2,0,0,33.038616,334.47,,1,1,1,1,,3971.5
56172,-0.002,-0.19,0.72,0.264,0.073,-0.2,9.697,329.27,27.48,0.2,0,0,33.038616,334.47,,1,1,1,1,,3972
56172.5,-0.016,-0.268,0.708,0.131,0.089,-0.217,9.631,329.17,29.33,2.8,0,0,35.262831,336.97,,1,1,1,1,,3972.5
56173,-0.041,-0.333,0.622,-0.015,0.106,-0.171,9.567,329.17,29.33,2.8,0,0,35.262831,336.97,,1,1,1,1,,3973
56173.5,-0.074,-0.38,0.469,-0.166,0.123,-0.104,9.518,329.17,30.43,2.8,0,0,36.585338,336.97,,1,1,1,1,,3973.5
56174,-0.108,-0.4,0.264,-0.306,0.127,-0.013,9.498,329.17,30.43,2.8,0,0,36.585338,336.97,,1,1,1,1,,3974
56174.5,-0.14,-0.389,0.023,-0.422,0.126,0.056,9.505,329.37,30.43,2.4,0,0,36.585338,336.77,,1,1,1,1,,3974.5
56175,-0.164,-0.347,-0.23,-0.503,0.113,0.101,9.548,329.37,30.43,2.4,0,0,36.585338,336.77,,1,1,1,1,,3975
56175.5,-0.174,-0.275,-0.47,-0.538,0.099,0.088,9.613,329.47,30.43,0.1,0,0,36.585338,334.57,,1,1,1,1,,3975.5
56176,-0.17,-0.179,-0.672,-0.51,0.056,0.068,9.734,329.47,30.43,0.1,0,0,36.585338,334.57,,1,1,1,1,,3976
56176.5,-0.146,-0.073,-0.806,-0.419,0.008,0.028,9.868,329.47,30.43,358.4,0,0,36.585338,332.87,,1,1,1,1,,3976.5
56177,-0.101,0.034,-0.853,-0.267,-0.041,-0.005,10.019,329.47,30.43,358.4,0,0,36.585338,332.87,,1,1,1,1,,3977
56177.5,-0.042,0.123,-0.797,-0.069,-0.08,0.04,10.145,329.47,30.43,2,0,0,36.585338,336.47,,1,1,1,1,,3977.5
56178,0.024,0.184,-0.64,0.149,-0.106,0.063,10.233,329.47,30.43,2,0,0,36.585338,336.47,,1,1,1,1,,3978
56178.5,0.087,0.207,-0.395,0.359,-0.125,0.076,10.271,329.27,30.43,357.1,0,0,36.585338,331.37,,1,1,1,1,,3978.5
56179,0.131,0.187,-0.09,0.529,-0.114,0.1,10.239,329.27,30.43,357.1,0,0,36.585338,331.37,,1,1,1,1,,3979
56179.5,0.146,0.123,0.238,0.637,-0.081,0.058,10.154,329.17,29.33,0,0,0,35.262831,334.17,,1,1,1,1,,3979.5
56180,0.13,0.024,0.548,0.666,-0.031,0.004,10.019,329.17,29.33,0,0,0,35.262831,334.17,,1,1,1,1,,3980
56180.5,0.08,-0.099,0.798,0.607,0.025,-0.062,9.855,329.17,29.33,357.1,0,0,35.262831,331.27,,1,1,1,1,,3980.5
56181,-0.001,-0.228,0.954,0.471,0.078,-0.063,9.69,329.17,29.33,357.1,0,0,35.262831,331.27,,1,1,1,1,,3981
56181.5,-0.097,-0.348,0.995,0.272,0.124,-0.061,9.541,329.17,29.33,358.7,0,0,35.262831,332.87,,1,1,1,1,,3981.5
56182,-0.209,-0.446,0.915,0.043,0.162,-0.038,9.428,329.17,29.33,358.7,0,0,35.262831,332.87,,1,1,1,1,,3982
56182.5,-0.32,-0.508,0.724,-0.189,0.17,-0.013,9.378,329.27,28.4,4,0,0,34.144712,338.27,,1,1,1,1,,3982.5
56183,-0.426,-0.528,0.449,-0.387,0.153,-0.035,9.401,329.27,28.4,4,0,0,34.144712,338.27,,1,1,1,1,,3983
56183.5,-0.511,-0.506,0.125,-0.536,0.145,-0.081,9.447,329.27,29.33,5.5,0,0,35.262831,339.77,,1,1,1,1,,3983.5
56184,-0.577,-0.442,-0.207,-0.612,0.115,-0.122,9.548,329.27,29.33,5.5,0,0,35.262831,339.77,,1,1,1,1,,3984
56184.5,-0.615,-0.351,-0.506,-0.614,0.069,-0.216,9.674,329.27,29.33,4.5,0,0,35.262831,338.77,,1,1,1,1,,3984.5
56185,-0.622,-0.24,-0.739,-0.546,0.025,-0.239,9.81,329.27,29.33,4.5,0,0,35.262831,338.77,,1,1,1,1,,3985
56185.5,-0.599,-0.126,-0.884,-0.425,-0.007,-0.222,9.918,329.27,29.33,4.2,0,0,35.262831,338.47,,1,1,1,1,,3985.5
56186,-0.546,-0.016,-0.929,-0.266,-0.037,-0.162,10.02,329.27,29.33,4.2,0,0,35.262831,338.47,,1,1,1,1,,3986
56186.5,-0.472,0.075,-0.877,-0.094,-0.043,-0.084,10.07,329.17,30.43,2.8,0,0,36.585338,336.97,,1,1,1,1,,3986.5
56187,-0.387,0.143,-0.739,0.074,-0.055,-0.022,10.105,329.17,30.43,2.8,0,0,36.585338,336.97,,1,1,1,1,,3987
56187.5,-0.299,0.184,-0.537,0.22,-0.055,0.03,10.101,329.17,28.4,358.9,0,0,34.144712,333.07,,1,1,1,1,,3987.5
56188,-0.22,0.194,-0.294,0.335,-0.05,0.051,10.081,329.17,28.4,358.9,0,0,34.144712,333.07,,1,1,1,1,,3988
56188.5,-0.154,0.175,-0.037,0.414,-0.039,0.031,10.039,329.17,26.56,2.8,0,0,31.932519,336.97,,1,1,1,1,,3988.5
56189,-0.114,0.127,0.212,0.458,-0.04,0.02,10.01,329.17,26.56,2.8,0,0,31.932519,336.97,,1,1,1,1,,3989
56189.5,-0.102,0.056,0.438,0.474,-0.034,0.008,9.967,329.17,26.56,1.5,0,0,31.932519,335.67,,1,1,1,1,,3989.5
56190,-0.124,-0.039,0.625,0.46,-0.028,-0.027,9.928,329.17,26.56,1.5,0,0,31.932519,335.67,,1,1,1,1,,3990
56190.5,-0.174,-0.147,0.764,0.42,-0.013,-0.069,9.87,329.17,26.56,0,0,0,31.932519,334.17,,1,1,1,1,,3990.5
56191,-0.239,-0.263,0.844,0.339,0.031,-0.124,9.777,329.17,26.56,0,0,0,31.932519,334.17,,1,1,1,1,,3991
56191.5,-0.302,-0.376,0.855,0.228,0.061,-0.148,9.698,329.27,27.48,7.9,0,0,33.038616,342.17,,1,1,1,1,,3991.5
56192,-0.346,-0.478,0.792,0.083,0.103,-0.189,9.597,329.27,27.48,7.9,0,0,33.038616,342.17,,1,1,1,1,,3992
56192.5,-0.356,-0.551,0.652,-0.087,0.149,-0.175,9.507,329.27,29.33,8.4,0,0,35.262831,342.67,,1,1,1,1,,3992.5
56193,-0.325,-0.587,0.44,-0.266,0.184,-0.115,9.44,329.27,29.33,8.4,0,0,35.262831,342.67,,1,1,1,1,,3993
56193.5,-0.251,-0.58,0.17,-0.438,0.201,-0.03,9.399,329.27,29.33,8,0,0,35.262831,342.27,,1,1,1,1,,3993.5
56194,-0.144,-0.522,-0.139,-0.585,0.194,0.052,9.401,329.27,29.33,8,0,0,35.262831,342.27,,1,1,1,1,,3994
56194.5,-0.011,-0.416,-0.461,-0.687,0.164,0.163,9.457,329.27,29.33,4.4,0,0,35.262831,338.67,,1,1,1,1,,3994.5
56195,0.127,-0.272,-0.763,-0.719,0.108,0.188,9.583,329.27,29.33,4.4,0,0,35.262831,338.67,,1,1,1,1,,3995
56195.5,0.248,-0.1,-1.004,-0.663,0.046,0.196,9.749,329.17,30.43,7.3,0,0,36.585338,341.47,,1,1,1,1,,3995.5
56196,0.338,0.073,-1.147,-0.512,-0.045,0.162,9.96,329.17,30.43,7.3,0,0,36.585338,341.47,,1,1,1,1,,3996
56196.5,0.375,0.229,-1.162,-0.275,-0.14,0.029,10.177,329.07,33.2,5,0,0,39.915649,339.07,,1,1,1,1,,3996.5
56197,0.36,0.343,-1.035,0.007,-0.174,-0.056,10.318,329.07,33.2,5,0,0,39.915649,339.07,,1,1,1,1,,3997
56197.5,0.303,0.402,-0.773,0.311,-0.212,-0.108,10.439,329.17,31.35,5.6,0,0,37.691434,339.77,,1,1,1,1,,3997.5
56198,0.214,0.395,-0.4,0.587,-0.197,-0.118,10.44,329.17,31.35,5.6,0,0,37.691434,339.77,,1,1,1,1,,3998
56198.5,0.109,0.32,0.041,0.807,-0.175,-0.121,10.414,329.27,31.35,4.5,0,0,37.691434,338.77,,1,1,1,1,,3998.5
56199,-0.007,0.18,0.503,0.936,-0.104,-0.086,10.256,329.27,31.35,4.5,0,0,37.691434,338.77,,1,1,1,1,,3999
56199.5,-0.12,-0.008,0.923,0.947,-0.037,-0.005,10.067,329.37,30.43,3,0,0,36.585338,337.37,,1,1,1,1,,3999.5
56200,-0.225,-0.222,1.247,0.839,0.046,0.024,9.821,329.37,30.43,3,0,0,36.585338,337.37,,1,1,1,1,,4000
56200.5,-0.31,-0.432,1.426,0.613,0.134,0.043,9.573,329.47,31.35,2.6,0,0,37.691434,337.07,,1,1,1,1,,4000.5
56201,-0.376,-0.618,1.435,0.312,0.197,0.012,9.366,329.47,31.35,2.6,0,0,37.691434,337.07,,1,1,1,1,,4001
56201.5,-0.42,-0.75,1.268,-0.04,0.248,0.005,9.199,329.47,31.35,1.2,0,0,37.691434,335.67,,1,1,1,1,,4001.5
56202,-0.441,-0.812,0.942,-0.386,0.262,-0.047,9.133,329.47,31.35,1.2,0,0,37.691434,335.67,,1,1,1,1,,4002
56202.5,-0.437,-0.798,0.496,-0.691,0.265,-0.086,9.128,329.47,30.43,1.5,0,0,36.585338,335.97,,1,1,1,1,,4002.5
56203,-0.411,-0.709,-0.016,-0.904,0.221,-0.073,9.249,329.47,30.43,1.5,0,0,36.585338,335.97,,1,1,1,1,,4003
56203.5,-0.367,-0.556,-0.527,-1.001,0.157,-0.072,9.423,329.57,31.35,3.1,0,0,37.691434,337.67,,1,1,1,1,,4003.5
56204,-0.306,-0.358,-0.971,-0.963,0.056,-0.087,9.686,329.57,31.35,3.1,0,0,37.691434,337.67,,1,1,1,1,,4004
56204.5,-0.239,-0.148,-1.288,-0.798,-0.027,-0.072,9.928,329.57,30.43,7.5,0,0,36.585338,342.07,,1,1,1,1,,4004.5
56205,-0.172,0.05,-1.439,-0.529,-0.112,-0.064,10.178,329.57,30.43,7.5,0,0,36.585338,342.07,,1,1,1,1,,4005
56205.5,-0.116,0.213,-1.405,-0.195,-0.164,-0.072,10.351,329.57,31.35,7.5,0,0,37.691434,342.07,,1,1,1,1,,4005.5
56206,-0.079,0.32,-1.195,0.149,-0.191,-0.054,10.442,329.57,31.35,7.5,0,0,37.691434,342.07,,1,1,1,1,,4006
56206.5,-0.071,0.359,-0.844,0.46,-0.192,-0.01,10.445,329.57,30.43,5.2,0,0,36.585338,339.77,,1,1,1,1,,4006.5
56207,-0.098,0.328,-0.405,0.685,-0.151,0.021,10.336,329.57,30.43,5.2,0,0,36.585338,339.77,,1,1,1,1,,4007
56207.5,-0.152,0.242,0.056,0.797,-0.087,0.055,10.159,329.67,29.33,6.2,0,0,35.262831,340.87,,1,1,1,1,,4007.5
56208,-0.225,0.111,0.472,0.778,-0.004,0.098,9.916,329.67,29.33,6.2,0,0,35.262831,340.87,,1,1,1,1,,4008
56208.5,-0.306,-0.035,0.784,0.642,0.06,0.089,9.694,329.77,28.4,7,0,0,34.144712,341.77,,1,1,1,1,,4008.5
56209,-0.381,-0.178,0.954,0.417,0.128,0.075,9.491,329.77,28.4,7,0,0,34.144712,341.77,,1,1,1,1,,4009
56209.5,-0.436,-0.298,0.968,0.145,0.17,0.027,9.368,329.77,29.33,6.1,0,0,35.262831,340.87,,1,1,1,1,,4009.5
56210,-0.457,-0.381,0.839,-0.124,0.196,-0.059,9.315,329.77,29.33,6.1,0,0,35.262831,340.87,,1,1,1,1,,4010
56210.5,-0.438,-0.42,0.599,-0.351,0.192,-0.155,9.346,329.77,29.33,3.7,0,0,35.262831,338.47,,1,1,1,1,,4010.5
56211,-0.379,-0.414,0.298,-0.497,0.149,-0.23,9.471,329.77,29.33,3.7,0,0,35.262831,338.47,,1,1,1,1,,4011
56211.5,-0.29,-0.372,-0.009,-0.544,0.099,-0.259,9.641,329.67,31.35,7.2,0,0,37.691434,341.87,,1,1,1,1,,4011.5
56212,-0.185,-0.306,-0.269,-0.486,0.033,-0.233,9.842,329.67,31.35,7.2,0,0,37.691434,341.87,,1,1,1,1,,4012
56212.5,-0.077,-0.235,-0.437,-0.333,-0.039,-0.147,10.048,329.57,33.2,7.7,0,0,39.915649,342.27,,1,1,1,1,,4012.5
56213,0.015,-0.172,-0.49,-0.127,-0.07,-0.076,10.177,329.57,33.2,7.7,0,0,39.915649,342.27,,1,1,1,1,,4013
56213.5,0.087,-0.131,-0.424,0.108,-0.104,-0.037,10.273,329.57,33.2,8.1,0,0,39.915649,342.67,,1,1,1,1,,4013.5
56214,0.127,-0.121,-0.255,0.32,-0.106,0.004,10.275,329.57,33.2,8.1,0,0,39.915649,342.67,,1,1,1,1,,4014
56214.5,0.132,-0.143,-0.018,0.49,-0.099,0.033,10.249,329.77,32.28,359.2,0,0,38.809553,333.97,,1,1,1,1,,4014.5
56215,0.11,-0.194,0.246,0.58,-0.038,0.042,10.102,329.77,32.28,359.2,0,0,38.809553,333.97,,1,1,1,1,,4015
56215.5,0.07,-0.263,0.489,0.58,0.001,0.102,9.965,329.87,32.28,0.3,0,0,38.809553,335.17,,1,1,1,1,,4015.5
56216,0.016,-0.339,0.669,0.49,0.059,0.172,9.766,329.87,32.28,0.3,0,0,38.809553,335.17,,1,1,1,1,,4016
56216.5,-0.033,-0.408,0.749,0.311,0.113,0.235,9.573,329.97,32.28,2.8,0,0,38.809553,337.77,,1,1,1,1,,4016.5
56217,-0.075,-0.457,0.709,0.072,0.151,0.25,9.396,329.97,32.28,2.8,0,0,38.809553,337.77,,1,1,1,1,,4017
56217.5,-0.101,-0.473,0.541,-0.211,0.184,0.217,9.255,330.07,33.2,4.5,0,0,39.915649,339.57,,1,1,1,1,,4017.5
56218,-0.109,-0.448,0.257,-0.488,0.2,0.143,9.194,330.07,33.2,4.5,0,0,39.915649,339.57,,1,1,1,1,,4018
56218.5,-0.099,-0.381,-0.112,-0.729,0.192,0.05,9.203,330.07,32.28,358.9,0,0,38.809553,333.97,,1,1,1,1,,4018.5
56219,-0.081,-0.274,-0.521,-0.885,0.154,-0.043,9.323,330.07,32.28,358.9,0,0,38.809553,333.97,,1,1,1,1,,4019
56219.5,-0.064,-0.137,-0.913,-0.943,0.127,-0.102,9.471,329.87,31.35,356.4,0,0,37.691434,331.27,,1,1,1,1,,4019.5
56220,-0.059,0.014,-1.234,-0.877,0.046,-0.155,9.712,329.87,31.35,356.4,0,0,37.691434,331.27,,1,1,1,1,,4020
56220.5,-0.07,0.158,-1.432,-0.694,-0.027,-0.188,9.958,329.67,31.35,359.1,0,0,37.691434,333.77,,1,1,1,1,,4020.5
56221,-0.093,0.281,-1.471,-0.41,-0.109,-0.206,10.222,329.67,31.35,359.1,0,0,37.691434,333.77,,1,1,1,1,,4021
56221.5,-0.124,0.363,-1.329,-0.049,-0.172,-0.183,10.426,329.67,32.28,2.3,0,0,38.809553,336.97,,1,1,1,1,,4021.5
56222,-0.161,0.387,-1.012,0.342,-0.221,-0.162,10.58,329.67,32.28,2.3,0,0,38.809553,336.97,,1,1,1,1,,4022
56222.5,-0.195,0.347,-0.544,0.717,-0.253,-0.136,10.643,329.67,30.43,1.2,0,0,36.585338,335.87,,1,1,1,1,,4022.5
56223,-0.223,0.248,0.024,1.02,-0.233,-0.1,10.597,329.67,30.43,1.2,0,0,36.585338,335.87,,1,1,1,1,,4023
56223.5,-0.247,0.091,0.628,1.218,-0.172,-0.052,10.452,329.87,30.43,1.2,0,0,36.585338,336.07,,1,1,1,1,,4023.5
56224,-0.264,-0.102,1.195,1.271,-0.084,0.029,10.226,329.87,30.43,1.2,0,0,36.585338,336.07,,1,1,1,1,,4024
56224.5,-0.279,-0.315,1.657,1.189,0.007,0.074,9.972,329.97,30.43,358.1,0,0,36.585338,333.07,,1,1,1,1,,4024.5
56225,-0.293,-0.526,1.955,0.96,0.124,0.112,9.655,329.97,30.43,358.1,0,0,36.585338,333.07,,1,1,1,1,,4025
56225.5,-0.304,-0.713,2.047,0.616,0.212,0.161,9.388,329.97,30.43,1.7,0,0,36.585338,336.67,,1,1,1,1,,4025.5
56226,-0.318,-0.848,1.913,0.183,0.308,0.195,9.108,329.97,30.43,1.7,0,0,36.585338,336.67,,1,1,1,1,,4026
56226.5,-0.334,-0.915,1.558,-0.283,0.34,0.17,8.952,330.07,29.33,2.7,0,0,35.262831,337.77,,1,1,1,1,,4026.5
56227,-0.356,-0.909,1.016,-0.733,0.348,0.091,8.858,330.07,29.33,2.7,0,0,35.262831,337.77,,1,1,1,1,,4027
56227.5,-0.386,-0.821,0.341,-1.109,0.308,-0.027,8.913,329.97,30.43,359.5,0,0,36.585338,334.47,,1,1,1,1,,4027.5
56228,-0.413,-0.664,-0.388,-1.356,0.234,-0.14,9.065,329.97,30.43,359.5,0,0,36.585338,334.47,,1,1,1,1,,4028
56228.5,-0.437,-0.452,-1.087,-1.449,0.133,-0.242,9.322,329.87,29.33,359,0,0,35.262831,333.87,,1,1,1,1,,4028.5
56229,-0.457,-0.212,-1.674,-1.373,0.038,-0.277,9.612,329.87,29.33,359,0,0,35.262831,333.87,,1,1,1,1,,4029
56229.5,-0.468,0.031,-2.08,-1.142,-0.07,-0.268,9.948,329.77,28.4,359.6,0,0,34.144712,334.37,,1,1,1,1,,4029.5
56230,-0.47,0.254,-2.255,-0.769,-0.178,-0.235,10.269,329.77,28.4,359.6,0,0,34.144712,334.37,,1,1,1,1,,4030
56230.5,-0.462,0.425,-2.177,-0.318,-0.236,-0.212,10.501,329.67,27.48,1.8,0,0,33.038616,336.47,,1,1,1,1,,4030.5
56231,-0.44,0.531,-1.859,0.167,-0.271,-0.173,10.674,329.67,27.48,1.8,0,0,33.038616,336.47,,1,1,1,1,,4031
56231.5,-0.405,0.561,-1.339,0.621,-0.268,-0.125,10.722,329.67,28.4,9.5,0,0,34.144712,344.17,,1,1,1,1,,4031.5
56232,-0.36,0.512,-0.678,1.002,-0.253,-0.072,10.701,329.67,28.4,9.5,0,0,34.144712,344.17,,1,1,1,1,,4032
56232.5,-0.311,0.388,0.049,1.258,-0.172,-0.02,10.524,329.77,30.43,6.7,0,0,36.585338,341.47,,1,1,1,1,,4032.5
56233,-0.254,0.209,0.756,1.365,-0.107,0.055,10.319,329.77,30.43,6.7,0,0,36.585338,341.47,,1,1,1,1,,4033
56233.5,-0.195,-0.009,1.365,1.319,-0.01,0.124,10.043,329.77,28.4,4.7,0,0,34.144712,339.47,,1,1,1,1,,4033.5
56234,-0.13,-0.238,1.811,1.13,0.083,0.129,9.765,329.77,28.4,4.7,0,0,34.144712,339.47,,1,1,1,1,,4034
56234.5,-0.061,-0.456,2.052,0.832,0.151,0.126,9.515,329.87,27.48,6.1,0,0,33.038616,340.97,,1,1,1,1,,4034.5
56235,0.008,-0.644,2.07,0.454,0.22,0.085,9.293,329.87,27.48,6.1,0,0,33.038616,340.97,,1,1,1,1,,4035
56235.5,0.068,-0.782,1.869,0.042,0.261,0.023,9.141,329.77,28.4,8.7,0,0,34.144712,343.47,,1,1,1,1,,4035.5
56236,0.117,-0.858,1.476,-0.37,0.287,-0.02,9.041,329.77,28.4,8.7,0,0,34.144712,343.47,,1,1,1,1,,4036
56236.5,0.147,-0.865,0.936,-0.731,0.28,-0.027,9.041,329.77,31.35,11.5,0,0,37.691434,346.27,,1,1,1,1,,4036.5
56237,0.153,-0.8,0.31,-1.01,0.253,-0.001,9.112,329.77,31.35,11.5,0,0,37.691434,346.27,,1,1,1,1,,4037
56237.5,0.131,-0.67,-0.336,-1.175,0.195,0.02,9.275,329.77,30.43,6.3,0,0,36.585338,341.07,,1,1,1,1,,4037.5
56238,0.08,-0.496,-0.931,-1.21,0.135,0.046,9.476,329.77,30.43,6.3,0,0,36.585338,341.07,,1,1,1,1,,4038
56238.5,0.003,-0.289,-1.412,-1.112,0.056,0.047,9.724,329.77,32.28,8.2,0,0,38.809553,342.97,,1,1,1,1,,4038.5
56239,-0.087,-0.076,-1.731,-0.9,-0.024,0.03,9.963,329.77,32.28,8.2,0,0,38.809553,342.97,,1,1,1,1,,4039
56239.5,-0.176,0.126,-1.858,-0.6,-0.096,0.003,10.178,329.67,32.28,10.5,0,0,38.809553,345.17,,1,1,1,1,,4039.5
56240,-0.253,0.293,-1.787,-0.247,-0.156,-0.016,10.347,329.67,32.28,10.5,0,0,38.809553,345.17,,1,1,1,1,,4040
56240.5,-0.306,0.413,-1.531,0.12,-0.195,-0.045,10.456,329.67,32.28,9.9,0,0,38.809553,344.57,,1,1,1,1,,4040.5
56241,-0.326,0.471,-1.121,0.465,-0.208,-0.118,10.495,329.67,32.28,9.9,0,0,38.809553,344.57,,1,1,1,1,,4041
56241.5,-0.311,0.469,-0.606,0.75,-0.203,-0.146,10.46,329.57,31.35,10.2,0,0,37.691434,344.77,,1,1,1,1,,4041.5
56242,-0.262,0.401,-0.041,0.954,-0.184,-0.138,10.387,329.57,31.35,10.2,0,0,37.691434,344.77,,1,1,1,1,,4042
56242.5,-0.188,0.281,0.516,1.06,-0.129,-0.129,10.249,329.47,30.43,8.9,0,0,36.585338,343.37,,1,1,1,1,,4042.5
56243,-0.095,0.116,1.013,1.066,-0.067,-0.113,10.09,329.47,30.43,8.9,0,0,36.585338,343.37,,1,1,1,1,,4043
56243.5,0.001,-0.078,1.402,0.971,0.002,-0.074,9.903,329.47,32.28,8.8,0,0,38.809553,343.27,,1,1,1,1,,4043.5
56244,0.089,-0.285,1.65,0.79,0.069,-0.019,9.728,329.47,32.28,8.8,0,0,38.809553,343.27,,1,1,1,1,,4044
56244.5,0.149,-0.485,1.738,0.542,0.136,0.057,9.547,329.57,30.43,6.9,0,0,36.585338,341.47,,1,1,1,1,,4044.5
56245,0.173,-0.666,1.66,0.242,0.202,0.123,9.386,329.57,30.43,6.9,0,0,36.585338,341.47,,1,1,1,1,,4045
56245.5,0.157,-0.807,1.421,-0.087,0.259,0.149,9.24,329.57,30.43,4.4,0,0,36.585338,338.97,,1,1,1,1,,4045.5
56246,0.105,-0.893,1.041,-0.418,0.288,0.119,9.158,329.57,30.43,4.4,0,0,36.585338,338.97,,1,1,1,1,,4046
56246.5,0.018,-0.912,0.55,-0.72,0.296,0.141,9.127,329.67,30.43,6.6,0,0,36.585338,341.27,,1,1,1,1,,4046.5
56247,-0.096,-0.859,-0.006,-0.962,0.275,0.055,9.162,329.67,30.43,6.6,0,0,36.585338,341.27,,1,1,1,1,,4047
56247.5,-0.226,-0.738,-0.577,-1.122,0.23,0.026,9.256,329.67,28.4,356.9,0,0,34.144712,331.57,,1,1,1,1,,4047.5
56248,-0.362,-0.554,-1.108,-1.174,0.158,-0.019,9.432,329.67,28.4,356.9,0,0,34.144712,331.57,,1,1,1,1,,4048
56248.5,-0.49,-0.325,-1.544,-1.108,0.073,-0.077,9.644,329.67,29.33,4.3,0,0,35.262831,338.97,,1,1,1,1,,4048.5
56249,-0.593,-0.071,-1.835,-0.919,-0.024,-0.097,9.907,329.67,29.33,4.3,0,0,35.262831,338.97,,1,1,1,1,,4049
56249.5,-0.658,0.175,-1.943,-0.624,-0.115,-0.116,10.157,329.57,28.4,4.5,0,0,34.144712,339.07,,1,1,1,1,,4049.5
56250,-0.674,0.394,-1.851,-0.251,-0.194,-0.13,10.388,329.57,28.4,4.5,0,0,34.144712,339.07,,1,1,1,1,,4050
56250.5,-0.638,0.555,-1.561,0.155,-0.233,-0.166,10.532,329.47,28.4,9.9,0,0,34.144712,344.37,,1,1,1,1,,4050.5
56251,-0.556,0.646,-1.102,0.544,-0.249,-0.183,10.597,329.47,28.4,9.9,0,0,34.144712,344.37,,1,1,1,1,,4051
56251.5,-0.442,0.654,-0.524,0.877,-0.244,-0.2,10.584,329.37,29.33,2.3,0,0,35.262831,336.67,,1,1,1,1,,4051.5
56252,-0.312,0.579,0.114,1.114,-0.207,-0.224,10.477,329.37,29.33,2.3,0,0,35.262831,336.67,,1,1,1,1,,4052
56252.5,-0.187,0.427,0.742,1.236,-0.158,-0.146,10.326,329.27,29.33,5.1,0,0,35.262831,339.37,,1,1,1,1,,4052.5
56253,-0.081,0.214,1.3,1.244,-0.101,-0.086,10.145,329.27,29.33,5.1,0,0,35.262831,339.37,,1,1,1,1,,4053
56253.5,-0.006,-0.043,1.737,1.138,-0.029,-0.015,9.934,329.27,28.4,0.6,0,0,34.144712,334.87,,1,1,1,1,,4053.5
56254,0.033,-0.32,2.011,0.928,0.058,0.04,9.703,329.27,28.4,0.6,0,0,34.144712,334.87,,1,1,1,1,,4054
56254.5,0.033,-0.589,2.097,0.627,0.14,0.083,9.476,329.37,27.48,5.8,0,0,33.038616,340.17,,1,1,1,1,,4054.5
56255,-0.003,-0.825,1.983,0.262,0.212,0.12,9.279,329.37,27.48,5.8,0,0,33.038616,340.17,,1,1,1,1,,4055
56255.5,-0.07,-1.006,1.677,-0.138,0.285,0.121,9.112,329.47,26.56,8.9,0,0,31.932519,343.37,,1,1,1,1,,4055.5
56256,-0.159,-1.109,1.202,-0.537,0.337,0.068,9.013,329.47,26.56,8.9,0,0,31.932519,343.37,,1,1,1,1,,4056
56256.5,-0.259,-1.124,0.6,-0.892,0.352,0.006,8.996,329.57,28.4,359.9,0,0,34.144712,334.47,,1,1,1,1,,4056.5
56257,-0.36,-1.048,-0.071,-1.158,0.32,-0.047,9.088,329.57,28.4,359.9,0,0,34.144712,334.47,,1,1,1,1,,4057
56257.5,-0.451,-0.888,-0.742,-1.302,0.256,-0.055,9.266,329.57,28.4,0.3,0,0,34.144712,334.87,,1,1,1,1,,4057.5
56258,-0.52,-0.661,-1.34,-1.307,0.172,-0.062,9.494,329.57,28.4,0.3,0,0,34.144712,334.87,,1,1,1,1,,4058
56258.5,-0.554,-0.393,-1.805,-1.18,0.076,-0.078,9.741,329.57,29.33,355.2,0,0,35.262831,329.77,,1,1,1,1,,4058.5
56259,-0.551,-0.11,-2.09,-0.941,-0.021,-0.096,9.973,329.57,29.33,355.2,0,0,35.262831,329.77,,1,1,1,1,,4059
56259.5,-0.507,0.163,-2.174,-0.627,-0.108,-0.131,10.176,329.47,28.4,1.3,0,0,34.144712,335.77,,1,1,1,1,,4059.5
56260,-0.429,0.401,-2.054,-0.26,-0.175,-0.1,10.341,329.47,28.4,1.3,0,0,34.144712,335.77,,1,1,1,1,,4060
56260.5,-0.327,0.581,-1.747,0.115,-0.226,-0.104,10.448,329.37,29.33,1.3,0,0,35.262831,335.67,,1,1,1,1,,4060.5
56261,-0.213,0.695,-1.285,0.477,-0.256,-0.068,10.517,329.37,29.33,1.3,0,0,35.262831,335.67,,1,1,1,1,,4061
56261.5,-0.102,0.725,-0.714,0.781,-0.245,-0.042,10.487,329.37,31.35,0.1,0,0,37.691434,334.47,,1,1,1,1,,4061.5
56262,-0.009,0.678,-0.09,1.007,-0.223,-0.008,10.422,329.37,31.35,0.1,0,0,37.691434,334.47,,1,1,1,1,,4062
56262.5,0.054,0.554,0.528,1.13,-0.163,0.019,10.276,329.27,31.35,1.1,0,0,37.691434,335.37,,1,1,1,1,,4062.5
56263,0.083,0.373,1.084,1.151,-0.108,0.001,10.133,329.27,31.35,1.1,0,0,37.691434,335.37,,1,1,1,1,,4063
56263.5,0.079,0.146,1.53,1.066,-0.02,-0.018,9.922,329.27,30.43,8,0,0,36.585338,342.27,,1,1,1,1,,4063.5
56264,0.043,-0.102,1.827,0.888,0.046,-0.02,9.745,329.27,30.43,8,0,0,36.585338,342.27,,1,1,1,1,,4064
56264.5,-0.019,-0.349,1.955,0.637,0.123,-0.03,9.558,329.27,31.35,1.6,0,0,37.691434,335.87,,1,1,1,1,,4064.5
56265,-0.102,-0.574,1.907,0.34,0.176,-0.003,9.434,329.27,31.35,1.6,0,0,37.691434,335.87,,1,1,1,1,,4065
56265.5,-0.188,-0.762,1.697,0.035,0.226,0.057,9.335,329.37,32.28,2,0,0,38.809553,336.37,,1,1,1,1,,4065.5
56266,-0.266,-0.894,1.352,-0.254,0.241,0.09,9.31,329.37,32.28,2,0,0,38.809553,336.37,,1,1,1,1,,4066
56266.5,-0.328,-0.97,0.915,-0.489,0.234,0.078,9.345,329.47,32.28,3.7,0,0,38.809553,338.17,,1,1,1,1,,4066.5
56267,-0.367,-0.984,0.43,-0.662,0.218,0.034,9.411,329.47,32.28,3.7,0,0,38.809553,338.17,,1,1,1,1,,4067
56267.5,-0.374,-0.945,-0.053,-0.753,0.176,-0.039,9.517,329.37,32.28,4.4,0,0,38.809553,338.77,,1,1,1,1,,4067.5
56268,-0.353,-0.858,-0.495,-0.785,0.148,-0.128,9.594,329.37,32.28,4.4,0,0,38.809553,338.77,,1,1,1,1,,4068
56268.5,-0.305,-0.728,-0.868,-0.758,0.111,-0.205,9.68,329.37,31.35,8.1,0,0,37.691434,342.47,,1,1,1,1,,4068.5
56269,-0.242,-0.568,-1.153,-0.696,0.083,-0.237,9.732,329.37,31.35,8.1,0,0,37.691434,342.47,,1,1,1,1,,4069
56269.5,-0.17,-0.382,-1.346,-0.602,0.05,-0.194,9.806,329.27,29.33,5.9,0,0,35.262831,340.17,,1,1,1,1,,4069.5
56270,-0.103,-0.186,-1.443,-0.492,0.035,-0.104,9.835,329.27,29.33,5.9,0,0,35.262831,340.17,,1,1,1,1,,4070
56270.5,-0.05,0.011,-1.451,-0.367,-0.005,0.031,9.897,329.27,30.43,4.1,0,0,36.585338,338.37,,1,1,1,1,,4070.5
56271,-0.02,0.199,-1.375,-0.233,-0.027,0.108,9.932,329.27,30.43,4.1,0,0,36.585338,338.37,,1,1,1,1,,4071
56271.5,-0.018,0.365,-1.227,-0.09,-0.064,0.142,9.996,329.27,31.35,4.2,0,0,37.691434,338.47,,1,1,1,1,,4071.5
56272,-0.045,0.495,-1.01,0.071,-0.107,0.161,10.073,329.27,31.35,4.2,0,0,37.691434,338.47,,1,1,1,1,,4072
56272.5,-0.094,0.579,-0.732,0.239,-0.142,0.123,10.146,329.27,32.28,5.6,0,0,38.809553,339.87,,1,1,1,1,,4072.5
56273,-0.155,0.606,-0.402,0.413,-0.163,0.076,10.209,329.27,32.28,5.6,0,0,38.809553,339.87,,1,1,1,1,,4073
56273.5,-0.214,0.572,-0.035,0.572,-0.164,0.01,10.226,329.27,31.35,6.9,0,0,37.691434,341.17,,1,1,1,1,,4073.5
56274,-0.263,0.473,0.35,0.708,-0.166,-0.031,10.235,329.27,31.35,6.9,0,0,37.691434,341.17,,1,1,1,1,,4074
56274.5,-0.291,0.318,0.727,0.787,-0.116,-0.076,10.149,329.37,31.35,5.4,0,0,37.691434,339.77,,1,1,1,1,,4074.5
56275,-0.293,0.118,1.061,0.804,-0.074,-0.119,10.073,329.37,31.35,5.4,0,0,37.691434,339.77,,1,1,1,1,,4075
56275.5,-0.273,-0.115,1.325,0.752,0.009,-0.17,9.924,329.27,30.43,5.1,0,0,36.585338,339.37,,1,1,1,1,,4075.5
56276,-0.229,-0.357,1.49,0.632,0.069,-0.209,9.799,329.27,30.43,5.1,0,0,36.585338,339.37,,1,1,1,1,,4076
56276.5,-0.166,-0.589,1.541,0.454,0.144,-0.189,9.639,329.17,30.43,1.7,0,0,36.585338,335.87,,1,1,1,1,,4076.5
56277,-0.098,-0.784,1.464,0.22,0.207,-0.13,9.498,329.17,30.43,1.7,0,0,36.585338,335.87,,1,1,1,1,,4077
56277.5,-0.032,-0.927,1.262,-0.036,0.253,-0.024,9.385,329.17,31.35,0,0,0,37.691434,334.17,,1,1,1,1,,4077.5
56278,0.029,-1.005,0.947,-0.301,0.277,0.078,9.31,329.17,31.35,0,0,0,37.691434,334.17,,1,1,1,1,,4078
56278.5,0.075,-1.01,0.547,-0.528,0.25,0.121,9.319,329.07,32.28,2.2,0,0,38.809553,336.27,,1,1,1,1,,4078.5
56279,0.107,-0.94,0.101,-0.709,0.21,0.109,9.358,329.07,32.28,2.2,0,0,38.809553,336.27,,1,1,1,1,,4079
56279.5,0.116,-0.805,-0.348,-0.804,0.142,0.057,9.487,329.17,32.28,358.6,0,0,38.809553,332.77,,1,1,1,1,,4079.5
56280,0.104,-0.619,-0.754,-0.826,0.106,-0.009,9.581,329.17,32.28,358.6,0,0,38.809553,332.77,,1,1,1,1,,4080
56280.5,0.079,-0.4,-1.083,-0.765,0.03,-0.015,9.755,329.17,32.28,5.4,0,0,38.809553,339.57,,1,1,1,1,,4080.5
56281,0.049,-0.168,-1.304,-0.636,-0.013,-0.035,9.867,329.17,32.28,5.4,0,0,38.809553,339.57,,1,1,1,1,,4081
56281.5,0.017,0.048,-1.403,-0.459,-0.064,-0.036,10.012,329.17,32.28,3.2,0,0,38.809553,337.37,,1,1,1,1,,4081.5
56282,-0.005,0.236,-1.374,-0.244,-0.08,0.027,10.092,329.17,32.28,3.2,0,0,38.809553,337.37,,1,1,1,1,,4082
56282.5,-0.016,0.375,-1.229,-0.031,-0.107,0.08,10.155,329.27,31.35,2.3,0,0,37.691434,336.57,,1,1,1,1,,4082.5
56283,-0.008,0.459,-0.989,0.175,-0.12,0.104,10.179,329.27,31.35,2.3,0,0,37.691434,336.57,,1,1,1,1,,4083
56283.5,0.016,0.48,-0.681,0.343,-0.118,0.142,10.166,329.27,31.35,4.8,0,0,37.691434,339.07,,1,1,1,1,,4083.5
56284,0.057,0.436,-0.335,0.483,-0.119,0.104,10.151,329.27,31.35,4.8,0,0,37.691434,339.07,,1,1,1,1,,4084
56284.5,0.105,0.338,0.019,0.565,-0.092,0.079,10.071,329.27,30.43,5.7,0,0,36.585338,339.97,,1,1,1,1,,4084.5
56285,0.151,0.193,0.349,0.598,-0.075,0.034,10.003,329.27,30.43,5.7,0,0,36.585338,339.97,,1,1,1,1,,4085
56285.5,0.185,0.023,0.628,0.567,-0.023,0.029,9.888,329.17,29.33,0.2,0,0,35.262831,334.37,,1,1,1,1,,4085.5
56286,0.201,-0.154,0.832,0.495,0.018,0.024,9.814,329.17,29.33,0.2,0,0,35.262831,334.37,,1,1,1,1,,4086
56286.5,0.195,-0.327,0.952,0.377,0.083,-0.017,9.699,329.07,28.4,0.2,0,0,34.144712,334.27,,1,1,1,1,,4086.5
56287,0.17,-0.471,0.979,0.236,0.116,-0.05,9.641,329.07,28.4,0.2,0,0,34.144712,334.27,,1,1,1,1,,4087
56287.5,0.131,-0.579,0.919,0.079,0.154,-0.062,9.576,329.07,26.56,2.9,0,0,31.932519,336.97,,1,1,1,1,,4087.5
56288,0.09,-0.638,0.781,-0.072,0.17,-0.113,9.56,329.07,26.56,2.9,0,0,31.932519,336.97,,1,1,1,1,,4088
56288.5,0.049,-0.649,0.585,-0.203,0.173,-0.153,9.555,329.07,27.48,8.5,0,0,33.038616,342.57,,1,1,1,1,,4088.5
56289,0.019,-0.613,0.355,-0.3,0.148,-0.113,9.606,329.07,27.48,8.5,0,0,33.038616,342.57,,1,1,1,1,,4089
56289.5,0.003,-0.54,0.12,-0.345,0.109,-0.014,9.678,329.07,31.35,4.3,0,0,37.691434,338.37,,1,1,1,1,,4089.5
56290,-0.009,-0.44,-0.095,-0.348,0.067,0.097,9.759,329.07,31.35,4.3,0,0,37.691434,338.37,,1,1,1,1,,4090
56290.5,-0.012,-0.326,-0.267,-0.302,0.031,0.163,9.84,329.07,31.35,2.5,0,0,37.691434,336.57,,1,1,1,1,,4090.5
56291,-0.016,-0.217,-0.381,-0.224,-0.007,0.202,9.922,329.07,31.35,2.5,0,0,37.691434,336.57,,1,1,1,1,,4091
56291.5,-0.023,-0.125,-0.43,-0.118,-0.036,0.157,9.986,329.07,33.2,2.2,0,0,39.915649,336.27,,1,1,1,1,,4091.5
56292,-0.029,-0.059,-0.417,-0.012,-0.048,0.039,10.005,329.07,33.2,2.2,0,0,39.915649,336.27,,1,1,1,1,,4092
56292.5,-0.038,-0.029,-0.352,0.081,-0.049,-0.032,9.996,329.07,32.28,0.6,0,0,38.809553,334.67,,1,1,1,1,,4092.5
56293,-0.048,-0.034,-0.256,0.135,-0.026,-0.121,9.917,329.07,32.28,0.6,0,0,38.809553,334.67,,1,1,1,1,,4093
56293.5,-0.064,-0.07,-0.158,0.139,-0.004,-0.131,9.833,329.07,32.28,3.8,0,0,38.809553,337.87,,1,1,1,1,,4093.5
56294,-0.089,-0.119,-0.083,0.087,0.046,-0.056,9.707,329.07,32.28,3.8,0,0,38.809553,337.87,,1,1,1,1,,4094
56294.5,-0.123,-0.169,-0.052,-0.004,0.071,0.004,9.625,329.07,31.35,1.9,0,0,37.691434,335.97,,1,1,1,1,,4094.5
56295,-0.164,-0.206,-0.073,-0.117,0.097,0.05,9.555,329.07,31.35,1.9,0,0,37.691434,335.97,,1,1,1,1,,4095
56295.5,-0.206,-0.218,-0.143,-0.226,0.11,0.084,9.548,329.17,32.28,2.2,0,0,38.809553,336.37,,1,1,1,1,,4095.5
56296,-0.248,-0.199,-0.243,-0.301,0.102,0.075,9.59,329.17,32.28,2.2,0,0,38.809553,336.37,,1,1,1,1,,4096
56296.5,-0.286,-0.154,-0.35,-0.327,0.073,0.025,9.692,329.17,32.28,4,0,0,38.809553,338.17,,1,1,1,1,,4096.5
56297,-0.312,-0.089,-0.432,-0.288,0.045,-0.053,9.811,329.17,32.28,4,0,0,38.809553,338.17,,1,1,1,1,,4097
56297.5,-0.321,-0.015,-0.465,-0.195,0.008,-0.082,9.939,328.97,32.28,3.9,0,0,38.809553,337.87,,1,1,1,1,,4097.5
56298,-0.309,0.055,-0.429,-0.046,-0.042,-0.135,10.075,328.97,32.28,3.9,0,0,38.809553,337.87,,1,1,1,1,,4098
56298.5,-0.278,0.107,-0.314,0.134,-0.078,-0.111,10.178,328.97,32.28,4.1,0,0,38.809553,338.07,,1,1,1,1,,4098.5
56299,-0.233,0.126,-0.122,0.335,-0.125,-0.11,10.283,328.97,32.28,4.1,0,0,38.809553,338.07,,1,1,1,1,,4099
56299.5,-0.172,0.103,0.139,0.531,-0.142,-0.103,10.322,328.87,33.2,5.5,0,0,39.915649,339.37,,1,1,1,1,,4099.5
56300,-0.104,0.032,0.446,0.699,-0.141,-0.13,10.32,328.87,33.2,5.5,0,0,39.915649,339.37,,1,1,1,1,,4100
56300.5,-0.028,-0.085,0.768,0.803,-0.105,-0.149,10.218,328.77,32.28,4.7,0,0,38.809553,338.47,,1,1,1,1,,4100.5
56301,0.051,-0.243,1.058,0.809,-0.049,-0.144,10.053,328.77,32.28,4.7,0,0,38.809553,338.47,,1,1,1,1,,4101
56301.5,0.128,-0.422,1.269,0.711,0.029,-0.111,9.833,328.77,31.35,6.5,0,0,37.691434,340.27,,1,1,1,1,,4101.5
56302,0.196,-0.602,1.358,0.498,0.131,-0.028,9.566,328.77,31.35,6.5,0,0,37.691434,340.27,,1,1,1,1,,4102
56302.5,0.244,-0.756,1.291,0.19,0.218,0.072,9.314,328.87,33.2,5.7,0,0,39.915649,339.57,,1,1,1,1,,4102.5
56303,0.271,-0.859,1.053,-0.192,0.296,0.178,9.078,328.87,33.2,5.7,0,0,39.915649,339.57,,1,1,1,1,,4103
56303.5,0.275,-0.888,0.647,-0.595,0.324,0.225,8.953,328.97,32.28,1.7,0,0,38.809553,335.67,,1,1,1,1,,4103.5
56304,0.252,-0.833,0.111,-0.951,0.313,0.226,8.956,328.97,32.28,1.7,0,0,38.809553,335.67,,1,1,1,1,,4104
56304.5,0.208,-0.695,-0.493,-1.198,0.258,0.213,9.099,328.97,33.2,0.6,0,0,39.915649,334.57,,1,1,1,1,,4104.5
56305,0.154,-0.491,-1.083,-1.294,0.164,0.174,9.34,328.97,33.2,0.6,0,0,39.915649,334.57,,1,1,1,1,,4105
56305.5,0.095,-0.243,-1.579,-1.226,0.047,0.087,9.648,329.07,34.12,357.1,0,0,41.021746,331.17,,1,1,1,1,,4105.5
56306,0.041,0.016,-1.911,-1.003,-0.057,0.017,9.954,329.07,34.12,357.1,0,0,41.021746,331.17,,1,1,1,1,,4106
56306.5,0.001,0.26,-2.036,-0.666,-0.151,-0.009,10.228,328.97,34.12,352.7,0,0,41.021746,326.67,,1,1,1,1,,4106.5
56307,-0.02,0.461,-1.937,-0.256,-0.214,-0.071,10.441,328.97,34.12,352.7,0,0,41.021746,326.67,,1,1,1,1,,4107
56307.5,-0.019,0.596,-1.626,0.174,-0.248,-0.081,10.573,328.97,32.28,0.8,0,0,38.809553,334.77,,1,1,1,1,,4107.5
56308,-0.002,0.657,-1.14,0.576,-0.255,-0.07,10.62,328.97,32.28,0.8,0,0,38.809553,334.77,,1,1,1,1,,4108
56308.5,0.028,0.634,-0.535,0.908,-0.239,-0.055,10.583,328.77,33.2,0.3,0,0,39.915649,334.07,,1,1,1,1,,4108.5
56309,0.065,0.532,0.123,1.138,-0.193,0.005,10.465,328.77,33.2,0.3,0,0,39.915649,334.07,,1,1,1,1,,4109
56309.5,0.097,0.362,0.765,1.245,-0.129,0.036,10.287,328.67,32.28,2.7,0,0,38.809553,336.37,,1,1,1,1,,4109.5
56310,0.123,0.142,1.323,1.225,-0.058,0.029,10.079,328.67,32.28,2.7,0,0,38.809553,336.37,,1,1,1,1,,4110
56310.5,0.141,-0.107,1.746,1.089,0.016,0.034,9.855,328.57,32.28,2.6,0,0,38.809553,336.17,,1,1,1,1,,4110.5
56311,0.152,-0.358,1.994,0.85,0.093,0.004,9.628,328.57,32.28,2.6,0,0,38.809553,336.17,,1,1,1,1,,4111
56311.5,0.156,-0.59,2.048,0.536,0.161,-0.032,9.431,328.57,33.2,3.9,0,0,39.915649,337.47,,1,1,1,1,,4111.5
56312,0.157,-0.78,1.906,0.179,0.224,-0.03,9.271,328.57,33.2,3.9,0,0,39.915649,337.47,,1,1,1,1,,4112
56312.5,0.149,-0.91,1.588,-0.186,0.259,-0.064,9.176,328.67,32.28,359.7,0,0,38.809553,333.37,,1,1,1,1,,4112.5
56313,0.131,-0.969,1.127,-0.521,0.279,-0.07,9.144,328.67,32.28,359.7,0,0,38.809553,333.37,,1,1,1,1,,4113
56313.5,0.099,-0.951,0.573,-0.79,0.264,-0.053,9.196,328.77,32.28,2.3,0,0,38.809553,336.07,,1,1,1,1,,4113.5
56314,0.055,-0.866,-0.012,-0.959,0.214,-0.041,9.328,328.77,32.28,2.3,0,0,38.809553,336.07,,1,1,1,1,,4114
56314.5,0.002,-0.72,-0.568,-1.022,0.149,-0.015,9.492,328.87,33.2,359.3,0,0,39.915649,333.17,,1,1,1,1,,4114.5
56315,-0.061,-0.534,-1.04,-0.977,0.083,0.013,9.673,328.87,33.2,359.3,0,0,39.915649,333.17,,1,1,1,1,,4115
56315.5,-0.129,-0.328,-1.387,-0.842,0.015,0.051,9.844,328.87,31.35,358,0,0,37.691434,331.87,,1,1,1,1,,4115.5
56316,-0.195,-0.119,-1.585,-0.64,-0.051,0.073,9.999,328.87,31.35,358,0,0,37.691434,331.87,,1,1,1,1,,4116
56316.5,-0.255,0.07,-1.627,-0.4,-0.087,0.078,10.105,328.87,31.35,2.3,0,0,37.691434,336.17,,1,1,1,1,,4116.5
56317,-0.298,0.227,-1.524,-0.145,-0.123,0.075,10.188,328.87,31.35,2.3,0,0,37.691434,336.17,,1,1,1,1,,4117
56317.5,-0.32,0.342,-1.296,0.101,-0.137,0.067,10.225,328.87,32.28,2.9,0,0,38.809553,336.77,,1,1,1,1,,4117.5
56318,-0.319,0.407,-0.973,0.314,-0.133,0.038,10.222,328.87,32.28,2.9,0,0,38.809553,336.77,,1,1,1,1,,4118
56318.5,-0.288,0.421,-0.593,0.483,-0.123,-0.028,10.18,328.77,31.35,1.8,0,0,37.691434,335.57,,1,1,1,1,,4118.5
56319,-0.23,0.383,-0.195,0.589,-0.098,-0.082,10.108,328.77,31.35,1.8,0,0,37.691434,335.57,,1,1,1,1,,4119
56319.5,-0.148,0.305,0.184,0.63,-0.059,-0.147,10.009,328.67,31.35,3,0,0,37.691434,336.67,,1,1,1,1,,4119.5
56320,-0.045,0.191,0.51,0.604,-0.016,-0.167,9.897,328.67,31.35,3,0,0,37.691434,336.67,,1,1,1,1,,4120
56320.5,0.067,0.061,0.756,0.522,0.024,-0.14,9.789,328.57,30.43,1.7,0,0,36.585338,335.27,,1,1,1,1,,4120.5
56321,0.176,-0.075,0.906,0.394,0.069,-0.06,9.689,328.57,30.43,1.7,0,0,36.585338,335.27,,1,1,1,1,,4121
56321.5,0.273,-0.204,0.957,0.246,0.099,0.017,9.622,328.57,29.33,0.6,0,0,35.262831,334.17,,1,1,1,1,,4121.5
56322,0.344,-0.313,0.917,0.094,0.106,0.088,9.591,328.57,29.33,0.6,0,0,35.262831,334.17,,1,1,1,1,,4122
56322.5,0.388,-0.393,0.8,-0.043,0.105,0.16,9.599,328.47,29.33,359.7,0,0,35.262831,333.17,,1,1,1,1,,4122.5
56323,0.395,-0.444,0.632,-0.151,0.108,0.16,9.619,328.47,29.33,359.7,0,0,35.262831,333.17,,1,1,1,1,,4123
56323.5,0.374,-0.46,0.437,-0.219,0.095,0.121,9.681,328.47,29.33,0.2,0,0,35.262831,333.67,,1,1,1,1,,4123.5
56324,0.323,-0.448,0.243,-0.241,0.08,0.071,9.746,328.47,29.33,0.2,0,0,35.262831,333.67,,1,1,1,1,,4124
56324.5,0.257,-0.413,0.071,-0.227,0.057,0.015,9.822,328.47,30.43,0.8,0,0,36.585338,334.27,,1,1,1,1,,4124.5
56325,0.178,-0.365,-0.063,-0.182,0.044,-0.047,9.872,328.47,30.43,0.8,0,0,36.585338,334.27,,1,1,1,1,,4125
56325.5,0.099,-0.309,-0.152,-0.124,0.029,-0.052,9.911,328.47,29.33,2.4,0,0,35.262831,335.87,,1,1,1,1,,4125.5
56326,0.02,-0.258,-0.197,-0.053,0.012,-0.049,9.936,328.47,29.33,2.4,0,0,35.262831,335.87,,1,1,1,1,,4126
56326.5,-0.049,-0.215,-0.2,0.012,-0.005,-0.024,9.944,328.67,29.33,5.1,0,0,35.262831,338.77,,1,1,1,1,,4126.5
56327,-0.104,-0.187,-0.172,0.069,-0.02,-0.008,9.939,328.67,29.33,5.1,0,0,35.262831,338.77,,1,1,1,1,,4127
56327.5,-0.139,-0.177,-0.125,0.093,-0.004,0.007,9.872,328.67,28.4,3.1,0,0,34.144712,336.77,,1,1,1,1,,4127.5
56328,-0.154,-0.177,-0.082,0.083,0.009,0.021,9.81,328.67,28.4,3.1,0,0,34.144712,336.77,,1,1,1,1,,4128
56328.5,-0.147,-0.185,-0.056,0.036,0.038,0.039,9.725,328.67,28.4,0.7,0,0,34.144712,334.37,,1,1,1,1,,4128.5
56329,-0.12,-0.189,-0.062,-0.033,0.048,0.021,9.681,328.67,28.4,0.7,0,0,34.144712,334.37,,1,1,1,1,,4129
56329.5,-0.074,-0.191,-0.099,-0.107,0.061,0.016,9.648,328.67,27.48,5.5,0,0,33.038616,339.17,,1,1,1,1,,4129.5
56330,-0.019,-0.183,-0.164,-0.178,0.063,0.009,9.646,328.67,27.48,5.5,0,0,33.038616,339.17,,1,1,1,1,,4130
56330.5,0.035,-0.163,-0.246,-0.232,0.069,0.027,9.648,328.57,29.33,1,0,0,35.262831,334.57,,1,1,1,1,,4130.5
56331,0.086,-0.135,-0.334,-0.268,0.067,0.075,9.676,328.57,29.33,1,0,0,35.262831,334.57,,1,1,1,1,,4131
56331.5,0.123,-0.096,-0.414,-0.273,0.055,0.067,9.726,328.47,31.35,2.6,0,0,37.691434,336.07,,1,1,1,1,,4131.5
56332,0.144,-0.049,-0.472,-0.252,0.041,0.071,9.781,328.47,31.35,2.6,0,0,37.691434,336.07,,1,1,1,1,,4132
56332.5,0.138,0.001,-0.497,-0.192,0.017,0.079,9.864,328.47,33.2,5.6,0,0,39.915649,339.07,,1,1,1,1,,4132.5
56333,0.106,0.048,-0.476,-0.107,-0.005,0.028,9.932,328.47,33.2,5.6,0,0,39.915649,339.07,,1,1,1,1,,4133
56333.5,0.041,0.084,-0.404,0.009,-0.034,0.004,10.018,328.37,30.43,5.8,0,0,36.585338,339.17,,1,1,1,1,,4133.5
56334,-0.049,0.1,-0.28,0.126,-0.039,-0.027,10.039,328.37,30.43,5.8,0,0,36.585338,339.17,,1,1,1,1,,4134
56334.5,-0.158,0.101,-0.117,0.241,-0.055,-0.063,10.084,328.37,29.33,6.2,0,0,35.262831,339.57,,1,1,1,1,,4134.5
56335,-0.274,0.077,0.075,0.336,-0.036,-0.094,10.056,328.37,29.33,6.2,0,0,35.262831,339.57,,1,1,1,1,,4135
56335.5,-0.375,0.035,0.279,0.415,-0.056,-0.103,10.079,328.37,30.43,10.9,0,0,36.585338,344.27,,1,1,1,1,,4135.5
56336,-0.45,-0.034,0.481,0.467,-0.04,-0.104,10.031,328.37,30.43,10.9,0,0,36.585338,344.27,,1,1,1,1,,4136
56336.5,-0.481,-0.119,0.663,0.485,-0.034,-0.147,9.997,328.37,30.43,6.6,0,0,36.585338,339.97,,1,1,1,1,,4136.5
56337,-0.463,-0.219,0.809,0.462,-0.003,-0.174,9.903,328.37,30.43,6.6,0,0,36.585338,339.97,,1,1,1,1,,4137
56337.5,-0.396,-0.324,0.9,0.397,0.011,-0.229,9.84,328.37,32.28,7,0,0,38.809553,340.37,,1,1,1,1,,4137.5
56338,-0.285,-0.429,0.927,0.294,0.056,-0.236,9.724,328.37,32.28,7,0,0,38.809553,340.37,,1,1,1,1,,4138
56338.5,-0.151,-0.516,0.877,0.147,0.092,-0.215,9.623,328.37,30.43,5.2,0,0,36.585338,338.57,,1,1,1,1,,4138.5
56339,-0.005,-0.583,0.747,-0.025,0.133,-0.112,9.519,328.37,30.43,5.2,0,0,36.585338,338.57,,1,1,1,1,,4139
56339.5,0.134,-0.615,0.539,-0.216,0.166,0.019,9.443,328.37,29.33,7.4,0,0,35.262831,340.77,,1,1,1,1,,4139.5
56340,0.251,-0.61,0.265,-0.393,0.171,0.139,9.42,328.37,29.33,7.4,0,0,35.262831,340.77,,1,1,1,1,,4140
56340.5,0.336,-0.565,-0.052,-0.554,0.187,0.261,9.397,328.37,28.4,13.9,0,0,34.144712,347.27,,1,1,1,1,,4140.5
56341,0.391,-0.478,-0.387,-0.662,0.161,0.351,9.463,328.37,28.4,13.9,0,0,34.144712,347.27,,1,1,1,1,,4141
56341.5,0.413,-0.358,-0.708,-0.723,0.147,0.378,9.516,328.47,31.35,7.3,0,0,37.691434,340.77,,1,1,1,1,,4141.5
56342,0.402,-0.214,-0.984,-0.706,0.079,0.32,9.673,328.47,31.35,7.3,0,0,37.691434,340.77,,1,1,1,1,,4142
56342.5,0.357,-0.063,-1.18,-0.615,0.03,0.227,9.805,328.47,30.43,6.1,0,0,36.585338,339.57,,1,1,1,1,,4142.5
56343,0.289,0.084,-1.273,-0.457,-0.044,0.105,9.976,328.47,30.43,6.1,0,0,36.585338,339.57,,1,1,1,1,,4143
56343.5,0.201,0.208,-1.245,-0.243,-0.104,-0.071,10.106,328.37,30.43,0,0,0,36.585338,333.37,,1,1,1,1,,4143.5
56344,0.103,0.298,-1.098,-0.012,-0.133,-0.147,10.192,328.37,30.43,0,0,0,36.585338,333.37,,1,1,1,1,,4144
56344.5,0.012,0.348,-0.846,0.229,-0.17,-0.14,10.28,328.37,29.33,6.6,0,0,35.262831,339.97,,1,1,1,1,,4144.5
56345,-0.063,0.352,-0.51,0.44,-0.153,-0.2,10.256,328.37,29.33,6.6,0,0,35.262831,339.97,,1,1,1,1,,4145
56345.5,-0.109,0.314,-0.128,0.604,-0.148,-0.211,10.239,328.27,30.43,8.9,0,0,36.585338,342.17,,1,1,1,1,,4145.5
56346,-0.111,0.235,0.268,0.715,-0.12,-0.191,10.165,328.27,30.43,8.9,0,0,36.585338,342.17,,1,1,1,1,,4146
56346.5,-0.072,0.12,0.636,0.751,-0.069,-0.128,10.067,328.27,30.43,5.1,0,0,36.585338,338.37,,1,1,1,1,,4146.5
56347,0.006,-0.019,0.948,0.741,-0.04,-0.076,9.993,328.27,30.43,5.1,0,0,36.585338,338.37,,1,1,1,1,,4147
56347.5,0.112,-0.171,1.182,0.663,0.017,0.008,9.865,328.27,30.43,5.8,0,0,36.585338,339.07,,1,1,1,1,,4147.5
56348,0.233,-0.326,1.317,0.537,0.06,0.095,9.755,328.27,30.43,5.8,0,0,36.585338,339.07,,1,1,1,1,,4148
56348.5,0.341,-0.472,1.34,0.348,0.127,0.154,9.588,328.17,30.43,0.9,0,0,36.585338,334.07,,1,1,1,1,,4148.5
56349,0.423,-0.592,1.242,0.124,0.163,0.218,9.486,328.17,30.43,0.9,0,0,36.585338,334.07,,1,1,1,1,,4149
56349.5,0.455,-0.676,1.029,-0.127,0.221,0.261,9.356,328.37,31.35,0.2,0,0,37.691434,333.57,,1,1,1,1,,4149.5
56350,0.43,-0.71,0.714,-0.37,0.225,0.248,9.327,328.37,31.35,0.2,0,0,37.691434,333.57,,1,1,1,1,,4150
56350.5,0.351,-0.694,0.327,-0.585,0.231,0.146,9.295,328.37,32.28,358.6,0,0,38.809553,331.97,,1,1,1,1,,4150.5
56351,0.226,-0.623,-0.102,-0.759,0.209,0.067,9.342,328.37,32.28,358.6,0,0,38.809553,331.97,,1,1,1,1,,4151
56351.5,0.066,-0.504,-0.532,-0.859,0.174,-0.011,9.42,328.47,33.2,0.9,0,0,39.915649,334.37,,1,1,1,1,,4151.5
56352,-0.113,-0.347,-0.922,-0.881,0.107,-0.081,9.565,328.47,33.2,0.9,0,0,39.915649,334.37,,1,1,1,1,,4152
56352.5,-0.291,-0.161,-1.23,-0.807,0.04,-0.081,9.734,328.47,32.28,3.5,0,0,38.809553,336.97,,1,1,1,1,,4152.5
56353,-0.454,0.032,-1.422,-0.65,-0.038,-0.068,9.919,328.47,32.28,3.5,0,0,38.809553,336.97,,1,1,1,1,,4153
56353.5,-0.581,0.21,-1.472,-0.406,-0.128,-0.042,10.133,328.57,30.43,2.5,0,0,36.585338,336.07,,1,1,1,1,,4153.5
56354,-0.669,0.355,-1.366,-0.115,-0.181,-0.096,10.285,328.57,30.43,2.5,0,0,36.585338,336.07,,1,1,1,1,,4154
56354.5,-0.709,0.451,-1.111,0.213,-0.23,-0.154,10.435,328.47,30.43,3.1,0,0,36.585338,336.57,,1,1,1,1,,4154.5
56355,-0.696,0.481,-0.725,0.52,-0.222,-0.212,10.45,328.47,30.43,3.1,0,0,36.585338,336.57,,1,1,1,1,,4155
56355.5,-0.63,0.443,-0.251,0.781,-0.227,-0.247,10.463,328.37,29.33,5.9,0,0,35.262831,339.27,,1,1,1,1,,4155.5
56356,-0.526,0.339,0.263,0.957,-0.16,-0.271,10.332,328.37,29.33,5.9,0,0,35.262831,339.27,,1,1,1,1,,4156
56356.5,-0.385,0.181,0.755,1.025,-0.099,-0.26,10.187,328.27,29.33,5.1,0,0,35.262831,338.37,,1,1,1,1,,4156.5
56357,-0.233,-0.016,1.174,0.984,-0.017,-0.187,9.972,328.27,29.33,5.1,0,0,35.262831,338.37,,1,1,1,1,,4157
56357.5,-0.085,-0.229,1.466,0.826,0.062,-0.107,9.761,328.37,31.35,2.3,0,0,37.691434,335.67,,1,1,1,1,,4157.5
56358,0.038,-0.436,1.602,0.581,0.149,-0.013,9.538,328.37,31.35,2.3,0,0,37.691434,335.67,,1,1,1,1,,4158
56358.5,0.124,-0.61,1.561,0.262,0.222,0.05,9.338,328.47,32.28,2.7,0,0,38.809553,336.17,,1,1,1,1,,4158.5
56359,0.165,-0.734,1.349,-0.078,0.243,0.108,9.228,328.47,32.28,2.7,0,0,38.809553,336.17,,1,1,1,1,,4159
56359.5,0.167,-0.791,0.987,-0.417,0.27,0.163,9.141,328.57,32.28,2.7,0,0,38.809553,336.27,,1,1,1,1,,4159.5
56360,0.136,-0.778,0.515,-0.706,0.251,0.174,9.168,328.57,32.28,2.7,0,0,38.809553,336.27,,1,1,1,1,,4160
56360.5,0.086,-0.695,-0.016,-0.924,0.234,0.18,9.22,328.67,32.28,3.9,0,0,38.809553,337.57,,1,1,1,1,,4160.5
56361,0.03,-0.551,-0.549,-1.039,0.168,0.174,9.381,328.67,32.28,3.9,0,0,38.809553,337.57,,1,1,1,1,,4161
56361.5,-0.018,-0.363,-1.027,-1.049,0.108,0.168,9.542,328.77,31.35,8.6,0,0,37.691434,342.37,,1,1,1,1,,4161.5
56362,-0.046,-0.15,-1.4,-0.947,0.027,0.115,9.768,328.77,31.35,8.6,0,0,37.691434,342.37,,1,1,1,1,,4162
56362.5,-0.051,0.06,-1.626,-0.744,-0.05,0.063,9.971,328.67,32.28,357.9,0,0,38.809553,331.57,,1,1,1,1,,4162.5
56363,-0.028,0.247,-1.685,-0.469,-0.124,0.004,10.17,328.67,32.28,357.9,0,0,38.809553,331.57,,1,1,1,1,,4163
56363.5,0.013,0.39,-1.569,-0.147,-0.163,-0.079,10.308,328.57,32.28,1,0,0,38.809553,334.57,,1,1,1,1,,4163.5
56364,0.07,0.48,-1.296,0.178,-0.184,-0.145,10.394,328.57,32.28,1,0,0,38.809553,334.57,,1,1,1,1,,4164
56364.5,0.137,0.508,-0.894,0.485,-0.204,-0.177,10.444,328.47,30.43,358.9,0,0,36.585338,332.37,,1,1,1,1,,4164.5
56365,0.204,0.471,-0.406,0.734,-0.182,-0.192,10.408,328.47,30.43,358.9,0,0,36.585338,332.37,,1,1,1,1,,4165
56365.5,0.27,0.375,0.12,0.919,-0.163,-0.156,10.356,328.37,29.33,4.3,0,0,35.262831,337.67,,1,1,1,1,,4165.5
56366,0.325,0.231,0.635,1.015,-0.113,-0.069,10.228,328.37,29.33,4.3,0,0,35.262831,337.67,,1,1,1,1,,4166
56366.5,0.362,0.051,1.091,1.019,-0.06,0.05,10.084,328.47,29.33,2.9,0,0,35.262831,336.37,,1,1,1,1,,4166.5
56367,0.377,-0.145,1.443,0.919,0.022,0.155,9.872,328.47,29.33,2.9,0,0,35.262831,336.37,,1,1,1,1,,4167
56367.5,0.366,-0.342,1.655,0.724,0.098,0.233,9.675,328.57,29.33,3.5,0,0,35.262831,337.07,,1,1,1,1,,4167.5
56368,0.33,-0.518,1.702,0.454,0.184,0.255,9.466,328.57,29.33,3.5,0,0,35.262831,337.07,,1,1,1,1,,4168
56368.5,0.275,-0.653,1.579,0.135,0.231,0.228,9.321,328.67,29.33,4.2,0,0,35.262831,337.87,,1,1,1,1,,4168.5
56369,0.198,-0.737,1.299,-0.195,0.257,0.152,9.215,328.67,29.33,4.2,0,0,35.262831,337.87,,1,1,1,1,,4169
56369.5,0.105,-0.76,0.888,-0.503,0.246,0.072,9.195,328.77,30.43,0.6,0,0,36.585338,334.37,,1,1,1,1,,4169.5
56370,0.004,-0.721,0.395,-0.743,0.215,0.015,9.253,328.77,30.43,0.6,0,0,36.585338,334.37,,1,1,1,1,,4170
56370.5,-0.099,-0.631,-0.126,-0.895,0.157,-0.027,9.371,328.77,29.33,0.5,0,0,35.262831,334.27,,1,1,1,1,,4170.5
56371,-0.195,-0.5,-0.614,-0.933,0.083,-0.066,9.555,328.77,29.33,0.5,0,0,35.262831,334.27,,1,1,1,1,,4171
56371.5,-0.283,-0.342,-1.017,-0.869,0.021,-0.087,9.739,328.87,30.43,5.5,0,0,36.585338,339.37,,1,1,1,1,,4171.5
56372,-0.357,-0.181,-1.293,-0.706,-0.047,-0.092,9.941,328.87,30.43,5.5,0,0,36.585338,339.37,,1,1,1,1,,4172
56372.5,-0.409,-0.031,-1.421,-0.485,-0.075,-0.1,10.073,328.87,31.35,3,0,0,37.691434,336.87,,1,1,1,1,,4172.5
56373,-0.448,0.095,-1.399,-0.232,-0.095,-0.102,10.182,328.87,31.35,3,0,0,37.691434,336.87,,1,1,1,1,,4173
56373.5,-0.47,0.181,-1.242,0.011,-0.085,-0.106,10.197,328.77,31.35,7.8,0,0,37.691434,341.57,,1,1,1,1,,4173.5
56374,-0.474,0.23,-0.985,0.215,-0.076,-0.112,10.178,328.77,31.35,7.8,0,0,37.691434,341.57,,1,1,1,1,,4174
56374.5,-0.464,0.243,-0.67,0.355,-0.04,-0.091,10.08,328.87,32.28,5.4,0,0,38.809553,339.27,,1,1,1,1,,4174.5
56375,-0.443,0.228,-0.344,0.417,-0.007,-0.055,9.967,328.87,32.28,5.4,0,0,38.809553,339.27,,1,1,1,1,,4175
56375.5,-0.416,0.191,-0.045,0.413,0.021,0.001,9.853,328.77,32.28,3.7,0,0,38.809553,337.47,,1,1,1,1,,4175.5
56376,-0.385,0.148,0.195,0.35,0.05,0.039,9.753,328.77,32.28,3.7,0,0,38.809553,337.47,,1,1,1,1,,4176
56376.5,-0.357,0.104,0.362,0.262,0.061,0.043,9.702,328.77,31.35,4.2,0,0,37.691434,337.97,,1,1,1,1,,4176.5
56377,-0.332,0.066,0.457,0.172,0.052,-0.02,9.695,328.77,31.35,4.2,0,0,37.691434,337.97,,1,1,1,1,,4177
56377.5,-0.31,0.035,0.498,0.113,0.02,-0.097,9.763,328.67,31.35,5.7,0,0,37.691434,339.37,,1,1,1,1,,4177.5
56378,-0.289,0.003,0.509,0.1,-0.016,-0.173,9.855,328.67,31.35,5.7,0,0,37.691434,339.37,,1,1,1,1,,4178
56378.5,-0.261,-0.033,0.518,0.139,-0.055,-0.215,9.973,328.67,31.35,5.7,0,0,37.691434,339.37,,1,1,1,1,,4178.5
56379,-0.219,-0.083,0.546,0.214,-0.069,-0.195,10.056,328.67,31.35,5.7,0,0,37.691434,339.37,,1,1,1,1,,4179
56379.5,-0.157,-0.153,0.603,0.31,-0.081,-0.146,10.122,328.67,31.35,355.2,0,0,37.691434,328.87,,1,1,1,1,,4179.5
56380,-0.076,-0.248,0.685,0.39,-0.054,-0.099,10.098,328.67,31.35,355.2,0,0,37.691434,328.87,,1,1,1,1,,4180
56380.5,0.018,-0.361,0.774,0.431,-0.016,-0.042,10.031,328.77,30.43,358.4,0,0,36.585338,332.17,,1,1,1,1,,4180.5
56381,0.116,-0.483,0.842,0.403,0.05,0.033,9.886,328.77,30.43,358.4,0,0,36.585338,332.17,,1,1,1,1,,4181
56381.5,0.21,-0.602,0.856,0.295,0.119,0.08,9.709,328.77,31.35,0.7,0,0,37.691434,334.47,,1,1,1,1,,4181.5
56382,0.287,-0.702,0.786,0.112,0.18,0.131,9.512,328.77,31.35,0.7,0,0,37.691434,334.47,,1,1,1,1,,4182
56382.5,0.34,-0.766,0.613,-0.132,0.218,0.14,9.344,328.77,32.28,7.3,0,0,38.809553,341.07,,1,1,1,1,,4182.5
56383,0.364,-0.776,0.333,-0.407,0.248,0.148,9.217,328.77,32.28,7.3,0,0,38.809553,341.07,,1,1,1,1,,4183
56383.5,0.353,-0.724,-0.039,-0.67,0.246,0.196,9.176,328.87,34.12,6.4,0,0,41.021746,340.27,,1,1,1,1,,4183.5
56384,0.309,-0.61,-0.468,-0.874,0.204,0.207,9.235,328.87,34.12,6.4,0,0,41.021746,340.27,,1,1,1,1,,4184
56384.5,0.243,-0.439,-0.903,-0.988,0.151,0.191,9.364,328.87,33.2,8.3,0,0,39.915649,342.17,,1,1,1,1,,4184.5
56385,0.158,-0.226,-1.291,-0.993,0.082,0.135,9.554,328.87,33.2,8.3,0,0,39.915649,342.17,,1,1,1,1,,4185
56385.5,0.073,0.005,-1.578,-0.881,0.004,0.053,9.783,328.97,34.12,14.3,0,0,41.021746,348.27,,1,1,1,1,,4185.5
56386,0.001,0.231,-1.724,-0.662,-0.071,-0.056,10.02,328.97,34.12,14.3,0,0,41.021746,348.27,,1,1,1,1,,4186
56386.5,-0.052,0.43,-1.701,-0.363,-0.129,-0.105,10.225,328.77,35.97,9.3,0,0,43.245961,343.07,,1,1,1,1,,4186.5
56387,-0.08,0.576,-1.504,-0.017,-0.181,-0.109,10.391,328.77,35.97,9.3,0,0,43.245961,343.07,,1,1,1,1,,4187
56387.5,-0.086,0.657,-1.15,0.334,-0.205,-0.093,10.48,328.77,33.2,8.7,0,0,39.915649,342.47,,1,1,1,1,,4187.5
56388,-0.074,0.66,-0.672,0.651,-0.203,-0.077,10.495,328.77,33.2,8.7,0,0,39.915649,342.47,,1,1,1,1,,4188
56388.5,-0.058,0.586,-0.119,0.9,-0.192,-0.028,10.441,328.77,31.35,9,0,0,37.691434,342.77,,1,1,1,1,,4188.5
56389,-0.053,0.446,0.451,1.056,-0.164,-0.011,10.329,328.77,31.35,9,0,0,37.691434,342.77,,1,1,1,1,,4189
56389.5,-0.062,0.249,0.981,1.106,-0.114,0,10.165,328.67,30.43,12.9,0,0,36.585338,346.57,,1,1,1,1,,4189.5
56390,-0.09,0.015,1.419,1.051,-0.052,0.019,9.987,328.67,30.43,12.9,0,0,36.585338,346.57,,1,1,1,1,,4190
56390.5,-0.139,-0.231,1.726,0.901,0.019,0.026,9.796,328.67,30.43,11.8,0,0,36.585338,345.47,,1,1,1,1,,4190.5
56391,-0.204,-0.473,1.875,0.672,0.095,0.031,9.611,328.67,30.43,11.8,0,0,36.585338,345.47,,1,1,1,1,,4191
56391.5,-0.277,-0.687,1.854,0.383,0.165,0.041,9.446,328.67,32.28,11.5,0,0,38.809553,345.17,,1,1,1,1,,4191.5
56392,-0.357,-0.852,1.665,0.065,0.231,0.021,9.319,328.67,32.28,11.5,0,0,38.809553,345.17,,1,1,1,1,,4192
56392.5,-0.435,-0.955,1.33,-0.253,0.276,-0.086,9.238,328.67,31.35,10,0,0,37.691434,343.67,,1,1,1,1,,4192.5
56393,-0.497,-0.988,0.881,-0.539,0.283,-0.155,9.226,328.67,31.35,10,0,0,37.691434,343.67,,1,1,1,1,,4193
56393.5,-0.543,-0.948,0.363,-0.771,0.274,-0.212,9.253,328.77,29.33,7.8,0,0,35.262831,341.57,,1,1,1,1,,4193.5
56394,-0.571,-0.841,-0.179,-0.929,0.242,-0.237,9.332,328.77,29.33,7.8,0,0,35.262831,341.57,,1,1,1,1,,4194
56394.5,-0.587,-0.674,-0.696,-1.008,0.2,-0.218,9.435,328.77,30.43,3.8,0,0,36.585338,337.57,,1,1,1,1,,4194.5
56395,-0.587,-0.461,-1.146,-0.998,0.129,-0.189,9.583,328.77,30.43,3.8,0,0,36.585338,337.57,,1,1,1,1,,4195
56395.5,-0.572,-0.222,-1.488,-0.899,0.043,-0.16,9.757,328.77,30.43,2,0,0,36.585338,335.77,,1,1,1,1,,4195.5
56396,-0.539,0.021,-1.696,-0.722,-0.035,-0.091,9.931,328.77,30.43,2,0,0,36.585338,335.77,,1,1,1,1,,4196
56396.5,-0.486,0.248,-1.75,-0.478,-0.107,-0.032,10.095,328.77,32.28,4.4,0,0,38.809553,338.17,,1,1,1,1,,4196.5
56397,-0.417,0.433,-1.646,-0.191,-0.175,0.053,10.241,328.77,32.28,4.4,0,0,38.809553,338.17,,1,1,1,1,,4197
56397.5,-0.332,0.561,-1.393,0.119,-0.222,0.097,10.358,328.87,33.2,7,0,0,39.915649,340.87,,1,1,1,1,,4197.5
56398,-0.239,0.621,-1.013,0.413,-0.228,0.13,10.401,328.87,33.2,7,0,0,39.915649,340.87,,1,1,1,1,,4198
56398.5,-0.144,0.602,-0.544,0.67,-0.222,0.104,10.407,328.77,32.28,5.8,0,0,38.809553,339.57,,1,1,1,1,,4198.5
56399,-0.047,0.509,-0.028,0.858,-0.182,0.025,10.332,328.77,32.28,5.8,0,0,38.809553,339.57,,1,1,1,1,,4199
56399.5,0.047,0.349,0.482,0.961,-0.131,-0.028,10.223,328.67,32.28,10.6,0,0,38.809553,344.27,,1,1,1,1,,4199.5
56400,0.13,0.139,0.937,0.965,-0.054,-0.086,10.051,328.67,32.28,10.6,0,0,38.809553,344.27,,1,1,1,1,,4200
56400.5,0.205,-0.095,1.292,0.871,0.018,-0.082,9.872,328.57,34.12,6.3,0,0,41.021746,339.87,,1,1,1,1,,4200.5
56401,0.267,-0.334,1.514,0.691,0.094,-0.045,9.68,328.57,34.12,6.3,0,0,41.021746,339.87,,1,1,1,1,,4201
56401.5,0.314,-0.548,1.58,0.442,0.161,-0.03,9.513,328.47,32.28,6.8,0,0,38.809553,340.27,,1,1,1,1,,4201.5
56402,0.348,-0.716,1.488,0.153,0.223,0.024,9.367,328.47,32.28,6.8,0,0,38.809553,340.27,,1,1,1,1,,4202
56402.5,0.367,-0.823,1.247,-0.156,0.271,0.056,9.261,328.47,32.28,6.5,0,0,38.809553,339.97,,1,1,1,1,,4202.5
56403,0.375,-0.856,0.882,-0.442,0.277,0.067,9.234,328.47,32.28,6.5,0,0,38.809553,339.97,,1,1,1,1,,4203
56403.5,0.373,-0.813,0.433,-0.678,0.258,0.054,9.263,328.47,32.28,8.7,0,0,38.809553,342.17,,1,1,1,1,,4203.5
56404,0.364,-0.7,-0.05,-0.838,0.213,0.06,9.348,328.47,32.28,8.7,0,0,38.809553,342.17,,1,1,1,1,,4204
56404.5,0.351,-0.532,-0.518,-0.909,0.15,0.107,9.485,328.47,31.35,8.3,0,0,37.691434,341.77,,1,1,1,1,,4204.5
56405,0.336,-0.327,-0.922,-0.882,0.077,0.157,9.658,328.47,31.35,8.3,0,0,37.691434,341.77,,1,1,1,1,,4205
56405.5,0.319,-0.108,-1.219,-0.758,0.006,0.209,9.85,328.47,33.2,9.5,0,0,39.915649,342.97,,1,1,1,1,,4205.5
56406,0.3,0.1,-1.377,-0.551,-0.063,0.225,10.038,328.47,33.2,9.5,0,0,39.915649,342.97,,1,1,1,1,,4206
56406.5,0.266,0.274,-1.381,-0.282,-0.134,0.17,10.213,328.47,32.28,6.7,0,0,38.809553,340.17,,1,1,1,1,,4206.5
56407,0.224,0.391,-1.231,0.017,-0.175,0.067,10.331,328.47,32.28,6.7,0,0,38.809553,340.17,,1,1,1,1,,4207
56407.5,0.16,0.441,-0.945,0.307,-0.186,-0.049,10.378,328.47,30.43,8.2,0,0,36.585338,341.67,,1,1,1,1,,4207.5
56408,0.082,0.423,-0.559,0.559,-0.186,-0.123,10.375,328.47,30.43,8.2,0,0,36.585338,341.67,,1,1,1,1,,4208
56408.5,-0.011,0.334,-0.119,0.738,-0.148,-0.15,10.281,328.47,31.35,12.6,0,0,37.691434,346.07,,1,1,1,1,,4208.5
56409,-0.115,0.19,0.322,0.828,-0.104,-0.146,10.161,328.47,31.35,12.6,0,0,37.691434,346.07,,1,1,1,1,,4209
56409.5,-0.221,0.013,0.716,0.82,-0.036,-0.111,9.985,328.47,31.35,9.6,0,0,37.691434,343.07,,1,1,1,1,,4209.5
56410,-0.332,-0.18,1.017,0.723,0.029,-0.042,9.821,328.47,31.35,9.6,0,0,37.691434,343.07,,1,1,1,1,,4210
56410.5,-0.433,-0.366,1.196,0.547,0.101,-0.018,9.638,328.47,30.43,8.1,0,0,36.585338,341.57,,1,1,1,1,,4210.5
56411,-0.513,-0.521,1.236,0.316,0.15,-0.001,9.506,328.47,30.43,8.1,0,0,36.585338,341.57,,1,1,1,1,,4211
56411.5,-0.568,-0.636,1.138,0.062,0.195,-0.025,9.403,328.57,28.4,2.8,0,0,34.144712,336.37,,1,1,1,1,,4211.5
56412,-0.587,-0.695,0.92,-0.184,0.206,-0.026,9.371,328.57,28.4,2.8,0,0,34.144712,336.37,,1,1,1,1,,4212
56412.5,-0.57,-0.695,0.613,-0.394,0.206,-0.066,9.38,328.47,27.48,359.1,0,0,33.038616,332.57,,1,1,1,1,,4212.5
56413,-0.52,-0.641,0.253,-0.555,0.198,-0.067,9.421,328.47,27.48,359.1,0,0,33.038616,332.57,,1,1,1,1,,4213
56413.5,-0.445,-0.544,-0.118,-0.648,0.159,-0.097,9.517,328.37,28.4,4,0,0,34.144712,337.37,,1,1,1,1,,4213.5
56414,-0.353,-0.412,-0.461,-0.67,0.108,-0.121,9.632,328.37,28.4,4,0,0,34.144712,337.37,,1,1,1,1,,4214
56414.5,-0.256,-0.265,-0.741,-0.619,0.055,-0.117,9.755,328.37,30.43,3.2,0,0,36.585338,336.57,,1,1,1,1,,4214.5
56415,-0.164,-0.118,-0.935,-0.519,0.011,-0.107,9.86,328.37,30.43,3.2,0,0,36.585338,336.57,,1,1,1,1,,4215
56415.5,-0.088,0.015,-1.03,-0.374,-0.036,-0.102,9.961,328.27,30.43,1.6,0,0,36.585338,334.87,,1,1,1,1,,4215.5
56416,-0.034,0.128,-1.023,-0.209,-0.07,-0.104,10.032,328.27,30.43,1.6,0,0,36.585338,334.87,,1,1,1,1,,4216
56416.5,-0.001,0.208,-0.924,-0.038,-0.085,-0.095,10.075,328.27,30.43,0.7,0,0,36.585338,333.97,,1,1,1,1,,4216.5
56417,0.006,0.252,-0.749,0.114,-0.078,-0.066,10.074,328.27,30.43,0.7,0,0,36.585338,333.97,,1,1,1,1,,4217
56417.5,-0.006,0.258,-0.523,0.242,-0.07,-0.006,10.06,328.37,31.35,3.8,0,0,37.691434,337.17,,1,1,1,1,,4217.5
56418,-0.037,0.233,-0.271,0.33,-0.052,0.08,10.02,328.37,31.35,3.8,0,0,37.691434,337.17,,1,1,1,1,,4218
56418.5,-0.074,0.177,-0.016,0.392,-0.043,0.136,10.001,328.37,32.28,10.1,0,0,38.809553,343.47,,1,1,1,1,,4218.5
56419,-0.112,0.099,0.224,0.422,-0.02,0.142,9.959,328.37,32.28,10.1,0,0,38.809553,343.47,,1,1,1,1,,4219
56419.5,-0.139,0.004,0.437,0.438,-0.024,0.064,9.966,328.37,32.28,3.8,0,0,38.809553,337.17,,1,1,1,1,,4219.5
56420,-0.142,-0.106,0.618,0.439,-0.009,-0.047,9.943,328.37,32.28,3.8,0,0,38.809553,337.17,,1,1,1,1,,4220
56420.5,-0.118,-0.22,0.761,0.428,-0.002,-0.131,9.939,328.37,30.43,7.7,0,0,36.585338,341.07,,1,1,1,1,,4220.5
56421,-0.065,-0.335,0.864,0.396,0.034,-0.135,9.889,328.37,30.43,7.7,0,0,36.585338,341.07,,1,1,1,1,,4221
56421.5,0.013,-0.445,0.918,0.34,0.059,-0.151,9.838,328.27,29.33,3.8,0,0,35.262831,337.07,,1,1,1,1,,4221.5
56422,0.098,-0.54,0.918,0.248,0.102,-0.099,9.734,328.27,29.33,3.8,0,0,35.262831,337.07,,1,1,1,1,,4222
56422.5,0.179,-0.618,0.852,0.12,0.122,0.03,9.652,328.27,30.43,8.7,0,0,36.585338,341.97,,1,1,1,1,,4222.5
56423,0.233,-0.664,0.716,-0.036,0.159,0.137,9.542,328.27,30.43,8.7,0,0,36.585338,341.97,,1,1,1,1,,4223
56423.5,0.254,-0.673,0.511,-0.209,0.169,0.229,9.48,328.27,28.4,6.6,0,0,34.144712,339.87,,1,1,1,1,,4223.5
56424,0.237,-0.644,0.249,-0.372,0.164,0.263,9.444,328.27,28.4,6.6,0,0,34.144712,339.87,,1,1,1,1,,4224
56424.5,0.186,-0.576,-0.052,-0.52,0.157,0.207,9.427,328.27,29.33,5.4,0,0,35.262831,338.67,,1,1,1,1,,4224.5
56425,0.106,-0.47,-0.37,-0.629,0.134,0.166,9.463,328.27,29.33,5.4,0,0,35.262831,338.67,,1,1,1,1,,4225
56425.5,0.01,-0.336,-0.68,-0.698,0.112,0.072,9.511,328.37,29.33,5.6,0,0,35.262831,338.97,,1,1,1,1,,4225.5
56426,-0.096,-0.182,-0.952,-0.701,0.073,-0.004,9.626,328.37,29.33,5.6,0,0,35.262831,338.97,,1,1,1,1,,4226
56426.5,-0.201,-0.023,-1.158,-0.643,0.046,-0.057,9.728,328.27,29.33,8,0,0,35.262831,341.27,,1,1,1,1,,4226.5
56427,-0.298,0.134,-1.276,-0.518,-0.013,-0.143,9.887,328.27,29.33,8,0,0,35.262831,341.27,,1,1,1,1,,4227
56427.5,-0.377,0.268,-1.286,-0.342,-0.048,-0.227,10.006,328.17,29.33,9.4,0,0,35.262831,342.57,,1,1,1,1,,4227.5
56428,-0.441,0.372,-1.184,-0.123,-0.098,-0.303,10.154,328.17,29.33,9.4,0,0,35.262831,342.57,,1,1,1,1,,4228
56428.5,-0.478,0.428,-0.968,0.128,-0.128,-0.339,10.254,328.17,30.43,7.6,0,0,36.585338,340.77,,1,1,1,1,,4228.5
56429,-0.485,0.433,-0.652,0.378,-0.166,-0.333,10.341,328.17,30.43,7.6,0,0,36.585338,340.77,,1,1,1,1,,4229
56429.5,-0.462,0.381,-0.256,0.614,-0.173,-0.251,10.363,328.17,30.43,7.4,0,0,36.585338,340.57,,1,1,1,1,,4229.5
56430,-0.413,0.276,0.183,0.786,-0.15,-0.17,10.306,328.17,30.43,7.4,0,0,36.585338,340.57,,1,1,1,1,,4230
56430.5,-0.35,0.127,0.623,0.896,-0.12,-0.053,10.229,328.27,31.35,10,0,0,37.691434,343.27,,1,1,1,1,,4230.5
56431,-0.287,-0.054,1.02,0.908,-0.052,0.076,10.064,328.27,31.35,10,0,0,37.691434,343.27,,1,1,1,1,,4231
56431.5,-0.235,-0.251,1.332,0.844,-0.002,0.169,9.939,328.27,30.43,15.5,0,0,36.585338,348.77,,1,1,1,1,,4231.5
56432,-0.201,-0.447,1.53,0.694,0.083,0.228,9.743,328.27,30.43,15.5,0,0,36.585338,348.77,,1,1,1,1,,4232
56432.5,-0.191,-0.624,1.592,0.482,0.132,0.249,9.611,328.27,31.35,17.7,0,0,37.691434,350.97,,1,1,1,1,,4232.5
56433,-0.206,-0.766,1.511,0.218,0.205,0.226,9.427,328.27,31.35,17.7,0,0,37.691434,350.97,,1,1,1,1,,4233
56433.5,-0.243,-0.862,1.288,-0.075,0.236,0.149,9.327,328.37,32.28,18.6,0,0,38.809553,351.97,,1,1,1,1,,4233.5
56434,-0.294,-0.898,0.941,-0.365,0.262,0.026,9.239,328.37,32.28,18.6,0,0,38.809553,351.97,,1,1,1,1,,4234
56434.5,-0.343,-0.869,0.499,-0.627,0.25,-0.096,9.238,328.37,32.28,14.6,0,0,38.809553,347.97,,1,1,1,1,,4234.5
56435,-0.382,-0.782,0.006,-0.824,0.224,-0.219,9.279,328.37,32.28,14.6,0,0,38.809553,347.97,,1,1,1,1,,4235
56435.5,-0.404,-0.638,-0.493,-0.952,0.176,-0.302,9.375,328.27,29.33,15.9,0,0,35.262831,349.17,,1,1,1,1,,4235.5
56436,-0.403,-0.454,-0.95,-0.978,0.107,-0.342,9.53,328.27,29.33,15.9,0,0,35.262831,349.17,,1,1,1,1,,4236
56436.5,-0.376,-0.243,-1.321,-0.921,0.056,-0.307,9.68,328.17,31.35,17.4,0,0,37.691434,350.57,,1,1,1,1,,4236.5
56437,-0.331,-0.026,-1.569,-0.768,-0.02,-0.231,9.879,328.17,31.35,17.4,0,0,37.691434,350.57,,1,1,1,1,,4237
56437.5,-0.271,0.175,-1.673,-0.557,-0.063,-0.149,10.013,328.07,32.28,20.8,0,0,38.809553,353.87,,1,1,1,1,,4237.5
56438,-0.208,0.345,-1.627,-0.294,-0.124,-0.053,10.179,328.07,32.28,20.8,0,0,38.809553,353.87,,1,1,1,1,,4238
56438.5,-0.151,0.466,-1.435,-0.01,-0.152,0.004,10.269,328.07,34.12,23.6,0,0,41.021746,356.67,,1,1,1,1,,4238.5
56439,-0.1,0.532,-1.115,0.278,-0.184,0.044,10.367,328.07,34.12,23.6,0,0,41.021746,356.67,,1,1,1,1,,4239
56439.5,-0.06,0.528,-0.694,0.544,-0.177,0.068,10.376,328.17,34.12,22.1,0,0,41.021746,355.27,,1,1,1,1,,4239.5
56440,-0.029,0.459,-0.21,0.761,-0.177,0.095,10.374,328.17,34.12,22.1,0,0,41.021746,355.27,,1,1,1,1,,4240
56440.5,-0.011,0.328,0.295,0.913,-0.145,0.13,10.288,328.17,35.97,21.7,0,0,43.245961,354.87,,1,1,1,1,,4240.5
56441,-0.006,0.15,0.773,0.973,-0.095,0.15,10.162,328.17,35.97,21.7,0,0,43.245961,354.87,,1,1,1,1,,4241
56441.5,-0.023,-0.06,1.18,0.946,-0.03,0.134,9.995,328.27,35.04,20.7,0,0,42.127842,353.97,,1,1,1,1,,4241.5
56442,-0.066,-0.278,1.474,0.811,0.052,0.089,9.787,328.27,35.04,20.7,0,0,42.127842,353.97,,1,1,1,1,,4242
56442.5,-0.135,-0.483,1.622,0.6,0.122,0.023,9.605,328.27,33.2,22.4,0,0,39.915649,355.67,,1,1,1,1,,4242.5
56443,-0.224,-0.656,1.608,0.314,0.203,-0.018,9.409,328.27,33.2,22.4,0,0,39.915649,355.67,,1,1,1,1,,4243
56443.5,-0.332,-0.775,1.434,0.01,0.235,-0.06,9.317,328.27,33.2,23.2,0,0,39.915649,356.47,,1,1,1,1,,4243.5
56444,-0.44,-0.832,1.121,-0.293,0.267,-0.061,9.235,328.27,33.2,23.2,0,0,39.915649,356.47,,1,1,1,1,,4244
56444.5,-0.542,-0.822,0.704,-0.548,0.243,-0.048,9.286,328.27,33.2,18.9,0,0,39.915649,352.17,,1,1,1,1,,4244.5
56445,-0.63,-0.753,0.236,-0.73,0.218,-0.072,9.349,328.27,33.2,18.9,0,0,39.915649,352.17,,1,1,1,1,,4245
56445.5,-0.692,-0.633,-0.233,-0.815,0.142,-0.148,9.516,328.17,33.2,12.4,0,0,39.915649,345.57,,1,1,1,1,,4245.5
56446,-0.721,-0.485,-0.646,-0.799,0.077,-0.224,9.669,328.17,33.2,12.4,0,0,39.915649,345.57,,1,1,1,1,,4246
56446.5,-0.714,-0.325,-0.966,-0.708,0.019,-0.264,9.816,328.07,33.2,7.6,0,0,39.915649,340.67,,1,1,1,1,,4246.5
56447,-0.668,-0.167,-1.167,-0.554,-0.026,-0.305,9.937,328.07,33.2,7.6,0,0,39.915649,340.67,,1,1,1,1,,4247
56447.5,-0.595,-0.021,-1.244,-0.37,-0.061,-0.302,10.03,328.07,32.28,9.6,0,0,38.809553,342.67,,1,1,1,1,,4247.5
56448,-0.5,0.097,-1.2,-0.162,-0.096,-0.256,10.116,328.07,32.28,9.6,0,0,38.809553,342.67,,1,1,1,1,,4248
56448.5,-0.398,0.18,-1.049,0.039,-0.107,-0.205,10.149,328.07,31.35,14.8,0,0,37.691434,347.87,,1,1,1,1,,4248.5
56449,-0.303,0.227,-0.813,0.228,-0.125,-0.126,10.175,328.07,31.35,14.8,0,0,37.691434,347.87,,1,1,1,1,,4249
56449.5,-0.222,0.231,-0.519,0.375,-0.102,-0.065,10.122,328.17,31.35,17,0,0,37.691434,350.17,,1,1,1,1,,4249.5
56450,-0.172,0.199,-0.203,0.472,-0.081,-0.006,10.076,328.17,31.35,17,0,0,37.691434,350.17,,1,1,1,1,,4250
56450.5,-0.153,0.131,0.103,0.511,-0.036,0.043,9.976,328.27,32.28,13.8,0,0,38.809553,347.07,,1,1,1,1,,4250.5
56451,-0.16,0.039,0.367,0.493,-0.003,0.1,9.897,328.27,32.28,13.8,0,0,38.809553,347.07,,1,1,1,1,,4251
56451.5,-0.19,-0.065,0.571,0.432,0.039,0.127,9.802,328.37,30.43,13.9,0,0,36.585338,347.27,,1,1,1,1,,4251.5
56452,-0.228,-0.178,0.699,0.331,0.064,0.124,9.725,328.37,30.43,13.9,0,0,36.585338,347.27,,1,1,1,1,,4252
56452.5,-0.267,-0.282,0.746,0.21,0.092,0.126,9.656,328.47,31.35,20.9,0,0,37.691434,354.37,,1,1,1,1,,4252.5
56453,-0.294,-0.371,0.714,0.069,0.116,0.083,9.596,328.47,31.35,20.9,0,0,37.691434,354.37,,1,1,1,1,,4253
56453.5,-0.306,-0.436,0.612,-0.066,0.124,0.088,9.578,328.37,30.43,19.3,0,0,36.585338,352.67,,1,1,1,1,,4253.5
56454,-0.302,-0.468,0.455,-0.189,0.129,0.065,9.572,328.37,30.43,19.3,0,0,36.585338,352.67,,1,1,1,1,,4254
56454.5,-0.281,-0.467,0.264,-0.274,0.11,0.041,9.624,328.37,30.43,23.3,0,0,36.585338,356.67,,1,1,1,1,,4254.5
56455,-0.247,-0.435,0.068,-0.318,0.097,-0.015,9.673,328.37,30.43,23.3,0,0,36.585338,356.67,,1,1,1,1,,4255
56455.5,-0.202,-0.379,-0.112,-0.315,0.063,-0.08,9.766,328.27,28.4,15.1,0,0,34.144712,348.37,,1,1,1,1,,4255.5
56456,-0.145,-0.308,-0.253,-0.274,0.045,-0.159,9.828,328.27,28.4,15.1,0,0,34.144712,348.37,,1,1,1,1,,4256
56456.5,-0.084,-0.232,-0.345,-0.204,0.019,-0.233,9.9,328.27,28.4,14.3,0,0,34.144712,347.57,,1,1,1,1,,4256.5
56457,-0.019,-0.156,-0.381,-0.115,0.003,-0.282,9.939,328.27,28.4,14.3,0,0,34.144712,347.57,,1,1,1,1,,4257
56457.5,0.041,-0.093,-0.364,-0.022,-0.018,-0.285,9.978,328.17,28.4,21.5,0,0,34.144712,354.67,,1,1,1,1,,4257.5
56458,0.088,-0.047,-0.301,0.064,-0.026,-0.267,9.975,328.17,28.4,21.5,0,0,34.144712,354.67,,1,1,1,1,,4258
56458.5,0.116,-0.022,-0.207,0.133,-0.035,-0.199,9.967,328.17,29.33,23.4,0,0,35.262831,356.57,,1,1,1,1,,4258.5
56459,0.112,-0.02,-0.095,0.184,-0.035,-0.068,9.944,328.17,29.33,23.4,0,0,35.262831,356.57,,1,1,1,1,,4259
56459.5,0.081,-0.039,0.02,0.212,-0.035,0.085,9.918,328.37,32.28,18.8,0,0,38.809553,352.17,,1,1,1,1,,4259.5
56460,0.023,-0.078,0.127,0.218,-0.019,0.232,9.88,328.37,32.28,18.8,0,0,38.809553,352.17,,1,1,1,1,,4260
56460.5,-0.055,-0.131,0.214,0.201,-0.007,0.319,9.844,328.47,29.33,15.7,0,0,35.262831,349.17,,1,1,1,1,,4260.5
56461,-0.143,-0.195,0.273,0.169,0.003,0.303,9.813,328.47,29.33,15.7,0,0,35.262831,349.17,,1,1,1,1,,4261
56461.5,-0.236,-0.263,0.302,0.12,0.035,0.234,9.768,328.77,29.33,13,0,0,35.262831,346.77,,1,1,1,1,,4261.5
56462,-0.325,-0.327,0.296,0.06,0.067,0.114,9.733,328.77,29.33,13,0,0,35.262831,346.77,,1,1,1,1,,4262
56462.5,-0.408,-0.381,0.256,-0.011,0.092,-0.031,9.691,328.77,28.4,10.9,0,0,34.144712,344.67,,1,1,1,1,,4262.5
56463,-0.483,-0.415,0.184,-0.087,0.106,-0.144,9.657,328.77,28.4,10.9,0,0,34.144712,344.67,,1,1,1,1,,4263
56463.5,-0.554,-0.425,0.082,-0.17,0.125,-0.191,9.623,328.87,28.4,10.6,0,0,34.144712,344.47,,1,1,1,1,,4263.5
56464,-0.615,-0.408,-0.043,-0.242,0.129,-0.204,9.62,328.87,28.4,10.6,0,0,34.144712,344.47,,1,1,1,1,,4264
56464.5,-0.661,-0.36,-0.179,-0.293,0.11,-0.207,9.646,328.77,29.33,9.3,0,0,35.262831,343.07,,1,1,1,1,,4264.5
56465,-0.688,-0.287,-0.311,-0.315,0.085,-0.207,9.694,328.77,29.33,9.3,0,0,35.262831,343.07,,1,1,1,1,,4265
56465.5,-0.689,-0.196,-0.421,-0.304,0.058,-0.209,9.754,328.77,30.43,6.9,0,0,36.585338,340.67,,1,1,1,1,,4265.5
56466,-0.659,-0.097,-0.495,-0.253,0.017,-0.217,9.836,328.77,30.43,6.9,0,0,36.585338,340.67,,1,1,1,1,,4266
56466.5,-0.605,-0.003,-0.52,-0.172,-0.02,-0.192,9.915,328.67,31.35,4.1,0,0,37.691434,337.77,,1,1,1,1,,4266.5
56467,-0.528,0.074,-0.49,-0.066,-0.046,-0.098,9.981,328.67,31.35,4.1,0,0,37.691434,337.77,,1,1,1,1,,4267
56467.5,-0.444,0.127,-0.405,0.047,-0.065,-0.029,10.018,328.77,34.12,10.8,0,0,41.021746,344.57,,1,1,1,1,,4267.5
56468,-0.361,0.147,-0.273,0.158,-0.083,0.013,10.046,328.77,34.12,10.8,0,0,41.021746,344.57,,1,1,1,1,,4268
56468.5,-0.29,0.129,-0.107,0.255,-0.082,0.031,10.041,328.77,35.04,11.6,0,0,42.127842,345.37,,1,1,1,1,,4268.5
56469,-0.233,0.08,0.076,0.329,-0.07,0.035,10.03,328.77,35.04,11.6,0,0,42.127842,345.37,,1,1,1,1,,4269
56469.5,-0.191,0.002,0.26,0.374,-0.045,0.01,9.991,328.77,34.12,9,0,0,41.021746,342.77,,1,1,1,1,,4269.5
56470,-0.167,-0.096,0.429,0.39,-0.021,-0.044,9.952,328.77,34.12,9,0,0,41.021746,342.77,,1,1,1,1,,4270
56470.5,-0.162,-0.207,0.568,0.379,0.011,-0.083,9.9,328.87,35.04,7.2,0,0,42.127842,341.07,,1,1,1,1,,4270.5
56471,-0.171,-0.316,0.666,0.335,0.042,-0.107,9.843,328.87,35.04,7.2,0,0,42.127842,341.07,,1,1,1,1,,4271
56471.5,-0.192,-0.419,0.713,0.264,0.069,-0.114,9.778,328.97,35.04,10,0,0,42.127842,343.97,,1,1,1,1,,4271.5
56472,-0.225,-0.502,0.702,0.156,0.119,-0.135,9.675,328.97,35.04,10,0,0,42.127842,343.97,,1,1,1,1,,4272
56472.5,-0.273,-0.558,0.624,0.02,0.148,-0.125,9.59,328.97,35.04,9.9,0,0,42.127842,343.87,,1,1,1,1,,4272.5
56473,-0.322,-0.574,0.48,-0.134,0.158,-0.107,9.521,328.97,35.04,9.9,0,0,42.127842,343.87,,1,1,1,1,,4273
56473.5,-0.37,-0.552,0.276,-0.291,0.171,-0.083,9.475,329.07,34.12,10,0,0,41.021746,344.07,,1,1,1,1,,4273.5
56474,-0.406,-0.488,0.028,-0.429,0.167,-0.024,9.465,329.07,34.12,10,0,0,41.021746,344.07,,1,1,1,1,,4274
56474.5,-0.417,-0.389,-0.24,-0.523,0.114,0.032,9.539,329.27,34.12,9,0,0,41.021746,343.27,,1,1,1,1,,4274.5
56475,-0.391,-0.263,-0.496,-0.555,0.071,0.042,9.638,329.27,34.12,9,0,0,41.021746,343.27,,1,1,1,1,,4275
56475.5,-0.324,-0.127,-0.706,-0.516,0.02,0.067,9.765,329.27,34.12,8,0,0,41.021746,342.27,,1,1,1,1,,4275.5
56476,-0.219,0.004,-0.841,-0.407,-0.052,0.081,9.919,329.27,34.12,8,0,0,41.021746,342.27,,1,1,1,1,,4276
56476.5,-0.092,0.115,-0.881,-0.248,-0.091,0.072,10.037,329.17,33.2,8,0,0,39.915649,342.17,,1,1,1,1,,4276.5
56477,0.041,0.189,-0.82,-0.06,-0.109,0.088,10.123,329.17,33.2,8,0,0,39.915649,342.17,,1,1,1,1,,4277
56477.5,0.153,0.223,-0.667,0.13,-0.12,0.111,10.164,329.17,34.12,6,0,0,41.021746,340.17,,1,1,1,1,,4277.5
56478,0.228,0.214,-0.441,0.301,-0.121,0.089,10.181,329.17,34.12,6,0,0,41.021746,340.17,,1,1,1,1,,4278
56478.5,0.251,0.157,-0.17,0.434,-0.089,0.053,10.135,329.17,35.97,6.2,0,0,43.245961,340.37,,1,1,1,1,,4278.5
56479,0.216,0.069,0.114,0.512,-0.058,0.002,10.068,329.17,35.97,6.2,0,0,43.245961,340.37,,1,1,1,1,,4279
56479.5,0.119,-0.048,0.377,0.526,-0.015,-0.064,9.956,329.07,34.12,8.3,0,0,41.021746,342.37,,1,1,1,1,,4279.5
56480,-0.021,-0.174,0.588,0.471,0.04,-0.105,9.827,329.07,34.12,8.3,0,0,41.021746,342.37,,1,1,1,1,,4280
56480.5,-0.181,-0.295,0.721,0.364,0.087,-0.109,9.703,329.17,35.04,10.1,0,0,42.127842,344.27,,1,1,1,1,,4280.5
56481,-0.339,-0.396,0.762,0.207,0.119,-0.103,9.597,329.17,35.04,10.1,0,0,42.127842,344.27,,1,1,1,1,,4281
56481.5,-0.472,-0.459,0.709,0.034,0.156,-0.101,9.524,329.27,33.2,7.8,0,0,39.915649,342.07,,1,1,1,1,,4281.5
56482,-0.566,-0.485,0.571,-0.142,0.173,-0.108,9.478,329.27,33.2,7.8,0,0,39.915649,342.07,,1,1,1,1,,4282
56482.5,-0.609,-0.468,0.37,-0.28,0.137,-0.167,9.532,329.37,31.35,9.2,0,0,37.691434,343.57,,1,1,1,1,,4282.5
56483,-0.601,-0.419,0.138,-0.375,0.122,-0.207,9.575,329.37,31.35,9.2,0,0,37.691434,343.57,,1,1,1,1,,4283
56483.5,-0.552,-0.34,-0.092,-0.408,0.075,-0.198,9.683,329.47,29.33,14.1,0,0,35.262831,348.57,,1,1,1,1,,4283.5
56484,-0.473,-0.247,-0.291,-0.39,0.043,-0.149,9.755,329.47,29.33,14.1,0,0,35.262831,348.57,,1,1,1,1,,4284
56484.5,-0.38,-0.151,-0.439,-0.331,0.008,-0.08,9.851,329.47,30.43,11.8,0,0,36.585338,346.27,,1,1,1,1,,4284.5
56485,-0.289,-0.064,-0.525,-0.244,-0.009,0.039,9.892,329.47,30.43,11.8,0,0,36.585338,346.27,,1,1,1,1,,4285
56485.5,-0.211,0.008,-0.548,-0.146,-0.041,0.127,9.953,329.47,32.28,11.5,0,0,38.809553,345.97,,1,1,1,1,,4285.5
56486,-0.151,0.058,-0.512,-0.043,-0.041,0.187,9.965,329.47,32.28,11.5,0,0,38.809553,345.97,,1,1,1,1,,4286
56486.5,-0.118,0.085,-0.427,0.056,-0.05,0.221,9.993,329.47,31.35,17.8,0,0,37.691434,352.27,,1,1,1,1,,4286.5
56487,-0.109,0.084,-0.3,0.16,-0.068,0.168,10.031,329.47,31.35,17.8,0,0,37.691434,352.27,,1,1,1,1,,4287
56487.5,-0.121,0.059,-0.142,0.25,-0.066,0.07,10.039,329.37,32.28,17.6,0,0,38.809553,351.97,,1,1,1,1,,4287.5
56488,-0.151,0.006,0.035,0.323,-0.049,-0.03,10.02,329.37,32.28,17.6,0,0,38.809553,351.97,,1,1,1,1,,4288
56488.5,-0.184,-0.063,0.21,0.352,-0.013,-0.116,9.945,329.37,35.04,12.1,0,0,42.127842,346.47,,1,1,1,1,,4288.5
56489,-0.22,-0.141,0.36,0.34,0.014,-0.191,9.875,329.37,35.04,12.1,0,0,42.127842,346.47,,1,1,1,1,,4289
56489.5,-0.245,-0.219,0.467,0.277,0.062,-0.23,9.763,329.37,35.04,11.2,0,0,42.127842,345.57,,1,1,1,1,,4289.5
56490,-0.257,-0.285,0.513,0.183,0.083,-0.204,9.702,329.37,35.04,11.2,0,0,42.127842,345.57,,1,1,1,1,,4290
56490.5,-0.248,-0.332,0.496,0.064,0.113,-0.162,9.617,329.47,33.2,9.2,0,0,39.915649,343.67,,1,1,1,1,,4290.5
56491,-0.22,-0.356,0.416,-0.056,0.102,-0.094,9.613,329.47,33.2,9.2,0,0,39.915649,343.67,,1,1,1,1,,4291
56491.5,-0.17,-0.354,0.29,-0.163,0.114,-0.039,9.594,329.47,34.12,10.1,0,0,41.021746,344.57,,1,1,1,1,,4291.5
56492,-0.104,-0.329,0.133,-0.242,0.089,-0.046,9.644,329.47,34.12,10.1,0,0,41.021746,344.57,,1,1,1,1,,4292
56492.5,-0.022,-0.284,-0.03,-0.278,0.064,-0.017,9.699,329.47,33.2,11.1,0,0,39.915649,345.57,,1,1,1,1,,4292.5
56493,0.067,-0.229,-0.177,-0.274,0.033,0.008,9.787,329.47,33.2,11.1,0,0,39.915649,345.57,,1,1,1,1,,4293
56493.5,0.153,-0.176,-0.286,-0.223,0.007,0.044,9.861,329.47,34.12,10.7,0,0,41.021746,345.17,,1,1,1,1,,4293.5
56494,0.226,-0.135,-0.348,-0.154,-0.011,0.081,9.914,329.47,34.12,10.7,0,0,41.021746,345.17,,1,1,1,1,,4294
56494.5,0.276,-0.108,-0.357,-0.062,-0.031,0.142,9.964,329.47,34.12,8.2,0,0,41.021746,342.67,,1,1,1,1,,4294.5
56495,0.298,-0.102,-0.32,0.016,-0.033,0.177,9.951,329.47,34.12,8.2,0,0,41.021746,342.67,,1,1,1,1,,4295
56495.5,0.291,-0.115,-0.248,0.09,-0.047,0.181,9.972,329.47,34.12,7.9,0,0,41.021746,342.37,,1,1,1,1,,4295.5
56496,0.255,-0.141,-0.155,0.136,-0.009,0.182,9.91,329.47,34.12,7.9,0,0,41.021746,342.37,,1,1,1,1,,4296
56496.5,0.19,-0.175,-0.057,0.158,0,0.155,9.887,329.57,34.12,8.1,0,0,41.021746,342.67,,1,1,1,1,,4296.5
56497,0.103,-0.206,0.031,0.147,0.032,0.104,9.808,329.57,34.12,8.1,0,0,41.021746,342.67,,1,1,1,1,,4297
56497.5,-0.001,-0.229,0.091,0.098,0.059,0.045,9.746,329.57,33.2,6.8,0,0,39.915649,341.37,,1,1,1,1,,4297.5
56498,-0.116,-0.237,0.112,0.024,0.099,0.001,9.666,329.57,33.2,6.8,0,0,39.915649,341.37,,1,1,1,1,,4298
56498.5,-0.235,-0.226,0.088,-0.073,0.123,-0.027,9.607,329.57,32.28,3.9,0,0,38.809553,338.47,,1,1,1,1,,4298.5
56499,-0.344,-0.188,0.021,-0.17,0.13,-0.044,9.576,329.57,32.28,3.9,0,0,38.809553,338.47,,1,1,1,1,,4299
56499.5,-0.438,-0.128,-0.081,-0.26,0.125,-0.044,9.58,329.57,32.28,6.4,0,0,38.809553,340.97,,1,1,1,1,,4299.5
56500,-0.516,-0.051,-0.2,-0.306,0.085,-0.091,9.659,329.57,32.28,6.4,0,0,38.809553,340.97,,1,1,1,1,,4300
56500.5,-0.565,0.033,-0.307,-0.292,0.024,-0.19,9.786,329.47,32.28,7.7,0,0,38.809553,342.17,,1,1,1,1,,4300.5
56501,-0.583,0.102,-0.367,-0.19,-0.073,-0.294,9.985,329.47,32.28,7.7,0,0,38.809553,342.17,,1,1,1,1,,4301
56501.5,-0.572,0.145,-0.349,-0.031,-0.117,-0.332,10.098,329.47,32.28,12.5,0,0,38.809553,346.97,,1,1,1,1,,4301.5
56502,-0.54,0.149,-0.247,0.16,-0.161,-0.279,10.228,329.47,32.28,12.5,0,0,38.809553,346.97,,1,1,1,1,,4302
56502.5,-0.494,0.106,-0.061,0.362,-0.162,-0.22,10.262,329.37,34.12,11.6,0,0,41.021746,345.97,,1,1,1,1,,4302.5
56503,-0.443,0.02,0.18,0.513,-0.135,-0.108,10.229,329.37,34.12,11.6,0,0,41.021746,345.97,,1,1,1,1,,4303
56503.5,-0.394,-0.102,0.445,0.615,-0.092,-0.01,10.155,329.47,35.04,15.1,0,0,42.127842,349.57,,1,1,1,1,,4303.5
56504,-0.353,-0.247,0.689,0.616,0,0.035,9.968,329.47,35.04,15.1,0,0,42.127842,349.57,,1,1,1,1,,4304
56504.5,-0.328,-0.397,0.87,0.539,0.058,0.119,9.825,329.47,33.2,15.6,0,0,39.915649,350.07,,1,1,1,1,,4304.5
56505,-0.318,-0.533,0.954,0.369,0.145,0.147,9.602,329.47,33.2,15.6,0,0,39.915649,350.07,,1,1,1,1,,4305
56505.5,-0.325,-0.63,0.918,0.145,0.179,0.125,9.477,329.57,32.28,12,0,0,38.809553,346.57,,1,1,1,1,,4305.5
56506,-0.35,-0.682,0.76,-0.116,0.236,0.067,9.321,329.57,32.28,12,0,0,38.809553,346.57,,1,1,1,1,,4306
56506.5,-0.384,-0.672,0.491,-0.372,0.228,0.017,9.298,329.57,33.2,3.8,0,0,39.915649,338.37,,1,1,1,1,,4306.5
56507,-0.427,-0.604,0.142,-0.593,0.224,-0.061,9.272,329.57,33.2,3.8,0,0,39.915649,338.37,,1,1,1,1,,4307
56507.5,-0.467,-0.48,-0.251,-0.762,0.183,-0.131,9.346,329.67,33.2,9.5,0,0,39.915649,344.17,,1,1,1,1,,4307.5
56508,-0.503,-0.311,-0.643,-0.845,0.141,-0.151,9.45,329.67,33.2,9.5,0,0,39.915649,344.17,,1,1,1,1,,4308
56508.5,-0.526,-0.115,-0.989,-0.842,0.066,-0.196,9.617,329.57,33.2,6.4,0,0,39.915649,340.97,,1,1,1,1,,4308.5
56509,-0.528,0.089,-1.244,-0.731,-0.015,-0.24,9.824,329.57,33.2,6.4,0,0,39.915649,340.97,,1,1,1,1,,4309
56509.5,-0.508,0.276,-1.371,-0.533,-0.094,-0.26,10.032,329.47,33.2,9.6,0,0,39.915649,344.07,,1,1,1,1,,4309.5
56510,-0.458,0.423,-1.346,-0.245,-0.182,-0.214,10.257,329.47,33.2,9.6,0,0,39.915649,344.07,,1,1,1,1,,4310
56510.5,-0.385,0.507,-1.161,0.073,-0.217,-0.143,10.379,329.47,34.12,11.6,0,0,41.021746,346.07,,1,1,1,1,,4310.5
56511,-0.292,0.52,-0.832,0.41,-0.259,-0.051,10.512,329.47,34.12,11.6,0,0,41.021746,346.07,,1,1,1,1,,4311
56511.5,-0.199,0.454,-0.389,0.702,-0.225,0.06,10.473,329.47,34.12,11.3,0,0,41.021746,345.77,,1,1,1,1,,4311.5
56512,-0.118,0.32,0.116,0.924,-0.213,0.141,10.446,329.47,34.12,11.3,0,0,41.021746,345.77,,1,1,1,1,,4312
56512.5,-0.063,0.125,0.63,1.045,-0.129,0.155,10.261,329.47,35.04,8.4,0,0,42.127842,342.87,,1,1,1,1,,4312.5
56513,-0.042,-0.107,1.085,1.043,-0.054,0.115,10.087,329.47,35.04,8.4,0,0,42.127842,342.87,,1,1,1,1,,4313
56513.5,-0.056,-0.346,1.433,0.92,0.065,0.07,9.808,329.47,32.28,1.9,0,0,38.809553,336.37,,1,1,1,1,,4313.5
56514,-0.094,-0.567,1.62,0.667,0.159,0.014,9.544,329.47,32.28,1.9,0,0,38.809553,336.37,,1,1,1,1,,4314
56514.5,-0.144,-0.743,1.618,0.326,0.252,-0.042,9.281,329.57,32.28,3.7,0,0,38.809553,338.27,,1,1,1,1,,4314.5
56515,-0.207,-0.845,1.413,-0.089,0.326,-0.065,9.068,329.57,32.28,3.7,0,0,38.809553,338.27,,1,1,1,1,,4315
56515.5,-0.271,-0.861,1.024,-0.496,0.346,-0.07,8.981,329.47,33.2,10.6,0,0,39.915649,345.07,,1,1,1,1,,4315.5
56516,-0.337,-0.784,0.492,-0.868,0.344,-0.052,8.953,329.47,33.2,10.6,0,0,39.915649,345.07,,1,1,1,1,,4316
56516.5,-0.402,-0.62,-0.12,-1.126,0.268,-0.016,9.108,329.47,34.12,5.7,0,0,41.021746,340.17,,1,1,1,1,,4316.5
56517,-0.467,-0.39,-0.732,-1.254,0.197,-0.01,9.288,329.47,34.12,5.7,0,0,41.021746,340.17,,1,1,1,1,,4317
56517.5,-0.535,-0.117,-1.268,-1.211,0.057,0.002,9.631,329.47,34.12,5.8,0,0,41.021746,340.27,,1,1,1,1,,4317.5
56518,-0.597,0.155,-1.647,-1.006,-0.059,-0.054,9.942,329.47,34.12,5.8,0,0,41.021746,340.27,,1,1,1,1,,4318
56518.5,-0.653,0.39,-1.818,-0.649,-0.204,-0.18,10.317,329.47,34.12,8.6,0,0,41.021746,343.07,,1,1,1,1,,4318.5
56519,-0.685,0.555,-1.743,-0.192,-0.286,-0.272,10.566,329.47,34.12,8.6,0,0,41.021746,343.07,,1,1,1,1,,4319
56519.5,-0.684,0.629,-1.433,0.292,-0.341,-0.291,10.732,329.47,33.2,6.7,0,0,39.915649,341.17,,1,1,1,1,,4319.5
56520,-0.652,0.604,-0.925,0.747,-0.35,-0.303,10.775,329.47,33.2,6.7,0,0,39.915649,341.17,,1,1,1,1,,4320
56520.5,-0.587,0.481,-0.284,1.109,-0.318,-0.228,10.701,329.47,33.2,8.2,0,0,39.915649,342.67,,1,1,1,1,,4320.5
56521,-0.502,0.273,0.408,1.337,-0.243,-0.121,10.527,329.47,33.2,8.2,0,0,39.915649,342.67,,1,1,1,1,,4321
56521.5,-0.403,0.007,1.062,1.396,-0.117,-0.062,10.24,329.47,35.04,8.2,0,0,42.127842,342.67,,1,1,1,1,,4321.5
56522,-0.305,-0.283,1.591,1.274,0.023,-0.018,9.895,329.47,35.04,8.2,0,0,42.127842,342.67,,1,1,1,1,,4322
56522.5,-0.217,-0.562,1.923,0.978,0.163,0.032,9.522,329.47,35.04,9.7,0,0,42.127842,344.17,,1,1,1,1,,4322.5
56523,-0.144,-0.796,2.008,0.548,0.282,0.049,9.191,329.47,35.04,9.7,0,0,42.127842,344.17,,1,1,1,1,,4323
56523.5,-0.096,-0.95,1.829,0.036,0.376,0.041,8.921,329.47,34.12,10.3,0,0,41.021746,344.77,,1,1,1,1,,4323.5
56524,-0.064,-1.005,1.404,-0.49,0.41,0.042,8.786,329.47,34.12,10.3,0,0,41.021746,344.77,,1,1,1,1,,4324
56524.5,-0.053,-0.953,0.786,-0.958,0.399,0.087,8.778,329.57,35.04,2.9,0,0,42.127842,337.47,,1,1,1,1,,4324.5
56525,-0.063,-0.8,0.053,-1.304,0.335,0.057,8.92,329.57,35.04,2.9,0,0,42.127842,337.47,,1,1,1,1,,4325
56525.5,-0.09,-0.565,-0.697,-1.481,0.225,0.035,9.177,329.57,35.97,3.5,0,0,43.245961,338.07,,1,1,1,1,,4325.5
56526,-0.132,-0.279,-1.369,-1.47,0.109,-0.012,9.491,329.57,35.97,3.5,0,0,43.245961,338.07,,1,1,1,1,,4326
56526.5,-0.185,0.023,-1.877,-1.282,-0.022,-0.083,9.846,329.67,35.04,4.4,0,0,42.127842,339.07,,1,1,1,1,,4326.5
56527,-0.246,0.299,-2.159,-0.937,-0.148,-0.137,10.192,329.67,35.04,4.4,0,0,42.127842,339.07,,1,1,1,1,,4327
56527.5,-0.299,0.518,-2.18,-0.479,-0.25,-0.11,10.493,329.67,35.04,8.6,0,0,42.127842,343.27,,1,1,1,1,,4327.5
56528,-0.34,0.658,-1.936,0.038,-0.32,-0.095,10.709,329.67,35.04,8.6,0,0,42.127842,343.27,,1,1,1,1,,4328
56528.5,-0.363,0.701,-1.459,0.543,-0.342,-0.091,10.802,329.67,35.04,9.9,0,0,42.127842,344.57,,1,1,1,1,,4328.5
56529,-0.367,0.644,-0.808,0.978,-0.328,-0.055,10.782,329.67,35.04,9.9,0,0,42.127842,344.57,,1,1,1,1,,4329
56529.5,-0.348,0.497,-0.063,1.287,-0.27,-0.065,10.629,329.57,34.12,5.4,0,0,41.021746,339.97,,1,1,1,1,,4329.5
56530,-0.314,0.28,0.682,1.429,-0.171,-0.04,10.376,329.57,34.12,5.4,0,0,41.021746,339.97,,1,1,1,1,,4330
56530.5,-0.268,0.021,1.336,1.399,-0.054,-0.026,10.076,329.57,34.12,4.2,0,0,41.021746,338.77,,1,1,1,1,,4330.5
56531,-0.214,-0.246,1.822,1.2,0.073,-0.035,9.751,329.57,34.12,4.2,0,0,41.021746,338.77,,1,1,1,1,,4331
56531.5,-0.166,-0.491,2.089,0.875,0.184,-0.011,9.467,329.57,33.2,9.5,0,0,39.915649,344.07,,1,1,1,1,,4331.5
56532,-0.134,-0.686,2.113,0.458,0.276,0.004,9.209,329.57,33.2,9.5,0,0,39.915649,344.07,,1,1,1,1,,4332
56532.5,-0.126,-0.814,1.896,0.002,0.324,0,9.046,329.57,34.12,7,0,0,41.021746,341.57,,1,1,1,1,,4332.5
56533,-0.149,-0.855,1.47,-0.447,0.351,0.007,8.947,329.57,34.12,7,0,0,41.021746,341.57,,1,1,1,1,,4333
56533.5,-0.202,-0.813,0.887,-0.832,0.323,0.022,8.978,329.57,34.12,7.7,0,0,41.021746,342.27,,1,1,1,1,,4333.5
56534,-0.282,-0.695,0.221,-1.107,0.264,-0.027,9.103,329.57,34.12,7.7,0,0,41.021746,342.27,,1,1,1,1,,4334
56534.5,-0.382,-0.518,-0.45,-1.24,0.175,-0.063,9.327,329.67,35.97,7.7,0,0,43.245961,342.37,,1,1,1,1,,4334.5
56535,-0.483,-0.309,-1.042,-1.214,0.066,-0.088,9.6,329.67,35.97,7.7,0,0,43.245961,342.37,,1,1,1,1,,4335
56535.5,-0.577,-0.094,-1.486,-1.032,-0.058,-0.137,9.92,329.77,35.97,7.5,0,0,43.245961,342.27,,1,1,1,1,,4335.5
56536,-0.649,0.094,-1.729,-0.73,-0.14,-0.145,10.174,329.77,35.97,7.5,0,0,43.245961,342.27,,1,1,1,1,,4336
56536.5,-0.692,0.233,-1.75,-0.337,-0.231,-0.141,10.448,329.77,35.97,9,0,0,43.245961,343.77,,1,1,1,1,,4336.5
56537,-0.7,0.306,-1.55,0.079,-0.235,-0.178,10.54,329.77,35.97,9,0,0,43.245961,343.77,,1,1,1,1,,4337
56537.5,-0.665,0.311,-1.169,0.467,-0.242,-0.227,10.601,329.67,35.97,9.3,0,0,43.245961,343.97,,1,1,1,1,,4337.5
56538,-0.589,0.245,-0.659,0.777,-0.183,-0.222,10.497,329.67,35.97,9.3,0,0,43.245961,343.97,,1,1,1,1,,4338
56538.5,-0.481,0.124,-0.099,0.956,-0.109,-0.183,10.325,329.67,35.97,10.4,0,0,43.245961,345.07,,1,1,1,1,,4338.5
56539,-0.349,-0.03,0.434,0.997,-0.013,-0.132,10.069,329.67,35.97,10.4,0,0,43.245961,345.07,,1,1,1,1,,4339
56539.5,-0.212,-0.191,0.864,0.877,0.088,-0.094,9.771,329.67,35.97,11.4,0,0,43.245961,346.07,,1,1,1,1,,4339.5
56540,-0.086,-0.335,1.135,0.635,0.169,-0.011,9.497,329.67,35.97,11.4,0,0,43.245961,346.07,,1,1,1,1,,4340
56540.5,0.017,-0.431,1.21,0.284,0.249,0.021,9.234,329.77,34.12,11.6,0,0,41.021746,346.37,,1,1,1,1,,4340.5
56541,0.084,-0.463,1.085,-0.093,0.274,0.06,9.119,329.77,34.12,11.6,0,0,41.021746,346.37,,1,1,1,1,,4341
56541.5,0.117,-0.426,0.79,-0.447,0.271,0.083,9.086,329.77,35.04,12.7,0,0,42.127842,347.47,,1,1,1,1,,4341.5
56542,0.116,-0.326,0.383,-0.698,0.196,0.149,9.246,329.77,35.04,12.7,0,0,42.127842,347.47,,1,1,1,1,,4342
56542.5,0.091,-0.178,-0.058,-0.819,0.12,0.159,9.444,329.87,34.12,9.9,0,0,41.021746,344.77,,1,1,1,1,,4342.5
56543,0.055,-0.014,-0.455,-0.785,0.001,0.122,9.744,329.87,34.12,9.9,0,0,41.021746,344.77,,1,1,1,1,,4343
56543.5,0.016,0.137,-0.738,-0.618,-0.08,0.105,9.991,329.87,35.04,12.5,0,0,42.127842,347.37,,1,1,1,1,,4343.5
56544,-0.016,0.25,-0.868,-0.348,-0.166,0.054,10.25,329.87,35.04,12.5,0,0,42.127842,347.37,,1,1,1,1,,4344
56544.5,-0.036,0.3,-0.824,-0.018,-0.204,0.006,10.402,329.87,32.28,11,0,0,38.809553,345.87,,1,1,1,1,,4344.5
56545,-0.045,0.281,-0.621,0.304,-0.208,0.004,10.471,329.87,32.28,11,0,0,38.809553,345.87,,1,1,1,1,,4345
56545.5,-0.049,0.186,-0.296,0.585,-0.175,0.014,10.444,329.77,32.28,11.6,0,0,38.809553,346.37,,1,1,1,1,,4345.5
56546,-0.053,0.035,0.095,0.768,-0.112,-0.026,10.311,329.77,32.28,11.6,0,0,38.809553,346.37,,1,1,1,1,,4346
56546.5,-0.059,-0.156,0.488,0.839,-0.041,-0.077,10.133,329.77,32.28,10.2,0,0,38.809553,344.97,,1,1,1,1,,4346.5
56547,-0.067,-0.361,0.82,0.778,0.061,-0.136,9.874,329.77,32.28,10.2,0,0,38.809553,344.97,,1,1,1,1,,4347
56547.5,-0.079,-0.55,1.035,0.601,0.144,-0.193,9.633,329.67,32.28,9.7,0,0,38.809553,344.37,,1,1,1,1,,4347.5
56548,-0.096,-0.699,1.097,0.324,0.221,-0.21,9.39,329.67,32.28,9.7,0,0,38.809553,344.37,,1,1,1,1,,4348
56548.5,-0.115,-0.78,0.992,0.002,0.253,-0.174,9.257,329.77,32.28,10.5,0,0,38.809553,345.27,,1,1,1,1,,4348.5
56549,-0.144,-0.784,0.736,-0.319,0.282,-0.09,9.178,329.77,32.28,10.5,0,0,38.809553,345.27,,1,1,1,1,,4349
56549.5,-0.189,-0.712,0.366,-0.593,0.249,-0.015,9.215,329.87,33.2,15,0,0,39.915649,349.87,,1,1,1,1,,4349.5
56550,-0.247,-0.572,-0.065,-0.786,0.213,0.033,9.298,329.87,33.2,15,0,0,39.915649,349.87,,1,1,1,1,,4350
56550.5,-0.318,-0.381,-0.501,-0.88,0.148,0.044,9.458,330.07,33.2,16.6,0,0,39.915649,351.67,,1,1,1,1,,4350.5
56551,-0.401,-0.16,-0.883,-0.856,0.058,0.024,9.662,330.07,33.2,16.6,0,0,39.915649,351.67,,1,1,1,1,,4351
56551.5,-0.484,0.062,-1.163,-0.731,-0.022,0.026,9.869,330.07,33.2,16.7,0,0,39.915649,351.77,,1,1,1,1,,4351.5
56552,-0.565,0.257,-1.305,-0.516,-0.097,0.012,10.067,330.07,33.2,16.7,0,0,39.915649,351.77,,1,1,1,1,,4352
56552.5,-0.635,0.402,-1.294,-0.252,-0.143,0.023,10.199,330.17,33.2,18.1,0,0,39.915649,353.27,,1,1,1,1,,4352.5
56553,-0.689,0.485,-1.138,0.029,-0.178,0.021,10.294,330.17,33.2,18.1,0,0,39.915649,353.27,,1,1,1,1,,4353
56553.5,-0.718,0.496,-0.862,0.281,-0.164,0.036,10.282,330.17,32.28,14.3,0,0,38.809553,349.47,,1,1,1,1,,4353.5
56554,-0.723,0.445,-0.506,0.483,-0.148,0.022,10.247,330.17,32.28,14.3,0,0,38.809553,349.47,,1,1,1,1,,4354
56554.5,-0.704,0.338,-0.116,0.613,-0.107,-0.039,10.145,330.07,30.43,16.8,0,0,36.585338,351.87,,1,1,1,1,,4354.5
56555,-0.665,0.194,0.26,0.663,-0.061,-0.105,10.04,330.07,30.43,16.8,0,0,36.585338,351.87,,1,1,1,1,,4355
56555.5,-0.608,0.029,0.587,0.644,0,-0.209,9.914,329.97,29.33,14.5,0,0,35.262831,349.47,,1,1,1,1,,4355.5
56556,-0.54,-0.135,0.834,0.564,0.049,-0.27,9.819,329.97,29.33,14.5,0,0,35.262831,349.47,,1,1,1,1,,4356
56556.5,-0.469,-0.289,0.99,0.455,0.093,-0.327,9.741,329.77,29.33,10.3,0,0,35.262831,345.07,,1,1,1,1,,4356.5
56557,-0.396,-0.418,1.051,0.317,0.127,-0.357,9.68,329.77,29.33,10.3,0,0,35.262831,345.07,,1,1,1,1,,4357
56557.5,-0.327,-0.515,1.023,0.179,0.15,-0.335,9.649,329.67,29.33,16,0,0,35.262831,350.67,,1,1,1,1,,4357.5
56558,-0.261,-0.576,0.92,0.039,0.161,-0.302,9.623,329.67,29.33,16,0,0,35.262831,350.67,,1,1,1,1,,4358
56558.5,-0.196,-0.601,0.758,-0.075,0.151,-0.23,9.641,329.77,29.33,12.1,0,0,35.262831,346.87,,1,1,1,1,,4358.5
56559,-0.132,-0.591,0.56,-0.167,0.135,-0.133,9.651,329.77,29.33,12.1,0,0,35.262831,346.87,,1,1,1,1,,4359
56559.5,-0.068,-0.551,0.346,-0.226,0.088,-0.045,9.713,329.87,31.35,10.6,0,0,37.691434,345.47,,1,1,1,1,,4359.5
56560,-0.005,-0.494,0.139,-0.254,0.075,0.078,9.741,329.87,31.35,10.6,0,0,37.691434,345.47,,1,1,1,1,,4360
56560.5,0.054,-0.427,-0.05,-0.26,0.054,0.175,9.776,330.07,33.2,10.3,0,0,39.915649,345.37,,1,1,1,1,,4360.5
56561,0.108,-0.357,-0.209,-0.252,0.036,0.246,9.775,330.07,33.2,10.3,0,0,39.915649,345.37,,1,1,1,1,,4361
56561.5,0.151,-0.289,-0.34,-0.248,0.027,0.328,9.771,330.17,34.12,15,0,0,41.021746,350.17,,1,1,1,1,,4361.5
56562,0.18,-0.227,-0.447,-0.251,0.036,0.357,9.73,330.17,34.12,15,0,0,41.021746,350.17,,1,1,1,1,,4362
56562.5,0.192,-0.173,-0.539,-0.271,0.054,0.332,9.684,330.27,35.04,12.6,0,0,42.127842,347.87,,1,1,1,1,,4362.5
56563,0.196,-0.123,-0.621,-0.299,0.054,0.224,9.654,330.27,35.04,12.6,0,0,42.127842,347.87,,1,1,1,1,,4363
56563.5,0.188,-0.074,-0.697,-0.331,0.052,0.108,9.646,330.17,35.04,10.8,0,0,42.127842,345.97,,1,1,1,1,,4363.5
56564,0.167,-0.021,-0.763,-0.34,0.045,0.026,9.681,330.17,35.04,10.8,0,0,42.127842,345.97,,1,1,1,1,,4364
56564.5,0.137,0.034,-0.805,-0.32,0.029,-0.03,9.749,330.07,35.04,9.2,0,0,42.127842,344.27,,1,1,1,1,,4364.5
56565,0.094,0.087,-0.809,-0.25,0.001,-0.052,9.864,330.07,35.04,9.2,0,0,42.127842,344.27,,1,1,1,1,,4365
56565.5,0.046,0.135,-0.756,-0.136,-0.015,-0.073,9.966,329.97,35.04,9.1,0,0,42.127842,344.07,,1,1,1,1,,4365.5
56566,-0.011,0.173,-0.636,0.019,-0.046,-0.09,10.087,329.97,35.04,9.1,0,0,42.127842,344.07,,1,1,1,1,,4366
56566.5,-0.071,0.188,-0.447,0.191,-0.061,-0.117,10.159,329.87,35.04,10.2,0,0,42.127842,345.07,,1,1,1,1,,4366.5
56567,-0.132,0.175,-0.197,0.363,-0.07,-0.146,10.205,329.87,35.04,10.2,0,0,42.127842,345.07,,1,1,1,1,,4367
56567.5,-0.187,0.133,0.095,0.507,-0.055,-0.199,10.186,329.77,34.12,10.7,0,0,41.021746,345.47,,1,1,1,1,,4367.5
56568,-0.228,0.06,0.402,0.61,-0.048,-0.217,10.151,329.77,34.12,10.7,0,0,41.021746,345.47,,1,1,1,1,,4368
56568.5,-0.254,-0.039,0.696,0.661,-0.032,-0.2,10.08,329.77,34.12,8.3,0,0,41.021746,343.07,,1,1,1,1,,4368.5
56569,-0.263,-0.157,0.946,0.649,0.002,-0.149,9.972,329.77,34.12,8.3,0,0,41.021746,343.07,,1,1,1,1,,4369
56569.5,-0.255,-0.284,1.126,0.574,0.041,-0.081,9.846,329.87,34.12,7.1,0,0,41.021746,341.97,,1,1,1,1,,4369.5
56570,-0.242,-0.407,1.216,0.442,0.08,-0.028,9.717,329.87,34.12,7.1,0,0,41.021746,341.97,,1,1,1,1,,4370
56570.5,-0.222,-0.514,1.203,0.268,0.116,0,9.603,329.97,34.12,7.5,0,0,41.021746,342.47,,1,1,1,1,,4370.5
56571,-0.201,-0.596,1.085,0.064,0.151,0.053,9.5,329.97,34.12,7.5,0,0,41.021746,342.47,,1,1,1,1,,4371
56571.5,-0.187,-0.645,0.871,-0.147,0.167,0.079,9.443,330.07,33.2,7,0,0,39.915649,342.07,,1,1,1,1,,4371.5
56572,-0.18,-0.653,0.577,-0.348,0.187,0.078,9.395,330.07,33.2,7,0,0,39.915649,342.07,,1,1,1,1,,4372
56572.5,-0.188,-0.62,0.23,-0.518,0.171,0.117,9.418,330.17,33.2,7.7,0,0,39.915649,342.87,,1,1,1,1,,4372.5
56573,-0.21,-0.551,-0.14,-0.64,0.156,0.125,9.46,330.17,33.2,7.7,0,0,39.915649,342.87,,1,1,1,1,,4373
56573.5,-0.257,-0.45,-0.498,-0.702,0.123,0.119,9.541,330.27,33.2,7.7,0,0,39.915649,342.97,,1,1,1,1,,4373.5
56574,-0.318,-0.327,-0.811,-0.699,0.076,0.089,9.654,330.27,33.2,7.7,0,0,39.915649,342.97,,1,1,1,1,,4374
56574.5,-0.389,-0.195,-1.052,-0.631,0.029,0.048,9.78,330.17,34.12,6.6,0,0,41.021746,341.77,,1,1,1,1,,4374.5
56575,-0.464,-0.065,-1.195,-0.499,-0.007,-0.063,9.908,330.17,34.12,6.6,0,0,41.021746,341.77,,1,1,1,1,,4375
56575.5,-0.528,0.046,-1.226,-0.315,-0.058,-0.167,10.046,330.07,32.28,7.2,0,0,38.809553,342.27,,1,1,1,1,,4375.5
56576,-0.57,0.129,-1.14,-0.097,-0.101,-0.235,10.163,330.07,32.28,7.2,0,0,38.809553,342.27,,1,1,1,1,,4376
56576.5,-0.577,0.176,-0.946,0.131,-0.108,-0.332,10.225,330.07,32.28,4.4,0,0,38.809553,339.47,,1,1,1,1,,4376.5
56577,-0.54,0.181,-0.661,0.343,-0.103,-0.314,10.244,330.07,32.28,4.4,0,0,38.809553,339.47,,1,1,1,1,,4377
56577.5,-0.459,0.146,-0.317,0.516,-0.097,-0.305,10.224,329.87,32.28,6.1,0,0,38.809553,340.97,,1,1,1,1,,4377.5
56578,-0.337,0.077,0.049,0.627,-0.059,-0.257,10.144,329.87,32.28,6.1,0,0,38.809553,340.97,,1,1,1,1,,4378
56578.5,-0.187,-0.019,0.397,0.663,-0.013,-0.141,10.018,329.87,30.43,12.2,0,0,36.585338,347.07,,1,1,1,1,,4378.5
56579,-0.019,-0.131,0.686,0.615,0.038,-0.052,9.87,329.87,30.43,12.2,0,0,36.585338,347.07,,1,1,1,1,,4379
56579.5,0.148,-0.242,0.885,0.5,0.08,0.074,9.726,329.87,31.35,12.4,0,0,37.691434,347.27,,1,1,1,1,,4379.5
56580,0.294,-0.339,0.975,0.328,0.117,0.173,9.596,329.87,31.35,12.4,0,0,37.691434,347.27,,1,1,1,1,,4380
56580.5,0.411,-0.411,0.952,0.137,0.132,0.23,9.527,329.97,31.35,12.1,0,0,37.691434,347.07,,1,1,1,1,,4380.5
56581,0.488,-0.452,0.828,-0.056,0.147,0.211,9.48,329.97,31.35,12.1,0,0,37.691434,347.07,,1,1,1,1,,4381
56581.5,0.521,-0.461,0.626,-0.222,0.135,0.164,9.495,330.07,30.43,10.3,0,0,36.585338,345.37,,1,1,1,1,,4381.5
56582,0.512,-0.442,0.375,-0.352,0.124,0.127,9.526,330.07,30.43,10.3,0,0,36.585338,345.37,,1,1,1,1,,4382
56582.5,0.461,-0.401,0.105,-0.43,0.099,0.092,9.6,330.17,32.28,5,0,0,38.809553,340.17,,1,1,1,1,,4382.5
56583,0.375,-0.344,-0.152,-0.459,0.08,0.086,9.664,330.17,32.28,5,0,0,38.809553,340.17,,1,1,1,1,,4383
56583.5,0.269,-0.278,-0.372,-0.436,0.043,0.096,9.763,330.17,32.28,10.1,0,0,38.809553,345.27,,1,1,1,1,,4383.5
56584,0.148,-0.216,-0.535,-0.372,0.027,0.105,9.835,330.17,32.28,10.1,0,0,38.809553,345.27,,1,1,1,1,,4384
56584.5,0.025,-0.162,-0.629,-0.278,0.006,0.113,9.915,330.17,31.35,8.7,0,0,37.691434,343.87,,1,1,1,1,,4384.5
56585,-0.084,-0.123,-0.651,-0.163,-0.002,0.103,9.956,330.17,31.35,8.7,0,0,37.691434,343.87,,1,1,1,1,,4385
56585.5,-0.172,-0.1,-0.607,-0.047,-0.011,0.073,9.995,330.17,34.12,6.7,0,0,41.021746,341.87,,1,1,1,1,,4385.5
56586,-0.23,-0.094,-0.506,0.064,-0.012,0.031,10.003,330.17,34.12,6.7,0,0,41.021746,341.87,,1,1,1,1,,4386
56586.5,-0.264,-0.104,-0.365,0.159,-0.013,0.014,10.005,330.17,35.04,7.5,0,0,42.127842,342.67,,1,1,1,1,,4386.5
56587,-0.27,-0.122,-0.199,0.232,-0.002,-0.046,9.984,330.17,35.04,7.5,0,0,42.127842,342.67,,1,1,1,1,,4387
56587.5,-0.264,-0.143,-0.027,0.278,0.008,-0.091,9.954,329.97,35.04,9.8,0,0,42.127842,344.77,,1,1,1,1,,4387.5
56588,-0.248,-0.169,0.137,0.298,0.02,-0.161,9.915,329.97,35.04,9.8,0,0,42.127842,344.77,,1,1,1,1,,4388
56588.5,-0.23,-0.191,0.278,0.289,0.029,-0.223,9.873,329.97,34.12,13,0,0,41.021746,347.97,,1,1,1,1,,4388.5
56589,-0.214,-0.21,0.387,0.264,0.027,-0.212,9.847,329.97,34.12,13,0,0,41.021746,347.97,,1,1,1,1,,4389
56589.5,-0.201,-0.226,0.458,0.222,0.035,-0.204,9.811,329.87,34.12,10.6,0,0,41.021746,345.47,,1,1,1,1,,4389.5
56590,-0.199,-0.24,0.491,0.171,0.038,-0.151,9.788,329.87,34.12,10.6,0,0,41.021746,345.47,,1,1,1,1,,4390
56590.5,-0.205,-0.253,0.487,0.108,0.05,-0.1,9.747,329.87,33.2,6.1,0,0,39.915649,340.97,,1,1,1,1,,4390.5
56591,-0.218,-0.266,0.443,0.035,0.06,-0.06,9.715,329.87,33.2,6.1,0,0,39.915649,340.97,,1,1,1,1,,4391
56591.5,-0.232,-0.28,0.363,-0.048,0.08,0.001,9.664,329.87,31.35,9.6,0,0,37.691434,344.47,,1,1,1,1,,4391.5
56592,-0.247,-0.294,0.25,-0.132,0.078,0.043,9.65,329.87,31.35,9.6,0,0,37.691434,344.47,,1,1,1,1,,4392
56592.5,-0.262,-0.306,0.111,-0.209,0.083,0.071,9.635,329.97,29.33,13.2,0,0,35.262831,348.17,,1,1,1,1,,4392.5
56593,-0.27,-0.31,-0.041,-0.267,0.073,0.069,9.66,329.97,29.33,13.2,0,0,35.262831,348.17,,1,1,1,1,,4393
56593.5,-0.271,-0.308,-0.191,-0.292,0.052,0.052,9.711,330.07,33.2,14.6,0,0,39.915649,349.67,,1,1,1,1,,4393.5
56594,-0.263,-0.299,-0.321,-0.287,0.041,0.018,9.762,330.07,33.2,14.6,0,0,39.915649,349.67,,1,1,1,1,,4394
56594.5,-0.246,-0.284,-0.418,-0.25,0.025,0.001,9.819,330.07,33.2,13.2,0,0,39.915649,348.27,,1,1,1,1,,4394.5
56595,-0.218,-0.265,-0.473,-0.193,0.015,-0.008,9.868,330.07,33.2,13.2,0,0,39.915649,348.27,,1,1,1,1,,4395
56595.5,-0.176,-0.237,-0.481,-0.114,0.004,-0.031,9.927,330.07,30.43,10.9,0,0,36.585338,345.97,,1,1,1,1,,4395.5
56596,-0.122,-0.208,-0.442,-0.028,0.014,-0.033,9.953,330.07,30.43,10.9,0,0,36.585338,345.97,,1,1,1,1,,4396
56596.5,-0.06,-0.181,-0.361,0.06,0.015,-0.013,9.977,329.97,30.43,9.7,0,0,36.585338,344.67,,1,1,1,1,,4396.5
56597,0.012,-0.156,-0.248,0.134,0.028,-0.013,9.965,329.97,30.43,9.7,0,0,36.585338,344.67,,1,1,1,1,,4397
56597.5,0.09,-0.138,-0.118,0.184,0.04,0.007,9.933,329.87,29.33,7.2,0,0,35.262831,342.07,,1,1,1,1,,4397.5
56598,0.17,-0.127,0.011,0.205,0.049,0.035,9.886,329.87,29.33,7.2,0,0,35.262831,342.07,,1,1,1,1,,4398
56598.5,0.244,-0.119,0.123,0.194,0.052,0.059,9.834,329.77,29.33,6.9,0,0,35.262831,341.67,,1,1,1,1,,4398.5
56599,0.307,-0.121,0.208,0.167,0.036,0.038,9.81,329.77,29.33,6.9,0,0,35.262831,341.67,,1,1,1,1,,4399
56599.5,0.347,-0.128,0.265,0.138,0.013,0.015,9.808,329.57,28.4,10.5,0,0,34.144712,345.07,,1,1,1,1,,4399.5
56600,0.369,-0.146,0.297,0.111,0.001,0,9.807,329.57,28.4,10.5,0,0,34.144712,345.07,,1,1,1,1,,4400
56600.5,0.373,-0.172,0.309,0.089,-0.009,0.003,9.815,329.57,29.33,10.1,0,0,35.262831,344.67,,1,1,1,1,,4400.5
56601,0.355,-0.205,0.306,0.074,-0.017,0.061,9.836,329.57,29.33,10.1,0,0,35.262831,344.67,,1,1,1,1,,4401
56601.5,0.315,-0.241,0.294,0.067,-0.008,0.105,9.84,329.57,29.33,7.9,0,0,35.262831,342.47,,1,1,1,1,,4401.5
56602,0.249,-0.281,0.276,0.059,0.004,0.134,9.835,329.57,29.33,7.9,0,0,35.262831,342.47,,1,1,1,1,,4402
56602.5,0.165,-0.319,0.252,0.044,0.019,0.132,9.815,329.67,29.33,9.8,0,0,35.262831,344.47,,1,1,1,1,,4402.5
56603,0.063,-0.353,0.218,0.016,0.043,0.098,9.78,329.67,29.33,9.8,0,0,35.262831,344.47,,1,1,1,1,,4403
56603.5,-0.045,-0.382,0.167,-0.029,0.079,0.036,9.729,329.67,28.4,14.1,0,0,34.144712,348.77,,1,1,1,1,,4403.5
56604,-0.158,-0.396,0.095,-0.099,0.117,-0.022,9.658,329.67,28.4,14.1,0,0,34.144712,348.77,,1,1,1,1,,4404
56604.5,-0.262,-0.391,-0.006,-0.188,0.143,-0.052,9.587,329.67,31.35,11.9,0,0,37.691434,346.57,,1,1,1,1,,4404.5
56605,-0.359,-0.363,-0.139,-0.292,0.158,-0.05,9.533,329.67,31.35,11.9,0,0,37.691434,346.57,,1,1,1,1,,4405
56605.5,-0.44,-0.305,-0.297,-0.383,0.144,-0.044,9.542,329.67,32.28,14.6,0,0,38.809553,349.27,,1,1,1,1,,4405.5
56606,-0.507,-0.225,-0.463,-0.438,0.122,-0.077,9.597,329.67,32.28,14.6,0,0,38.809553,349.27,,1,1,1,1,,4406
56606.5,-0.563,-0.131,-0.61,-0.43,0.069,-0.082,9.718,329.47,33.2,17,0,0,39.915649,351.47,,1,1,1,1,,4406.5
56607,-0.615,-0.033,-0.706,-0.354,0.007,-0.14,9.864,329.47,33.2,17,0,0,39.915649,351.47,,1,1,1,1,,4407
56607.5,-0.668,0.053,-0.726,-0.209,-0.056,-0.175,10.024,329.47,33.2,17.6,0,0,39.915649,352.07,,1,1,1,1,,4407.5
56608,-0.72,0.114,-0.652,-0.014,-0.096,-0.16,10.154,329.47,33.2,17.6,0,0,39.915649,352.07,,1,1,1,1,,4408
56608.5,-0.767,0.139,-0.481,0.21,-0.145,-0.17,10.275,329.37,33.2,15.2,0,0,39.915649,349.57,,1,1,1,1,,4408.5
56609,-0.804,0.118,-0.22,0.435,-0.156,-0.176,10.321,329.37,33.2,15.2,0,0,39.915649,349.57,,1,1,1,1,,4409
56609.5,-0.823,0.053,0.102,0.619,-0.144,-0.155,10.302,329.37,33.2,13.8,0,0,39.915649,348.17,,1,1,1,1,,4409.5
56610,-0.816,-0.051,0.451,0.744,-0.11,-0.152,10.218,329.37,33.2,13.8,0,0,39.915649,348.17,,1,1,1,1,,4410
56610.5,-0.782,-0.187,0.779,0.778,-0.061,-0.123,10.076,329.37,32.28,10.2,0,0,38.809553,344.57,,1,1,1,1,,4410.5
56611,-0.726,-0.336,1.044,0.725,-0.003,-0.063,9.913,329.37,32.28,10.2,0,0,38.809553,344.57,,1,1,1,1,,4411
56611.5,-0.652,-0.485,1.208,0.572,0.08,-0.043,9.693,329.37,31.35,14.4,0,0,37.691434,348.77,,1,1,1,1,,4411.5
56612,-0.565,-0.608,1.241,0.347,0.138,-0.051,9.514,329.37,31.35,14.4,0,0,37.691434,348.77,,1,1,1,1,,4412
56612.5,-0.473,-0.695,1.13,0.057,0.211,-0.067,9.319,329.27,28.4,12.3,0,0,34.144712,346.57,,1,1,1,1,,4412.5
56613,-0.387,-0.728,0.877,-0.253,0.24,-0.16,9.219,329.27,28.4,12.3,0,0,34.144712,346.57,,1,1,1,1,,4413
56613.5,-0.311,-0.704,0.505,-0.548,0.254,-0.197,9.161,329.17,30.43,13.3,0,0,36.585338,347.47,,1,1,1,1,,4413.5
56614,-0.255,-0.623,0.052,-0.789,0.226,-0.163,9.216,329.17,30.43,13.3,0,0,36.585338,347.47,,1,1,1,1,,4414
56614.5,-0.22,-0.488,-0.429,-0.944,0.192,-0.151,9.308,329.17,30.43,18.3,0,0,36.585338,352.47,,1,1,1,1,,4414.5
56615,-0.212,-0.318,-0.884,-0.996,0.126,-0.102,9.484,329.17,30.43,18.3,0,0,36.585338,352.47,,1,1,1,1,,4415
56615.5,-0.227,-0.131,-1.259,-0.936,0.057,-0.037,9.681,329.07,30.43,16,0,0,36.585338,350.07,,1,1,1,1,,4415.5
56616,-0.258,0.051,-1.51,-0.776,-0.016,-0.044,9.899,329.07,30.43,16,0,0,36.585338,350.07,,1,1,1,1,,4416
56616.5,-0.287,0.21,-1.607,-0.527,-0.089,-0.022,10.103,329.17,31.35,17.7,0,0,37.691434,351.87,,1,1,1,1,,4416.5
56617,-0.301,0.327,-1.537,-0.227,-0.14,0.041,10.266,329.17,31.35,17.7,0,0,37.691434,351.87,,1,1,1,1,,4417
56617.5,-0.292,0.386,-1.307,0.098,-0.168,0.11,10.369,329.17,29.33,16.2,0,0,35.262831,350.37,,1,1,1,1,,4417.5
56618,-0.262,0.383,-0.943,0.404,-0.204,0.182,10.433,329.17,29.33,16.2,0,0,35.262831,350.37,,1,1,1,1,,4418
56618.5,-0.217,0.326,-0.483,0.669,-0.188,0.176,10.415,329.07,29.33,16.7,0,0,35.262831,350.77,,1,1,1,1,,4418.5
56619,-0.165,0.217,0.026,0.868,-0.167,0.141,10.365,329.07,29.33,16.7,0,0,35.262831,350.77,,1,1,1,1,,4419
56619.5,-0.123,0.065,0.538,0.988,-0.137,0.101,10.265,328.97,30.43,12.3,0,0,36.585338,346.27,,1,1,1,1,,4419.5
56620,-0.1,-0.111,1.003,1.017,-0.075,0.032,10.133,328.97,30.43,12.3,0,0,36.585338,346.27,,1,1,1,1,,4420
56620.5,-0.113,-0.298,1.38,0.951,0.014,-0.065,9.939,328.77,29.33,10.7,0,0,35.262831,344.47,,1,1,1,1,,4420.5
56621,-0.171,-0.476,1.627,0.784,0.092,-0.122,9.742,328.77,29.33,10.7,0,0,35.262831,344.47,,1,1,1,1,,4421
56621.5,-0.278,-0.629,1.72,0.546,0.156,-0.151,9.553,328.77,29.33,7.3,0,0,35.262831,341.07,,1,1,1,1,,4421.5
56622,-0.426,-0.737,1.647,0.245,0.216,-0.167,9.381,328.77,29.33,7.3,0,0,35.262831,341.07,,1,1,1,1,,4422
56622.5,-0.596,-0.794,1.417,-0.068,0.235,-0.162,9.288,328.77,28.4,5.6,0,0,34.144712,339.37,,1,1,1,1,,4422.5
56623,-0.764,-0.79,1.053,-0.375,0.25,-0.146,9.217,328.77,28.4,5.6,0,0,34.144712,339.37,,1,1,1,1,,4423
56623.5,-0.908,-0.727,0.592,-0.635,0.225,-0.135,9.245,328.77,29.33,3.3,0,0,35.262831,337.07,,1,1,1,1,,4423.5
56624,-1.009,-0.616,0.081,-0.835,0.202,-0.198,9.276,328.77,29.33,3.3,0,0,35.262831,337.07,,1,1,1,1,,4424
56624.5,-1.052,-0.465,-0.434,-0.954,0.143,-0.27,9.396,328.77,28.4,9.4,0,0,34.144712,343.17,,1,1,1,1,,4424.5
56625,-1.031,-0.296,-0.901,-0.978,0.079,-0.276,9.535,328.77,28.4,9.4,0,0,34.144712,343.17,,1,1,1,1,,4425
56625.5,-0.953,-0.116,-1.279,-0.909,0.008,-0.251,9.719,328.67,28.4,1.6,0,0,34.144712,335.27,,1,1,1,1,,4425.5
56626,-0.834,0.047,-1.529,-0.748,-0.049,-0.231,9.892,328.67,28.4,1.6,0,0,34.144712,335.27,,1,1,1,1,,4426
56626.5,-0.685,0.179,-1.633,-0.528,-0.107,-0.185,10.052,328.57,28.4,5.5,0,0,34.144712,339.07,,1,1,1,1,,4426.5
56627,-0.529,0.272,-1.581,-0.257,-0.147,-0.129,10.195,328.57,28.4,5.5,0,0,34.144712,339.07,,1,1,1,1,,4427
56627.5,-0.385,0.318,-1.386,0.019,-0.153,-0.066,10.265,328.47,28.4,5.1,0,0,34.144712,338.57,,1,1,1,1,,4427.5
56628,-0.261,0.314,-1.07,0.291,-0.165,-0.004,10.331,328.47,28.4,5.1,0,0,34.144712,338.57,,1,1,1,1,,4428
56628.5,-0.173,0.265,-0.665,0.522,-0.129,0.041,10.312,328.47,28.4,6.4,0,0,34.144712,339.87,,1,1,1,1,,4428.5
56629,-0.12,0.177,-0.211,0.702,-0.102,0.073,10.283,328.47,28.4,6.4,0,0,34.144712,339.87,,1,1,1,1,,4429
56629.5,-0.105,0.06,0.247,0.807,-0.046,0.077,10.168,328.47,27.48,4.2,0,0,33.038616,337.67,,1,1,1,1,,4429.5
56630,-0.117,-0.072,0.666,0.831,-0.006,0.04,10.063,328.47,27.48,4.2,0,0,33.038616,337.67,,1,1,1,1,,4430
56630.5,-0.145,-0.204,1.01,0.777,0.052,0.014,9.903,328.57,27.48,5.5,0,0,33.038616,339.07,,1,1,1,1,,4430.5
56631,-0.172,-0.322,1.247,0.654,0.086,0.01,9.782,328.57,27.48,5.5,0,0,33.038616,339.07,,1,1,1,1,,4431
56631.5,-0.185,-0.42,1.364,0.486,0.115,0.024,9.664,328.47,29.33,1.3,0,0,35.262831,334.77,,1,1,1,1,,4431.5
56632,-0.179,-0.487,1.357,0.283,0.133,0.042,9.57,328.47,29.33,1.3,0,0,35.262831,334.77,,1,1,1,1,,4432
56632.5,-0.142,-0.526,1.235,0.074,0.136,0.034,9.509,328.37,28.4,3.1,0,0,34.144712,336.47,,1,1,1,1,,4432.5
56633,-0.072,-0.534,1.015,-0.131,0.131,-0.01,9.472,328.37,28.4,3.1,0,0,34.144712,336.47,,1,1,1,1,,4433
56633.5,0.031,-0.518,0.723,-0.302,0.106,-0.057,9.485,328.27,28.4,3.4,0,0,34.144712,336.67,,1,1,1,1,,4433.5
56634,0.162,-0.483,0.388,-0.45,0.108,-0.089,9.474,328.27,28.4,3.4,0,0,34.144712,336.67,,1,1,1,1,,4434
56634.5,0.306,-0.433,0.036,-0.557,0.09,-0.075,9.515,328.07,27.48,5.8,0,0,33.038616,338.87,,1,1,1,1,,4434.5
56635,0.453,-0.373,-0.308,-0.627,0.088,-0.055,9.544,328.07,27.48,5.8,0,0,33.038616,338.87,,1,1,1,1,,4435
56635.5,0.583,-0.303,-0.622,-0.65,0.069,-0.029,9.626,327.97,26.56,9.7,0,0,31.932519,342.67,,1,1,1,1,,4435.5
56636,0.684,-0.223,-0.879,-0.617,0.047,0.004,9.716,327.97,26.56,9.7,0,0,31.932519,342.67,,1,1,1,1,,4436
56636.5,0.745,-0.141,-1.058,-0.531,0.009,0.054,9.837,327.97,27.48,5.9,0,0,33.038616,338.87,,1,1,1,1,,4436.5
56637,0.753,-0.062,-1.144,-0.392,-0.023,0.119,9.949,327.97,27.48,5.9,0,0,33.038616,338.87,,1,1,1,1,,4437
56637.5,0.703,0.007,-1.127,-0.221,-0.052,0.168,10.045,327.97,26.56,14.1,0,0,31.932519,347.07,,1,1,1,1,,4437.5
56638,0.596,0.06,-1.011,-0.028,-0.073,0.207,10.12,327.97,26.56,14.1,0,0,31.932519,347.07,,1,1,1,1,,4438
56638.5,0.438,0.094,-0.808,0.157,-0.078,0.232,10.151,328.07,25.64,5.7,0,0,30.826423,338.77,,1,1,1,1,,4438.5
56639,0.241,0.108,-0.539,0.325,-0.081,0.227,10.169,328.07,25.64,5.7,0,0,30.826423,338.77,,1,1,1,1,,4439
56639.5,0.018,0.094,-0.231,0.456,-0.07,0.199,10.133,328.27,26.56,6.8,0,0,31.932519,340.07,,1,1,1,1,,4439.5
56640,-0.213,0.06,0.088,0.542,-0.057,0.151,10.089,328.27,26.56,6.8,0,0,31.932519,340.07,,1,1,1,1,,4440
56640.5,-0.423,0.005,0.387,0.571,-0.022,0.065,9.993,328.27,25.64,8.3,0,0,30.826423,341.57,,1,1,1,1,,4440.5
56641,-0.6,-0.063,0.637,0.543,0.002,-0.041,9.905,328.27,25.64,8.3,0,0,30.826423,341.57,,1,1,1,1,,4441
56641.5,-0.728,-0.14,0.817,0.46,0.053,-0.148,9.768,328.27,26.56,6.7,0,0,31.932519,339.97,,1,1,1,1,,4441.5
56642,-0.799,-0.215,0.906,0.319,0.094,-0.256,9.648,328.27,26.56,6.7,0,0,31.932519,339.97,,1,1,1,1,,4442
56642.5,-0.817,-0.28,0.896,0.147,0.124,-0.333,9.549,328.17,26.56,6.2,0,0,31.932519,339.37,,1,1,1,1,,4442.5
56643,-0.788,-0.323,0.788,-0.042,0.137,-0.338,9.484,328.17,26.56,6.2,0,0,31.932519,339.37,,1,1,1,1,,4443
56643.5,-0.728,-0.343,0.601,-0.213,0.129,-0.328,9.474,327.97,26.56,4.5,0,0,31.932519,337.47,,1,1,1,1,,4443.5
56644,-0.644,-0.335,0.358,-0.355,0.108,-0.236,9.497,327.97,26.56,4.5,0,0,31.932519,337.47,,1,1,1,1,,4444
56644.5,-0.55,-0.299,0.09,-0.442,0.081,-0.158,9.573,327.87,25.64,0.4,0,0,30.826423,333.27,,1,1,1,1,,4444.5
56645,-0.459,-0.243,-0.168,-0.472,0.053,-0.075,9.66,327.87,25.64,0.4,0,0,30.826423,333.27,,1,1,1,1,,4445
56645.5,-0.387,-0.176,-0.385,-0.433,0.002,-0.02,9.807,327.97,27.48,0.2,0,0,33.038616,333.17,,1,1,1,1,,4445.5
56646,-0.34,-0.11,-0.531,-0.33,-0.037,-0.016,9.939,327.97,27.48,0.2,0,0,33.038616,333.17,,1,1,1,1,,4446
56646.5,-0.322,-0.057,-0.587,-0.171,-0.074,-0.026,10.077,327.87,27.48,4.7,0,0,33.038616,337.57,,1,1,1,1,,4446.5
56647,-0.335,-0.027,-0.543,0.02,-0.101,-0.064,10.17,327.87,27.48,4.7,0,0,33.038616,337.57,,1,1,1,1,,4447
56647.5,-0.37,-0.029,-0.408,0.211,-0.104,-0.103,10.214,327.97,26.56,2.8,0,0,31.932519,335.77,,1,1,1,1,,4447.5
56648,-0.421,-0.063,-0.204,0.369,-0.08,-0.119,10.179,327.97,26.56,2.8,0,0,31.932519,335.77,,1,1,1,1,,4448
56648.5,-0.471,-0.126,0.033,0.465,-0.04,-0.135,10.092,328.07,25.64,1.7,0,0,30.826423,334.77,,1,1,1,1,,4448.5
56649,-0.502,-0.205,0.263,0.487,0.008,-0.148,9.963,328.07,25.64,1.7,0,0,30.826423,334.77,,1,1,1,1,,4449
56649.5,-0.502,-0.29,0.448,0.428,0.061,-0.159,9.802,328.17,25.64,1.7,0,0,30.826423,334.87,,1,1,1,1,,4449.5
56650,-0.469,-0.368,0.554,0.296,0.106,-0.11,9.642,328.17,25.64,1.7,0,0,30.826423,334.87,,1,1,1,1,,4450
56650.5,-0.392,-0.42,0.561,0.108,0.145,-0.072,9.501,328.27,27.48,359.3,0,0,33.038616,332.57,,1,1,1,1,,4450.5
56651,-0.28,-0.435,0.463,-0.112,0.176,-0.038,9.387,328.27,27.48,359.3,0,0,33.038616,332.57,,1,1,1,1,,4451
56651.5,-0.138,-0.407,0.268,-0.331,0.177,0.007,9.342,328.27,28.4,5.7,0,0,34.144712,338.97,,1,1,1,1,,4451.5
56652,0.026,-0.336,0.002,-0.518,0.16,0.062,9.358,328.27,28.4,5.7,0,0,34.144712,338.97,,1,1,1,1,,4452
56652.5,0.189,-0.227,-0.299,-0.645,0.133,0.064,9.43,328.27,29.33,2.8,0,0,35.262831,336.07,,1,1,1,1,,4452.5
56653,0.336,-0.092,-0.594,-0.693,0.08,0.09,9.561,328.27,29.33,2.8,0,0,35.262831,336.07,,1,1,1,1,,4453
56653.5,0.454,0.055,-0.839,-0.651,0.023,0.111,9.726,328.17,29.33,3.6,0,0,35.262831,336.77,,1,1,1,1,,4453.5
56654,0.532,0.196,-0.996,-0.52,-0.044,0.123,9.92,328.17,29.33,3.6,0,0,35.262831,336.77,,1,1,1,1,,4454
56654.5,0.565,0.313,-1.035,-0.308,-0.111,0.18,10.11,328.17,28.4,3.5,0,0,34.144712,336.67,,1,1,1,1,,4454.5
56655,0.547,0.385,-0.94,-0.042,-0.165,0.178,10.273,328.17,28.4,3.5,0,0,34.144712,336.67,,1,1,1,1,,4455
56655.5,0.484,0.404,-0.714,0.248,-0.191,0.145,10.382,328.17,29.33,2.5,0,0,35.262831,335.67,,1,1,1,1,,4455.5
56656,0.391,0.363,-0.377,0.526,-0.202,0.129,10.43,328.17,29.33,2.5,0,0,35.262831,335.67,,1,1,1,1,,4456
56656.5,0.287,0.266,0.037,0.754,-0.181,0.071,10.398,328.17,28.4,2.4,0,0,34.144712,335.57,,1,1,1,1,,4456.5
56657,0.18,0.12,0.481,0.906,-0.135,0.051,10.308,328.17,28.4,2.4,0,0,34.144712,335.57,,1,1,1,1,,4457
56657.5,0.078,-0.065,0.903,0.962,-0.07,0.053,10.153,328.17,29.33,5.6,0,0,35.262831,338.77,,1,1,1,1,,4457.5
56658,-0.015,-0.267,1.251,0.906,0.012,0.029,9.951,328.17,29.33,5.6,0,0,35.262831,338.77,,1,1,1,1,,4458
56658.5,-0.097,-0.468,1.478,0.739,0.107,-0.036,9.71,328.27,30.43,1.9,0,0,36.585338,335.17,,1,1,1,1,,4458.5
56659,-0.165,-0.638,1.548,0.469,0.196,-0.092,9.462,328.27,30.43,1.9,0,0,36.585338,335.17,,1,1,1,1,,4459
56659.5,-0.229,-0.76,1.443,0.133,0.25,-0.165,9.268,328.27,30.43,1.8,0,0,36.585338,335.07,,1,1,1,1,,4459.5
56660,-0.288,-0.816,1.166,-0.232,0.281,-0.214,9.132,328.27,30.43,1.8,0,0,36.585338,335.07,,1,1,1,1,,4460
56660.5,-0.341,-0.801,0.745,-0.573,0.277,-0.189,9.097,328.37,29.33,3.5,0,0,35.262831,336.87,,1,1,1,1,,4460.5
56661,-0.391,-0.717,0.229,-0.848,0.239,-0.138,9.149,328.37,29.33,3.5,0,0,35.262831,336.87,,1,1,1,1,,4461
56661.5,-0.436,-0.57,-0.322,-1.019,0.177,-0.076,9.294,328.37,30.43,4.8,0,0,36.585338,338.17,,1,1,1,1,,4461.5
56662,-0.484,-0.38,-0.841,-1.074,0.109,-0.044,9.474,328.37,30.43,4.8,0,0,36.585338,338.17,,1,1,1,1,,4462
56662.5,-0.54,-0.168,-1.27,-1.003,0.027,-0.008,9.714,328.57,29.33,7,0,0,35.262831,340.57,,1,1,1,1,,4462.5
56663,-0.602,0.042,-1.559,-0.82,-0.043,-0.019,9.933,328.57,29.33,7,0,0,35.262831,340.57,,1,1,1,1,,4463
56663.5,-0.668,0.227,-1.678,-0.555,-0.105,-0.046,10.139,328.67,31.35,4.6,0,0,37.691434,338.27,,1,1,1,1,,4463.5
56664,-0.727,0.375,-1.619,-0.24,-0.153,-0.078,10.285,328.67,31.35,4.6,0,0,37.691434,338.27,,1,1,1,1,,4464
56664.5,-0.772,0.464,-1.394,0.09,-0.193,-0.089,10.394,328.67,31.35,3.2,0,0,37.691434,336.87,,1,1,1,1,,4464.5
56665,-0.791,0.493,-1.028,0.407,-0.212,-0.083,10.445,328.67,31.35,3.2,0,0,37.691434,336.87,,1,1,1,1,,4465
56665.5,-0.774,0.46,-0.562,0.677,-0.211,-0.09,10.434,328.67,31.35,3.1,0,0,37.691434,336.77,,1,1,1,1,,4465.5
56666,-0.712,0.368,-0.045,0.871,-0.178,-0.138,10.338,328.67,31.35,3.1,0,0,37.691434,336.77,,1,1,1,1,,4466
56666.5,-0.608,0.231,0.464,0.958,-0.122,-0.189,10.19,328.47,31.35,3.8,0,0,37.691434,337.27,,1,1,1,1,,4466.5
56667,-0.461,0.062,0.913,0.949,-0.055,-0.21,10.022,328.47,31.35,3.8,0,0,37.691434,337.27,,1,1,1,1,,4467
56667.5,-0.282,-0.119,1.255,0.838,0.023,-0.205,9.828,328.47,31.35,3.9,0,0,37.691434,337.37,,1,1,1,1,,4467.5
56668,-0.085,-0.293,1.46,0.65,0.082,-0.155,9.664,328.47,31.35,3.9,0,0,37.691434,337.37,,1,1,1,1,,4468
56668.5,0.115,-0.447,1.51,0.394,0.16,-0.098,9.479,328.37,31.35,3.8,0,0,37.691434,337.17,,1,1,1,1,,4468.5
56669,0.294,-0.565,1.403,0.11,0.193,-0.021,9.378,328.37,31.35,3.8,0,0,37.691434,337.17,,1,1,1,1,,4469
56669.5,0.444,-0.638,1.156,-0.182,0.232,0.023,9.281,328.37,30.43,2.3,0,0,36.585338,335.67,,1,1,1,1,,4469.5
56670,0.558,-0.657,0.795,-0.452,0.239,0.092,9.263,328.37,30.43,2.3,0,0,36.585338,335.67,,1,1,1,1,,4470
56670.5,0.626,-0.627,0.36,-0.673,0.233,0.165,9.277,328.57,30.43,3,0,0,36.585338,336.57,,1,1,1,1,,4470.5
56671,0.654,-0.554,-0.108,-0.827,0.193,0.24,9.359,328.57,30.43,3,0,0,36.585338,336.57,,1,1,1,1,,4471
56671.5,0.648,-0.44,-0.559,-0.896,0.156,0.283,9.47,328.67,28.4,5.5,0,0,34.144712,339.17,,1,1,1,1,,4471.5
56672,0.613,-0.299,-0.949,-0.877,0.091,0.291,9.635,328.67,28.4,5.5,0,0,34.144712,339.17,,1,1,1,1,,4472
56672.5,0.557,-0.143,-1.238,-0.761,0.022,0.275,9.82,328.77,29.33,6.7,0,0,35.262831,340.47,,1,1,1,1,,4472.5
56673,0.481,0.012,-1.396,-0.574,-0.042,0.22,9.994,328.77,29.33,6.7,0,0,35.262831,340.47,,1,1,1,1,,4473
56673.5,0.386,0.153,-1.407,-0.318,-0.119,0.152,10.177,328.87,30.43,9.6,0,0,36.585338,343.47,,1,1,1,1,,4473.5
56674,0.283,0.268,-1.267,-0.028,-0.164,0.068,10.296,328.87,30.43,9.6,0,0,36.585338,343.47,,1,1,1,1,,4474
56674.5,0.176,0.344,-0.989,0.277,-0.209,0.014,10.407,328.77,29.33,9.1,0,0,35.262831,342.87,,1,1,1,1,,4474.5
56675,0.071,0.371,-0.598,0.557,-0.215,-0.054,10.42,328.77,29.33,9.1,0,0,35.262831,342.87,,1,1,1,1,,4475
56675.5,-0.022,0.344,-0.135,0.79,-0.213,-0.111,10.421,328.77,30.43,7.7,0,0,36.585338,341.47,,1,1,1,1,,4475.5
56676,-0.093,0.266,0.357,0.947,-0.16,-0.144,10.306,328.77,30.43,7.7,0,0,36.585338,341.47,,1,1,1,1,,4476
56676.5,-0.143,0.141,0.823,1.009,-0.114,-0.167,10.194,328.67,27.48,9.5,0,0,33.038616,343.17,,1,1,1,1,,4476.5
56677,-0.163,-0.021,1.216,0.966,-0.018,-0.161,9.971,328.67,27.48,9.5,0,0,33.038616,343.17,,1,1,1,1,,4477
56677.5,-0.163,-0.203,1.487,0.805,0.064,-0.127,9.75,328.67,27.48,10.2,0,0,33.038616,343.87,,1,1,1,1,,4477.5
56678,-0.148,-0.384,1.601,0.554,0.141,-0.081,9.519,328.67,27.48,10.2,0,0,33.038616,343.87,,1,1,1,1,,4478
56678.5,-0.131,-0.543,1.536,0.218,0.215,-0.024,9.299,328.77,27.48,10.5,0,0,33.038616,344.27,,1,1,1,1,,4478.5
56679,-0.125,-0.663,1.294,-0.144,0.259,0.003,9.156,328.77,27.48,10.5,0,0,33.038616,344.27,,1,1,1,1,,4479
56679.5,-0.145,-0.728,0.895,-0.514,0.284,0.024,9.058,328.97,27.48,14.7,0,0,33.038616,348.67,,1,1,1,1,,4479.5
56680,-0.188,-0.732,0.38,-0.824,0.258,0.028,9.099,328.97,27.48,14.7,0,0,33.038616,348.67,,1,1,1,1,,4480
56680.5,-0.254,-0.668,-0.194,-1.056,0.242,0.048,9.158,329.07,26.56,11.9,0,0,31.932519,345.97,,1,1,1,1,,4480.5
56681,-0.338,-0.545,-0.764,-1.164,0.164,0.081,9.366,329.07,26.56,11.9,0,0,31.932519,345.97,,1,1,1,1,,4481
56681.5,-0.432,-0.375,-1.261,-1.149,0.111,0.085,9.549,329.27,27.48,10.7,0,0,33.038616,344.97,,1,1,1,1,,4481.5
56682,-0.53,-0.174,-1.633,-1.007,0.021,0.082,9.826,329.27,27.48,10.7,0,0,33.038616,344.97,,1,1,1,1,,4482
56682.5,-0.616,0.035,-1.833,-0.753,-0.047,0.047,10.047,329.27,28.4,15.9,0,0,34.144712,350.17,,1,1,1,1,,4482.5
56683,-0.68,0.234,-1.842,-0.423,-0.133,-0.047,10.287,329.27,28.4,15.9,0,0,34.144712,350.17,,1,1,1,1,,4483
56683.5,-0.714,0.396,-1.653,-0.041,-0.176,-0.156,10.434,329.27,30.43,18.7,0,0,36.585338,352.97,,1,1,1,1,,4483.5
56684,-0.7,0.509,-1.289,0.337,-0.206,-0.255,10.521,329.27,30.43,18.7,0,0,36.585338,352.97,,1,1,1,1,,4484
56684.5,-0.641,0.559,-0.788,0.682,-0.231,-0.333,10.546,329.17,27.48,12.4,0,0,33.038616,346.57,,1,1,1,1,,4484.5
56685,-0.533,0.544,-0.206,0.941,-0.204,-0.359,10.466,329.17,27.48,12.4,0,0,33.038616,346.57,,1,1,1,1,,4485
56685.5,-0.386,0.465,0.397,1.11,-0.175,-0.335,10.363,329.07,30.43,13.8,0,0,36.585338,347.87,,1,1,1,1,,4485.5
56686,-0.212,0.332,0.959,1.16,-0.113,-0.274,10.179,329.07,30.43,13.8,0,0,36.585338,347.87,,1,1,1,1,,4486
56686.5,-0.029,0.156,1.425,1.107,-0.062,-0.205,10.013,329.07,32.28,13.2,0,0,38.809553,347.27,,1,1,1,1,,4486.5
56687,0.149,-0.045,1.755,0.95,0.017,-0.124,9.79,329.07,32.28,13.2,0,0,38.809553,347.27,,1,1,1,1,,4487
56687.5,0.311,-0.258,1.918,0.712,0.076,-0.022,9.619,329.27,31.35,14.6,0,0,37.691434,348.87,,1,1,1,1,,4487.5
56688,0.452,-0.464,1.905,0.413,0.145,0.088,9.427,329.27,31.35,14.6,0,0,37.691434,348.87,,1,1,1,1,,4488
56688.5,0.569,-0.643,1.716,0.074,0.201,0.233,9.284,329.37,32.28,10.5,0,0,38.809553,344.87,,1,1,1,1,,4488.5
56689,0.652,-0.781,1.367,-0.276,0.252,0.331,9.162,329.37,32.28,10.5,0,0,38.809553,344.87,,1,1,1,1,,4489
56689.5,0.704,-0.857,0.888,-0.606,0.277,0.397,9.119,329.47,31.35,9.9,0,0,37.691434,344.37,,1,1,1,1,,4489.5
56690,0.722,-0.863,0.323,-0.877,0.277,0.409,9.139,329.47,31.35,9.9,0,0,37.691434,344.37,,1,1,1,1,,4490
56690.5,0.707,-0.796,-0.276,-1.072,0.25,0.378,9.234,329.67,30.43,8.6,0,0,36.585338,343.27,,1,1,1,1,,4490.5
56691,0.66,-0.662,-0.85,-1.155,0.204,0.316,9.39,329.67,30.43,8.6,0,0,36.585338,343.27,,1,1,1,1,,4491
56691.5,0.586,-0.475,-1.344,-1.132,0.134,0.23,9.573,329.67,30.43,7.6,0,0,36.585338,342.27,,1,1,1,1,,4491.5
56692,0.487,-0.252,-1.71,-0.995,0.044,0.163,9.801,329.67,30.43,7.6,0,0,36.585338,342.27,,1,1,1,1,,4492
56692.5,0.375,-0.017,-1.912,-0.766,-0.026,0.087,10.002,329.67,29.33,5.8,0,0,35.262831,340.47,,1,1,1,1,,4492.5
56693,0.257,0.212,-1.932,-0.458,-0.117,-0.002,10.221,329.67,29.33,5.8,0,0,35.262831,340.47,,1,1,1,1,,4493
56693.5,0.144,0.409,-1.765,-0.108,-0.173,-0.057,10.364,329.57,30.43,5.3,0,0,36.585338,339.87,,1,1,1,1,,4493.5
56694,0.049,0.555,-1.43,0.253,-0.222,-0.104,10.485,329.57,30.43,5.3,0,0,36.585338,339.87,,1,1,1,1,,4494
56694.5,-0.028,0.633,-0.957,0.589,-0.232,-0.131,10.506,329.57,30.43,8.5,0,0,36.585338,343.07,,1,1,1,1,,4494.5
56695,-0.089,0.64,-0.397,0.858,-0.219,-0.132,10.465,329.57,30.43,8.5,0,0,36.585338,343.07,,1,1,1,1,,4495
56695.5,-0.132,0.573,0.196,1.04,-0.189,-0.104,10.362,329.57,29.33,7.6,0,0,35.262831,342.17,,1,1,1,1,,4495.5
56696,-0.166,0.436,0.76,1.112,-0.131,-0.062,10.203,329.57,29.33,7.6,0,0,35.262831,342.17,,1,1,1,1,,4496
56696.5,-0.197,0.246,1.243,1.085,-0.076,-0.018,10.038,329.57,30.43,7.1,0,0,36.585338,341.67,,1,1,1,1,,4496.5
56697,-0.224,0.021,1.601,0.951,0.004,-0.001,9.832,329.57,30.43,7.1,0,0,36.585338,341.67,,1,1,1,1,,4497
56697.5,-0.251,-0.221,1.803,0.737,0.075,-0.039,9.653,329.57,28.4,2.7,0,0,34.144712,337.27,,1,1,1,1,,4497.5
56698,-0.275,-0.455,1.832,0.45,0.16,-0.069,9.446,329.57,28.4,2.7,0,0,34.144712,337.27,,1,1,1,1,,4498
56698.5,-0.302,-0.656,1.686,0.123,0.206,-0.108,9.316,329.77,29.33,358.4,0,0,35.262831,333.17,,1,1,1,1,,4498.5
56699,-0.325,-0.807,1.378,-0.222,0.269,-0.121,9.18,329.77,29.33,358.4,0,0,35.262831,333.17,,1,1,1,1,,4499
56699.5,-0.347,-0.891,0.935,-0.55,0.29,-0.104,9.143,329.87,30.43,356.1,0,0,36.585338,330.97,,1,1,1,1,,4499.5
56700,-0.369,-0.898,0.403,-0.818,0.279,-0.101,9.171,329.87,30.43,356.1,0,0,36.585338,330.97,,1,1,1,1,,4500
56700.5,-0.386,-0.826,-0.167,-1.002,0.246,-0.083,9.276,329.97,31.35,1.7,0,0,37.691434,336.67,,1,1,1,1,,4500.5
56701,-0.398,-0.684,-0.712,-1.075,0.182,-0.073,9.438,329.97,31.35,1.7,0,0,37.691434,336.67,,1,1,1,1,,4501
56701.5,-0.398,-0.49,-1.177,-1.037,0.103,-0.039,9.644,329.97,33.2,2.1,0,0,39.915649,337.07,,1,1,1,1,,4501.5
56702,-0.387,-0.265,-1.513,-0.882,0.017,0.026,9.872,329.97,33.2,2.1,0,0,39.915649,337.07,,1,1,1,1,,4502
56702.5,-0.37,-0.034,-1.686,-0.645,-0.053,0.086,10.061,330.07,32.28,7.5,0,0,38.809553,342.57,,1,1,1,1,,4502.5
56703,-0.349,0.183,-1.683,-0.342,-0.13,0.125,10.246,330.07,32.28,7.5,0,0,38.809553,342.57,,1,1,1,1,,4503
56703.5,-0.32,0.358,-1.51,-0.026,-0.155,0.118,10.326,330.07,30.43,0.2,0,0,36.585338,335.27,,1,1,1,1,,4503.5
56704,-0.29,0.485,-1.194,0.282,-0.181,0.112,10.388,330.07,30.43,0.2,0,0,36.585338,335.27,,1,1,1,1,,4504
56704.5,-0.251,0.544,-0.772,0.535,-0.167,0.071,10.339,330.07,30.43,2.1,0,0,36.585338,337.17,,1,1,1,1,,4504.5
56705,-0.2,0.539,-0.298,0.721,-0.155,0.026,10.289,330.07,30.43,2.1,0,0,36.585338,337.17,,1,1,1,1,,4505
56705.5,-0.137,0.473,0.181,0.823,-0.107,-0.036,10.151,329.97,29.33,2.8,0,0,35.262831,337.77,,1,1,1,1,,4505.5
56706,-0.057,0.356,0.615,0.839,-0.08,-0.114,10.048,329.97,29.33,2.8,0,0,35.262831,337.77,,1,1,1,1,,4506
56706.5,0.04,0.197,0.971,0.79,-0.031,-0.178,9.918,329.67,30.43,3,0,0,36.585338,337.67,,1,1,1,1,,4506.5
56707,0.153,0.017,1.223,0.677,0.013,-0.21,9.81,329.67,30.43,3,0,0,36.585338,337.67,,1,1,1,1,,4507
56707.5,0.282,-0.175,1.361,0.529,0.055,-0.19,9.711,329.57,32.28,4.9,0,0,38.809553,339.47,,1,1,1,1,,4507.5
56708,0.414,-0.367,1.379,0.339,0.096,-0.17,9.609,329.57,32.28,4.9,0,0,38.809553,339.47,,1,1,1,1,,4508
56708.5,0.542,-0.538,1.284,0.14,0.125,-0.089,9.542,329.57,32.28,4.6,0,0,38.809553,339.17,,1,1,1,1,,4508.5
56709,0.651,-0.681,1.087,-0.077,0.17,-0.003,9.447,329.57,32.28,4.6,0,0,38.809553,339.17,,1,1,1,1,,4509
56709.5,0.733,-0.781,0.802,-0.283,0.187,0.102,9.416,329.57,32.28,0.8,0,0,38.809553,335.37,,1,1,1,1,,4509.5
56710,0.782,-0.822,0.453,-0.481,0.224,0.217,9.351,329.57,32.28,0.8,0,0,38.809553,335.37,,1,1,1,1,,4510
56710.5,0.792,-0.802,0.06,-0.645,0.22,0.331,9.378,329.77,32.28,2.5,0,0,38.809553,337.27,,1,1,1,1,,4510.5
56711,0.762,-0.723,-0.343,-0.76,0.211,0.424,9.414,329.77,32.28,2.5,0,0,38.809553,337.27,,1,1,1,1,,4511
56711.5,0.693,-0.586,-0.723,-0.803,0.158,0.453,9.553,329.97,33.2,358.6,0,0,39.915649,333.57,,1,1,1,1,,4511.5
56712,0.589,-0.408,-1.035,-0.756,0.098,0.433,9.705,329.97,33.2,358.6,0,0,39.915649,333.57,,1,1,1,1,,4512
56712.5,0.458,-0.203,-1.247,-0.628,0.019,0.343,9.892,330.07,34.12,355.2,0,0,41.021746,330.27,,1,1,1,1,,4512.5
56713,0.312,0,-1.331,-0.422,-0.049,0.21,10.058,330.07,34.12,355.2,0,0,41.021746,330.27,,1,1,1,1,,4513
56713.5,0.159,0.185,-1.277,-0.173,-0.109,0.084,10.204,329.97,32.28,359.5,0,0,38.809553,334.47,,1,1,1,1,,4513.5
56714,0.012,0.327,-1.089,0.099,-0.15,-0.035,10.296,329.97,32.28,359.5,0,0,38.809553,334.47,,1,1,1,1,,4514
56714.5,-0.115,0.417,-0.79,0.348,-0.158,-0.112,10.318,329.87,32.28,1,0,0,38.809553,335.87,,1,1,1,1,,4514.5
56715,-0.223,0.441,-0.413,0.557,-0.153,-0.164,10.294,329.87,32.28,1,0,0,38.809553,335.87,,1,1,1,1,,4515
56715.5,-0.299,0.4,-0.004,0.69,-0.121,-0.204,10.185,329.67,30.43,1.5,0,0,36.585338,336.17,,1,1,1,1,,4515.5
56716,-0.344,0.298,0.388,0.736,-0.075,-0.193,10.05,329.67,30.43,1.5,0,0,36.585338,336.17,,1,1,1,1,,4516
56716.5,-0.355,0.154,0.716,0.679,0.003,-0.145,9.842,329.57,32.28,0,0,0,38.809553,334.57,,1,1,1,1,,4516.5
56717,-0.337,-0.013,0.937,0.529,0.062,-0.089,9.668,329.57,32.28,0,0,0,38.809553,334.57,,1,1,1,1,,4517
56717.5,-0.286,-0.181,1.027,0.316,0.129,-0.06,9.493,329.47,34.12,1.5,0,0,41.021746,335.97,,1,1,1,1,,4517.5
56718,-0.211,-0.324,0.979,0.063,0.17,-0.045,9.394,329.47,34.12,1.5,0,0,41.021746,335.97,,1,1,1,1,,4518
56718.5,-0.125,-0.429,0.811,-0.164,0.159,-0.03,9.403,329.37,34.12,1,0,0,41.021746,335.37,,1,1,1,1,,4518.5
56719,-0.032,-0.488,0.56,-0.343,0.152,-0.062,9.453,329.37,34.12,1,0,0,41.021746,335.37,,1,1,1,1,,4519
56719.5,0.052,-0.5,0.274,-0.43,0.101,-0.086,9.608,329.37,34.12,359.1,0,0,41.021746,333.47,,1,1,1,1,,4519.5
56720,0.115,-0.477,0.005,-0.433,0.061,-0.096,9.753,329.37,34.12,359.1,0,0,41.021746,333.47,,1,1,1,1,,4520
56720.5,0.15,-0.428,-0.206,-0.349,0.006,-0.099,9.931,329.47,32.28,355.4,0,0,38.809553,329.87,,1,1,1,1,,4520.5
56721,0.151,-0.371,-0.331,-0.213,-0.009,-0.096,10.035,329.47,32.28,355.4,0,0,38.809553,329.87,,1,1,1,1,,4521
56721.5,0.124,-0.316,-0.364,-0.051,-0.028,-0.03,10.125,329.47,33.2,0.7,0,0,39.915649,335.17,,1,1,1,1,,4521.5
56722,0.066,-0.273,-0.31,0.108,-0.017,0.001,10.128,329.47,33.2,0.7,0,0,39.915649,335.17,,1,1,1,1,,4522
56722.5,-0.008,-0.248,-0.195,0.228,0.004,0.052,10.087,329.57,30.43,3.3,0,0,36.585338,337.87,,1,1,1,1,,4522.5
56723,-0.085,-0.239,-0.051,0.285,0.048,0.113,9.961,329.57,30.43,3.3,0,0,36.585338,337.87,,1,1,1,1,,4523
56723.5,-0.155,-0.242,0.08,0.261,0.08,0.176,9.813,329.77,32.28,2.8,0,0,38.809553,337.57,,1,1,1,1,,4523.5
56724,-0.203,-0.245,0.162,0.169,0.106,0.238,9.662,329.77,32.28,2.8,0,0,38.809553,337.57,,1,1,1,1,,4524
56724.5,-0.221,-0.238,0.172,0.016,0.122,0.245,9.53,329.77,34.12,0.9,0,0,41.021746,335.67,,1,1,1,1,,4524.5
56725,-0.205,-0.214,0.104,-0.146,0.114,0.224,9.473,329.77,34.12,0.9,0,0,41.021746,335.67,,1,1,1,1,,4525
56725.5,-0.158,-0.172,-0.03,-0.293,0.083,0.112,9.483,329.47,33.2,358.9,0,0,39.915649,333.37,,1,1,1,1,,4525.5
56726,-0.077,-0.113,-0.2,-0.384,0.037,0.019,9.573,329.47,33.2,358.9,0,0,39.915649,333.37,,1,1,1,1,,4526
56726.5,0.026,-0.049,-0.37,-0.415,0.018,-0.096,9.66,329.37,35.04,356.8,0,0,42.127842,331.17,,1,1,1,1,,4526.5
56727,0.149,0.015,-0.509,-0.374,-0.019,-0.142,9.806,329.37,35.04,356.8,0,0,42.127842,331.17,,1,1,1,1,,4527
56727.5,0.272,0.065,-0.586,-0.277,-0.035,-0.175,9.918,329.07,35.04,1.2,0,0,42.127842,335.27,,1,1,1,1,,4527.5
56728,0.394,0.093,-0.588,-0.134,-0.059,-0.201,10.046,329.07,35.04,1.2,0,0,42.127842,335.27,,1,1,1,1,,4528
56728.5,0.505,0.09,-0.506,0.033,-0.052,-0.148,10.103,329.07,35.04,1.7,0,0,42.127842,335.77,,1,1,1,1,,4528.5
56729,0.596,0.059,-0.353,0.192,-0.055,-0.082,10.142,329.07,35.04,1.7,0,0,42.127842,335.77,,1,1,1,1,,4529
56729.5,0.66,-0.003,-0.147,0.326,-0.032,0.015,10.111,329.07,34.12,4.2,0,0,41.021746,338.27,,1,1,1,1,,4529.5
56730,0.687,-0.083,0.081,0.405,0,0.144,10.04,329.07,34.12,4.2,0,0,41.021746,338.27,,1,1,1,1,,4530
56730.5,0.676,-0.17,0.3,0.431,0.033,0.223,9.948,329.07,34.12,5,0,0,41.021746,339.07,,1,1,1,1,,4530.5
56731,0.625,-0.253,0.482,0.404,0.057,0.296,9.864,329.07,34.12,5,0,0,41.021746,339.07,,1,1,1,1,,4531
56731.5,0.534,-0.322,0.611,0.346,0.072,0.324,9.805,329.17,33.2,4.2,0,0,39.915649,338.37,,1,1,1,1,,4531.5
56732,0.415,-0.371,0.678,0.26,0.091,0.295,9.746,329.17,33.2,4.2,0,0,39.915649,338.37,,1,1,1,1,,4532
56732.5,0.273,-0.399,0.685,0.17,0.09,0.23,9.727,329.27,33.2,4.2,0,0,39.915649,338.47,,1,1,1,1,,4532.5
56733,0.118,-0.408,0.638,0.074,0.101,0.15,9.689,329.27,33.2,4.2,0,0,39.915649,338.47,,1,1,1,1,,4533
56733.5,-0.038,-0.399,0.544,-0.015,0.09,0.063,9.692,329.27,32.28,3.1,0,0,38.809553,337.37,,1,1,1,1,,4533.5
56734,-0.179,-0.377,0.417,-0.093,0.085,-0.062,9.683,329.27,32.28,3.1,0,0,38.809553,337.37,,1,1,1,1,,4534
56734.5,-0.295,-0.351,0.269,-0.155,0.07,-0.135,9.701,329.27,33.2,4,0,0,39.915649,338.27,,1,1,1,1,,4534.5
56735,-0.372,-0.326,0.112,-0.205,0.069,-0.19,9.692,329.27,33.2,4,0,0,39.915649,338.27,,1,1,1,1,,4535
56735.5,-0.41,-0.302,-0.045,-0.245,0.057,-0.172,9.701,329.17,31.35,3.8,0,0,37.691434,337.97,,1,1,1,1,,4535.5
56736,-0.403,-0.28,-0.193,-0.268,0.047,-0.168,9.708,329.17,31.35,3.8,0,0,37.691434,337.97,,1,1,1,1,,4536
56736.5,-0.355,-0.259,-0.328,-0.287,0.043,-0.106,9.71,329.17,32.28,4,0,0,38.809553,338.17,,1,1,1,1,,4536.5
56737,-0.268,-0.237,-0.444,-0.291,0.039,-0.068,9.728,329.17,32.28,4,0,0,38.809553,338.17,,1,1,1,1,,4537
56737.5,-0.16,-0.212,-0.537,-0.288,0.042,-0.027,9.733,329.07,32.28,5.1,0,0,38.809553,339.17,,1,1,1,1,,4537.5
56738,-0.046,-0.182,-0.604,-0.266,0.032,-0.02,9.77,329.07,32.28,5.1,0,0,38.809553,339.17,,1,1,1,1,,4538
56738.5,0.063,-0.146,-0.638,-0.229,0.035,0.001,9.8,328.87,32.28,3.5,0,0,38.809553,337.37,,1,1,1,1,,4538.5
56739,0.151,-0.104,-0.638,-0.176,0.026,0.037,9.85,328.87,32.28,3.5,0,0,38.809553,337.37,,1,1,1,1,,4539
56739.5,0.209,-0.058,-0.6,-0.109,0.032,0.041,9.871,328.87,32.28,2.8,0,0,38.809553,336.67,,1,1,1,1,,4539.5
56740,0.23,-0.013,-0.525,-0.032,0.015,0.072,9.922,328.87,32.28,2.8,0,0,38.809553,336.67,,1,1,1,1,,4540
56740.5,0.214,0.027,-0.414,0.053,0.001,0.08,9.961,328.87,33.2,4.7,0,0,39.915649,338.57,,1,1,1,1,,4540.5
56741,0.169,0.058,-0.273,0.141,-0.005,0.105,9.995,328.87,33.2,4.7,0,0,39.915649,338.57,,1,1,1,1,,4541
56741.5,0.099,0.074,-0.105,0.235,-0.019,0.108,10.025,328.87,34.12,2.9,0,0,41.021746,336.77,,1,1,1,1,,4541.5
56742,0.02,0.071,0.082,0.319,-0.032,0.09,10.053,328.87,34.12,2.9,0,0,41.021746,336.77,,1,1,1,1,,4542
56742.5,-0.056,0.044,0.281,0.404,-0.046,0.042,10.08,328.77,33.2,2.1,0,0,39.915649,335.87,,1,1,1,1,,4542.5
56743,-0.116,-0.01,0.485,0.476,-0.054,-0.017,10.087,328.77,33.2,2.1,0,0,39.915649,335.87,,1,1,1,1,,4543
56743.5,-0.147,-0.091,0.682,0.531,-0.058,-0.109,10.081,328.77,34.12,2.9,0,0,41.021746,336.67,,1,1,1,1,,4543.5
56744,-0.14,-0.202,0.859,0.546,-0.033,-0.19,10.007,328.77,34.12,2.9,0,0,41.021746,336.67,,1,1,1,1,,4544
56744.5,-0.095,-0.33,0.992,0.505,0.009,-0.199,9.894,328.77,35.04,1.3,0,0,42.127842,335.07,,1,1,1,1,,4544.5
56745,-0.013,-0.466,1.057,0.396,0.07,-0.198,9.738,328.77,35.04,1.3,0,0,42.127842,335.07,,1,1,1,1,,4545
56745.5,0.095,-0.591,1.029,0.22,0.123,-0.133,9.574,328.77,35.04,359.2,0,0,42.127842,332.97,,1,1,1,1,,4545.5
56746,0.216,-0.692,0.894,-0.011,0.186,-0.029,9.402,328.77,35.04,359.2,0,0,42.127842,332.97,,1,1,1,1,,4546
56746.5,0.339,-0.748,0.646,-0.287,0.242,0.089,9.249,328.67,33.2,354.6,0,0,39.915649,328.27,,1,1,1,1,,4546.5
56747,0.453,-0.745,0.292,-0.568,0.263,0.206,9.164,328.67,33.2,354.6,0,0,39.915649,328.27,,1,1,1,1,,4547
56747.5,0.551,-0.676,-0.142,-0.823,0.265,0.262,9.151,328.67,34.12,357.5,0,0,41.021746,331.17,,1,1,1,1,,4547.5
56748,0.623,-0.544,-0.613,-0.993,0.217,0.262,9.262,328.67,34.12,357.5,0,0,41.021746,331.17,,1,1,1,1,,4548
56748.5,0.663,-0.36,-1.061,-1.052,0.145,0.264,9.442,328.57,37.07,354.8,0,0,44.568467,328.37,,1,1,1,1,,4548.5
56749,0.673,-0.145,-1.425,-0.974,0.036,0.257,9.72,328.57,37.07,354.8,0,0,44.568467,328.37,,1,1,1,1,,4549
56749.5,0.647,0.074,-1.648,-0.764,-0.071,0.227,10.003,328.47,37.07,355.4,0,0,44.568467,328.87,,1,1,1,1,,4549.5
56750,0.593,0.268,-1.69,-0.443,-0.162,0.158,10.271,328.47,37.07,355.4,0,0,44.568467,328.87,,1,1,1,1,,4550
56750.5,0.514,0.415,-1.532,-0.051,-0.218,0.084,10.48,328.47,37.07,354.5,0,0,44.568467,327.97,,1,1,1,1,,4550.5
56751,0.426,0.496,-1.184,0.363,-0.262,0.023,10.621,328.47,37.07,354.5,0,0,44.568467,327.97,,1,1,1,1,,4551
56751.5,0.334,0.499,-0.681,0.746,-0.258,-0.003,10.65,328.47,37.07,356.7,0,0,44.568467,330.17,,1,1,1,1,,4551.5
56752,0.247,0.421,-0.081,1.043,-0.216,-0.036,10.577,328.47,37.07,356.7,0,0,44.568467,330.17,,1,1,1,1,,4552
56752.5,0.175,0.27,0.548,1.226,-0.15,-0.049,10.423,328.47,35.04,1,0,0,42.127842,334.47,,1,1,1,1,,4552.5
56753,0.119,0.061,1.131,1.262,-0.057,-0.029,10.173,328.47,35.04,1,0,0,42.127842,334.47,,1,1,1,1,,4553
56753.5,0.084,-0.182,1.595,1.152,0.035,-0.016,9.899,328.37,33.2,3.1,0,0,39.915649,336.47,,1,1,1,1,,4553.5
56754,0.07,-0.432,1.885,0.9,0.137,-0.007,9.593,328.37,33.2,3.1,0,0,39.915649,336.47,,1,1,1,1,,4554
56754.5,0.078,-0.658,1.961,0.545,0.208,-0.007,9.346,328.37,33.2,0.2,0,0,39.915649,333.57,,1,1,1,1,,4554.5
56755,0.105,-0.831,1.818,0.134,0.267,-0.016,9.151,328.37,33.2,0.2,0,0,39.915649,333.57,,1,1,1,1,,4555
56755.5,0.147,-0.942,1.475,-0.278,0.279,-0.009,9.076,328.27,34.12,6.8,0,0,41.021746,340.07,,1,1,1,1,,4555.5
56756,0.193,-0.975,0.978,-0.639,0.271,-0.06,9.07,328.27,34.12,6.8,0,0,41.021746,340.07,,1,1,1,1,,4556
56756.5,0.236,-0.934,0.387,-0.92,0.247,-0.056,9.14,328.17,32.28,8.1,0,0,38.809553,341.27,,1,1,1,1,,4556.5
56757,0.27,-0.824,-0.231,-1.092,0.202,-0.006,9.28,328.17,32.28,8.1,0,0,38.809553,341.27,,1,1,1,1,,4557
56757.5,0.282,-0.661,-0.811,-1.15,0.152,0.078,9.451,328.17,32.28,4,0,0,38.809553,337.17,,1,1,1,1,,4557.5
56758,0.264,-0.459,-1.295,-1.092,0.088,0.148,9.656,328.17,32.28,4,0,0,38.809553,337.17,,1,1,1,1,,4558
56758.5,0.219,-0.237,-1.642,-0.937,0.029,0.174,9.849,328.27,33.2,9,0,0,39.915649,342.27,,1,1,1,1,,4558.5
56759,0.149,-0.015,-1.821,-0.695,-0.032,0.179,10.044,328.27,33.2,9,0,0,39.915649,342.27,,1,1,1,1,,4559
56759.5,0.064,0.183,-1.823,-0.402,-0.086,0.103,10.194,328.27,35.04,7.4,0,0,42.127842,340.67,,1,1,1,1,,4559.5
56760,-0.023,0.343,-1.653,-0.079,-0.144,0.054,10.331,328.27,35.04,7.4,0,0,42.127842,340.67,,1,1,1,1,,4560
56760.5,-0.102,0.452,-1.333,0.239,-0.163,-0.005,10.385,328.37,35.04,10.3,0,0,42.127842,343.67,,1,1,1,1,,4560.5
56761,-0.165,0.502,-0.897,0.528,-0.188,-0.035,10.412,328.37,35.04,10.3,0,0,42.127842,343.67,,1,1,1,1,,4561
56761.5,-0.202,0.492,-0.388,0.756,-0.18,-0.011,10.369,328.27,35.97,9.9,0,0,43.245961,343.17,,1,1,1,1,,4561.5
56762,-0.215,0.418,0.143,0.91,-0.156,0.003,10.283,328.27,35.97,9.9,0,0,43.245961,343.17,,1,1,1,1,,4562
56762.5,-0.196,0.293,0.647,0.972,-0.107,-0.013,10.147,328.07,35.97,7.7,0,0,43.245961,340.77,,1,1,1,1,,4562.5
56763,-0.145,0.125,1.077,0.942,-0.053,-0.045,9.995,328.07,35.97,7.7,0,0,43.245961,340.77,,1,1,1,1,,4563
56763.5,-0.066,-0.071,1.394,0.821,0.021,-0.066,9.808,327.97,35.97,6.3,0,0,43.245961,339.27,,1,1,1,1,,4563.5
56764,0.039,-0.276,1.57,0.621,0.09,-0.112,9.633,327.97,35.97,6.3,0,0,43.245961,339.27,,1,1,1,1,,4564
56764.5,0.157,-0.467,1.592,0.368,0.141,-0.109,9.489,327.77,37.07,6.1,0,0,44.568467,338.87,,1,1,1,1,,4564.5
56765,0.276,-0.629,1.462,0.087,0.191,-0.05,9.382,327.77,37.07,6.1,0,0,44.568467,338.87,,1,1,1,1,,4565
56765.5,0.383,-0.748,1.198,-0.185,0.219,0.003,9.329,327.67,37.07,7.5,0,0,44.568467,340.17,,1,1,1,1,,4565.5
56766,0.468,-0.807,0.836,-0.422,0.221,0.034,9.341,327.67,37.07,7.5,0,0,44.568467,340.17,,1,1,1,1,,4566
56766.5,0.522,-0.811,0.417,-0.595,0.201,0.04,9.408,327.67,37.99,7.9,0,0,45.674564,340.57,,1,1,1,1,,4566.5
56767,0.542,-0.761,-0.012,-0.695,0.167,0.067,9.509,327.67,37.99,7.9,0,0,45.674564,340.57,,1,1,1,1,,4567
56767.5,0.53,-0.664,-0.408,-0.715,0.126,0.062,9.633,327.77,37.99,8.1,0,0,45.674564,340.87,,1,1,1,1,,4567.5
56768,0.489,-0.533,-0.733,-0.663,0.078,0.072,9.759,327.77,37.99,8.1,0,0,45.674564,340.87,,1,1,1,1,,4568
56768.5,0.426,-0.384,-0.963,-0.551,0.029,0.112,9.886,327.87,37.99,9.2,0,0,45.674564,342.07,,1,1,1,1,,4568.5
56769,0.344,-0.229,-1.083,-0.399,-0.004,0.115,9.973,327.87,37.99,9.2,0,0,45.674564,342.07,,1,1,1,1,,4569
56769.5,0.251,-0.085,-1.095,-0.229,-0.031,0.114,10.038,327.87,37.99,11.2,0,0,45.674564,344.07,,1,1,1,1,,4569.5
56770,0.151,0.038,-1.01,-0.061,-0.047,0.147,10.056,327.87,37.99,11.2,0,0,45.674564,344.07,,1,1,1,1,,4570
56770.5,0.058,0.137,-0.85,0.084,-0.059,0.158,10.059,327.77,38.92,7.8,0,0,46.792683,340.57,,1,1,1,1,,4570.5
56771,-0.024,0.199,-0.638,0.2,-0.062,0.127,10.027,327.77,38.92,7.8,0,0,46.792683,340.57,,1,1,1,1,,4571
56771.5,-0.086,0.231,-0.402,0.281,-0.062,0.111,9.995,327.77,38.92,6.6,0,0,46.792683,339.37,,1,1,1,1,,4571.5
56772,-0.123,0.229,-0.164,0.328,-0.06,0.031,9.955,327.77,38.92,6.6,0,0,46.792683,339.37,,1,1,1,1,,4572
56772.5,-0.141,0.196,0.057,0.344,-0.049,-0.024,9.918,327.57,38.92,6.8,0,0,46.792683,339.37,,1,1,1,1,,4572.5
56773,-0.136,0.134,0.248,0.336,-0.026,-0.07,9.873,327.57,38.92,6.8,0,0,46.792683,339.37,,1,1,1,1,,4573
56773.5,-0.115,0.051,0.398,0.303,-0.004,-0.084,9.832,327.47,37.99,7.7,0,0,45.674564,340.17,,1,1,1,1,,4573.5
56774,-0.081,-0.047,0.503,0.257,0.009,-0.106,9.808,327.47,37.99,7.7,0,0,45.674564,340.17,,1,1,1,1,,4574
56774.5,-0.04,-0.151,0.562,0.202,0.027,-0.066,9.788,327.37,37.07,8.4,0,0,44.568467,340.77,,1,1,1,1,,4574.5
56775,0,-0.252,0.579,0.149,0.039,-0.045,9.785,327.37,37.07,8.4,0,0,44.568467,340.77,,1,1,1,1,,4575
56775.5,0.03,-0.346,0.561,0.095,0.06,-0.047,9.77,327.37,35.97,12.2,0,0,43.245961,344.57,,1,1,1,1,,4575.5
56776,0.047,-0.423,0.513,0.045,0.078,-0.061,9.765,327.37,35.97,12.2,0,0,43.245961,344.57,,1,1,1,1,,4576
56776.5,0.045,-0.482,0.44,-0.007,0.093,-0.096,9.747,327.27,37.99,7.4,0,0,45.674564,339.67,,1,1,1,1,,4576.5
56777,0.024,-0.518,0.349,-0.052,0.1,-0.074,9.743,327.27,37.99,7.4,0,0,45.674564,339.67,,1,1,1,1,,4577
56777.5,-0.015,-0.53,0.244,-0.097,0.108,-0.032,9.729,327.27,37.07,8.3,0,0,44.568467,340.57,,1,1,1,1,,4577.5
56778,-0.081,-0.517,0.131,-0.134,0.096,0.002,9.733,327.27,37.07,8.3,0,0,44.568467,340.57,,1,1,1,1,,4578
56778.5,-0.164,-0.479,0.015,-0.172,0.1,-0.009,9.707,327.27,37.99,9.2,0,0,45.674564,341.47,,1,1,1,1,,4578.5
56779,-0.259,-0.42,-0.102,-0.206,0.089,0.004,9.705,327.27,37.99,9.2,0,0,45.674564,341.47,,1,1,1,1,,4579
56779.5,-0.354,-0.344,-0.216,-0.237,0.08,-0.01,9.693,327.37,37.07,9.5,0,0,44.568467,341.87,,1,1,1,1,,4579.5
56780,-0.433,-0.256,-0.322,-0.253,0.053,-0.026,9.726,327.37,37.07,9.5,0,0,44.568467,341.87,,1,1,1,1,,4580
56780.5,-0.487,-0.167,-0.412,-0.251,0.04,-0.037,9.742,327.37,35.97,9.9,0,0,43.245961,342.27,,1,1,1,1,,4580.5
56781,-0.5,-0.084,-0.477,-0.229,0.014,-0.041,9.791,327.37,35.97,9.9,0,0,43.245961,342.27,,1,1,1,1,,4581
56781.5,-0.467,-0.01,-0.511,-0.188,-0.004,-0.072,9.821,327.37,37.07,9.9,0,0,44.568467,342.27,,1,1,1,1,,4581.5
56782,-0.391,0.047,-0.512,-0.137,-0.018,-0.088,9.862,327.37,37.07,9.9,0,0,44.568467,342.27,,1,1,1,1,,4582
56782.5,-0.275,0.088,-0.475,-0.063,-0.031,-0.098,9.913,327.27,35.97,9.6,0,0,43.245961,341.87,,1,1,1,1,,4582.5
56783,-0.135,0.107,-0.4,0.02,-0.047,-0.095,9.958,327.27,35.97,9.6,0,0,43.245961,341.87,,1,1,1,1,,4583
56783.5,0.012,0.103,-0.287,0.115,-0.058,-0.072,10.006,327.17,35.04,9.3,0,0,42.127842,341.47,,1,1,1,1,,4583.5
56784,0.15,0.076,-0.144,0.204,-0.052,-0.048,10.013,327.17,35.04,9.3,0,0,42.127842,341.47,,1,1,1,1,,4584
56784.5,0.26,0.027,0.021,0.28,-0.054,-0.013,10.023,327.07,35.04,7.4,0,0,42.127842,339.47,,1,1,1,1,,4584.5
56785,0.335,-0.039,0.192,0.335,-0.036,0.027,9.992,327.07,35.04,7.4,0,0,42.127842,339.47,,1,1,1,1,,4585
56785.5,0.369,-0.118,0.356,0.364,-0.023,0.066,9.968,327.07,35.04,6.9,0,0,42.127842,338.97,,1,1,1,1,,4585.5
56786,0.367,-0.204,0.5,0.371,-0.008,0.128,9.935,327.07,35.04,6.9,0,0,42.127842,338.97,,1,1,1,1,,4586
56786.5,0.335,-0.292,0.613,0.352,0.017,0.18,9.891,326.97,35.04,6.9,0,0,42.127842,338.87,,1,1,1,1,,4586.5
56787,0.283,-0.382,0.686,0.308,0.044,0.201,9.835,326.97,35.04,6.9,0,0,42.127842,338.87,,1,1,1,1,,4587
56787.5,0.225,-0.464,0.711,0.23,0.079,0.175,9.752,327.07,35.04,7.3,0,0,42.127842,339.37,,1,1,1,1,,4587.5
56788,0.17,-0.53,0.678,0.125,0.109,0.122,9.679,327.07,35.04,7.3,0,0,42.127842,339.37,,1,1,1,1,,4588
56788.5,0.127,-0.574,0.584,-0.008,0.142,0.041,9.59,327.07,35.97,9.3,0,0,43.245961,341.37,,1,1,1,1,,4588.5
56789,0.101,-0.591,0.429,-0.153,0.154,-0.057,9.535,327.07,35.97,9.3,0,0,43.245961,341.37,,1,1,1,1,,4589
56789.5,0.092,-0.574,0.222,-0.299,0.161,-0.142,9.488,327.07,35.04,10,0,0,42.127842,342.07,,1,1,1,1,,4589.5
56790,0.097,-0.521,-0.024,-0.426,0.146,-0.187,9.491,327.07,35.04,10,0,0,42.127842,342.07,,1,1,1,1,,4590
56790.5,0.113,-0.437,-0.286,-0.522,0.122,-0.197,9.518,327.07,35.04,12.9,0,0,42.127842,344.97,,1,1,1,1,,4590.5
56791,0.142,-0.326,-0.541,-0.57,0.086,-0.164,9.59,327.07,35.04,12.9,0,0,42.127842,344.97,,1,1,1,1,,4591
56791.5,0.178,-0.198,-0.761,-0.563,0.052,-0.077,9.679,327.07,34.12,14.2,0,0,41.021746,346.27,,1,1,1,1,,4591.5
56792,0.22,-0.064,-0.922,-0.501,0.01,0.011,9.787,327.07,34.12,14.2,0,0,41.021746,346.27,,1,1,1,1,,4592
56792.5,0.265,0.059,-1.006,-0.392,-0.024,0.102,9.887,327.07,35.04,11.8,0,0,42.127842,343.87,,1,1,1,1,,4592.5
56793,0.301,0.166,-1.006,-0.253,-0.051,0.209,9.966,327.07,35.04,11.8,0,0,42.127842,343.87,,1,1,1,1,,4593
56793.5,0.316,0.246,-0.92,-0.089,-0.081,0.269,10.055,327.07,35.97,11.5,0,0,43.245961,343.57,,1,1,1,1,,4593.5
56794,0.306,0.294,-0.751,0.091,-0.109,0.289,10.135,327.07,35.97,11.5,0,0,43.245961,343.57,,1,1,1,1,,4594
56794.5,0.26,0.3,-0.509,0.281,-0.129,0.274,10.206,327.07,35.97,7.5,0,0,43.245961,339.57,,1,1,1,1,,4594.5
56795,0.182,0.263,-0.208,0.457,-0.128,0.224,10.23,327.07,35.97,7.5,0,0,43.245961,339.57,,1,1,1,1,,4595
56795.5,0.07,0.185,0.129,0.601,-0.114,0.15,10.219,327.07,35.04,5.7,0,0,42.127842,337.77,,1,1,1,1,,4595.5
56796,-0.058,0.071,0.473,0.699,-0.084,0.069,10.164,327.07,35.04,5.7,0,0,42.127842,337.77,,1,1,1,1,,4596
56796.5,-0.193,-0.069,0.792,0.735,-0.045,-0.012,10.074,327.07,35.97,6.7,0,0,43.245961,338.77,,1,1,1,1,,4596.5
56797,-0.316,-0.223,1.055,0.701,0.008,-0.108,9.939,327.07,35.97,6.7,0,0,43.245961,338.77,,1,1,1,1,,4597
56797.5,-0.414,-0.379,1.231,0.593,0.061,-0.217,9.789,326.97,34.12,7.5,0,0,41.021746,339.47,,1,1,1,1,,4597.5
56798,-0.47,-0.519,1.299,0.421,0.116,-0.305,9.629,326.97,34.12,7.5,0,0,41.021746,339.47,,1,1,1,1,,4598
56798.5,-0.476,-0.629,1.243,0.191,0.168,-0.359,9.477,326.87,34.12,3.4,0,0,41.021746,335.27,,1,1,1,1,,4598.5
56799,-0.431,-0.697,1.063,-0.062,0.194,-0.361,9.378,326.87,34.12,3.4,0,0,41.021746,335.27,,1,1,1,1,,4599
56799.5,-0.342,-0.716,0.774,-0.315,0.213,-0.316,9.308,326.77,35.04,3.7,0,0,42.127842,335.47,,1,1,1,1,,4599.5
56800,-0.216,-0.686,0.403,-0.537,0.197,-0.253,9.319,326.77,35.04,3.7,0,0,42.127842,335.47,,1,1,1,1,,4600
56800.5,-0.076,-0.611,-0.012,-0.705,0.171,-0.165,9.365,326.77,34.12,8.1,0,0,41.021746,339.87,,1,1,1,1,,4600.5
56801,0.067,-0.497,-0.428,-0.795,0.118,-0.064,9.489,326.77,34.12,8.1,0,0,41.021746,339.87,,1,1,1,1,,4601
56801.5,0.188,-0.362,-0.798,-0.789,0.06,0.063,9.642,326.87,35.97,7.8,0,0,43.245961,339.67,,1,1,1,1,,4601.5
56802,0.271,-0.215,-1.081,-0.698,0,0.185,9.819,326.87,35.97,7.8,0,0,43.245961,339.67,,1,1,1,1,,4602
56802.5,0.306,-0.079,-1.246,-0.532,-0.048,0.264,9.974,326.97,35.04,8.1,0,0,42.127842,340.07,,1,1,1,1,,4602.5
56803,0.29,0.035,-1.28,-0.319,-0.079,0.311,10.095,326.97,35.04,8.1,0,0,42.127842,340.07,,1,1,1,1,,4603
56803.5,0.232,0.118,-1.186,-0.087,-0.097,0.307,10.176,327.17,34.12,5.4,0,0,41.021746,337.57,,1,1,1,1,,4603.5
56804,0.135,0.167,-0.982,0.133,-0.097,0.291,10.202,327.17,34.12,5.4,0,0,41.021746,337.57,,1,1,1,1,,4604
56804.5,0.025,0.179,-0.697,0.324,-0.096,0.244,10.197,327.27,35.04,6.5,0,0,42.127842,338.77,,1,1,1,1,,4604.5
56805,-0.087,0.161,-0.364,0.465,-0.082,0.166,10.138,327.27,35.04,6.5,0,0,42.127842,338.77,,1,1,1,1,,4605
56805.5,-0.181,0.117,-0.023,0.543,-0.061,0.064,10.054,327.27,35.04,6.6,0,0,42.127842,338.87,,1,1,1,1,,4605.5
56806,-0.24,0.058,0.291,0.552,-0.018,-0.044,9.934,327.27,35.04,6.6,0,0,42.127842,338.87,,1,1,1,1,,4606
56806.5,-0.256,-0.008,0.544,0.5,0.012,-0.163,9.83,326.97,33.2,6.5,0,0,39.915649,338.47,,1,1,1,1,,4606.5
56807,-0.229,-0.072,0.719,0.405,0.04,-0.252,9.746,326.97,33.2,6.5,0,0,39.915649,338.47,,1,1,1,1,,4607
56807.5,-0.158,-0.13,0.809,0.287,0.063,-0.299,9.693,326.87,33.2,4.8,0,0,39.915649,336.67,,1,1,1,1,,4607.5
56808,-0.055,-0.177,0.818,0.166,0.072,-0.264,9.666,326.87,33.2,4.8,0,0,39.915649,336.67,,1,1,1,1,,4608
56808.5,0.066,-0.217,0.76,0.056,0.073,-0.195,9.666,326.67,32.28,3.7,0,0,38.809553,335.37,,1,1,1,1,,4608.5
56809,0.194,-0.25,0.652,-0.031,0.061,-0.13,9.695,326.67,32.28,3.7,0,0,38.809553,335.37,,1,1,1,1,,4609
56809.5,0.307,-0.278,0.517,-0.09,0.049,-0.055,9.722,326.67,35.04,3.8,0,0,42.127842,335.47,,1,1,1,1,,4609.5
56810,0.396,-0.309,0.372,-0.124,0.032,0.003,9.763,326.67,35.04,3.8,0,0,42.127842,335.47,,1,1,1,1,,4610
56810.5,0.443,-0.34,0.23,-0.142,0.034,0.05,9.769,326.67,35.04,6.1,0,0,42.127842,337.77,,1,1,1,1,,4610.5
56811,0.448,-0.37,0.098,-0.157,0.042,0.077,9.765,326.67,35.04,6.1,0,0,42.127842,337.77,,1,1,1,1,,4611
56811.5,0.406,-0.395,-0.023,-0.168,0.046,0.113,9.759,326.87,35.97,7.5,0,0,43.245961,339.37,,1,1,1,1,,4611.5
56812,0.322,-0.41,-0.134,-0.187,0.063,0.139,9.734,326.87,35.97,7.5,0,0,43.245961,339.37,,1,1,1,1,,4612
56812.5,0.208,-0.41,-0.235,-0.2,0.068,0.19,9.738,327.07,34.12,6.7,0,0,41.021746,338.77,,1,1,1,1,,4612.5
56813,0.073,-0.392,-0.325,-0.213,0.079,0.24,9.731,327.07,34.12,6.7,0,0,41.021746,338.77,,1,1,1,1,,4613
56813.5,-0.07,-0.358,-0.399,-0.209,0.068,0.213,9.77,327.17,35.04,7.1,0,0,42.127842,339.27,,1,1,1,1,,4613.5
56814,-0.206,-0.306,-0.453,-0.196,0.074,0.143,9.774,327.17,35.04,7.1,0,0,42.127842,339.27,,1,1,1,1,,4614
56814.5,-0.328,-0.239,-0.483,-0.168,0.06,0.083,9.81,327.27,34.12,6.9,0,0,41.021746,339.17,,1,1,1,1,,4614.5
56815,-0.426,-0.161,-0.486,-0.13,0.039,-0.017,9.829,327.27,34.12,6.9,0,0,41.021746,339.17,,1,1,1,1,,4615
56815.5,-0.501,-0.081,-0.463,-0.084,0.01,-0.125,9.87,327.27,35.04,5.2,0,0,42.127842,337.47,,1,1,1,1,,4615.5
56816,-0.551,-0.002,-0.41,-0.024,-0.011,-0.174,9.893,327.27,35.04,5.2,0,0,42.127842,337.47,,1,1,1,1,,4616
56816.5,-0.584,0.067,-0.332,0.035,-0.035,-0.208,9.918,327.27,35.97,5.1,0,0,43.245961,337.37,,1,1,1,1,,4616.5
56817,-0.599,0.123,-0.229,0.102,-0.059,-0.26,9.943,327.27,35.97,5.1,0,0,43.245961,337.37,,1,1,1,1,,4617
56817.5,-0.597,0.157,-0.11,0.157,-0.062,-0.246,9.945,327.17,35.97,9.4,0,0,43.245961,341.57,,1,1,1,1,,4617.5
56818,-0.574,0.163,0.02,0.211,-0.068,-0.21,9.961,327.17,35.97,9.4,0,0,43.245961,341.57,,1,1,1,1,,4618
56818.5,-0.524,0.141,0.152,0.249,-0.05,-0.206,9.944,327.07,35.97,6.7,0,0,43.245961,338.77,,1,1,1,1,,4618.5
56819,-0.453,0.09,0.279,0.275,-0.042,-0.182,9.938,327.07,35.97,6.7,0,0,43.245961,338.77,,1,1,1,1,,4619
56819.5,-0.369,0.015,0.388,0.268,0.004,-0.153,9.869,326.97,35.04,10.7,0,0,42.127842,342.67,,1,1,1,1,,4619.5
56820,-0.277,-0.078,0.467,0.24,0.019,-0.083,9.839,326.97,35.04,10.7,0,0,42.127842,342.67,,1,1,1,1,,4620
56820.5,-0.189,-0.179,0.51,0.187,0.048,-0.011,9.771,327.07,35.97,10.9,0,0,43.245961,342.97,,1,1,1,1,,4620.5
56821,-0.113,-0.278,0.508,0.109,0.076,0.055,9.715,327.07,35.97,10.9,0,0,43.245961,342.97,,1,1,1,1,,4621
56821.5,-0.06,-0.363,0.459,0.016,0.093,0.107,9.665,327.17,35.97,8.7,0,0,43.245961,340.87,,1,1,1,1,,4621.5
56822,-0.033,-0.423,0.365,-0.078,0.094,0.117,9.651,327.17,35.97,8.7,0,0,43.245961,340.87,,1,1,1,1,,4622
56822.5,-0.037,-0.454,0.24,-0.156,0.096,0.08,9.656,327.27,35.04,8.8,0,0,42.127842,341.07,,1,1,1,1,,4622.5
56823,-0.069,-0.454,0.097,-0.211,0.086,0.02,9.692,327.27,35.04,8.8,0,0,42.127842,341.07,,1,1,1,1,,4623
56823.5,-0.128,-0.424,-0.043,-0.228,0.068,-0.078,9.755,327.37,35.04,6.8,0,0,42.127842,339.17,,1,1,1,1,,4623.5
56824,-0.195,-0.373,-0.163,-0.212,0.053,-0.161,9.811,327.37,35.04,6.8,0,0,42.127842,339.17,,1,1,1,1,,4624
56824.5,-0.261,-0.31,-0.247,-0.162,0.028,-0.204,9.884,327.37,30.43,9.4,0,0,36.585338,341.77,,1,1,1,1,,4624.5
56825,-0.311,-0.246,-0.288,-0.094,0.005,-0.188,9.924,327.37,30.43,9.4,0,0,36.585338,341.77,,1,1,1,1,,4625
56825.5,-0.332,-0.189,-0.285,-0.022,-0.006,-0.13,9.941,327.47,32.28,13.2,0,0,38.809553,345.67,,1,1,1,1,,4625.5
56826,-0.319,-0.144,-0.249,0.035,-0.007,-0.064,9.908,327.47,32.28,13.2,0,0,38.809553,345.67,,1,1,1,1,,4626
56826.5,-0.273,-0.112,-0.193,0.067,-0.013,0.014,9.879,327.57,34.12,13.3,0,0,41.021746,345.87,,1,1,1,1,,4626.5
56827,-0.188,-0.092,-0.136,0.061,0.013,0.083,9.796,327.57,34.12,13.3,0,0,41.021746,345.87,,1,1,1,1,,4627
56827.5,-0.084,-0.08,-0.096,0.026,0.027,0.099,9.743,327.57,35.97,12.5,0,0,43.245961,345.07,,1,1,1,1,,4627.5
56828,0.03,-0.07,-0.082,-0.032,0.053,0.104,9.673,327.57,35.97,12.5,0,0,43.245961,345.07,,1,1,1,1,,4628
56828.5,0.136,-0.058,-0.1,-0.102,0.06,0.087,9.646,327.57,35.04,4.7,0,0,42.127842,337.27,,1,1,1,1,,4628.5
56829,0.222,-0.038,-0.145,-0.168,0.062,0.093,9.637,327.57,35.04,4.7,0,0,42.127842,337.27,,1,1,1,1,,4629
56829.5,0.276,-0.009,-0.209,-0.214,0.049,0.099,9.674,327.57,35.04,5.6,0,0,42.127842,338.17,,1,1,1,1,,4629.5
56830,0.287,0.021,-0.274,-0.224,0.039,0.104,9.731,327.57,35.04,5.6,0,0,42.127842,338.17,,1,1,1,1,,4630
56830.5,0.26,0.057,-0.32,-0.195,0.009,0.104,9.817,327.57,35.97,7.5,0,0,43.245961,340.07,,1,1,1,1,,4630.5
56831,0.195,0.082,-0.331,-0.122,-0.017,0.07,9.913,327.57,35.97,7.5,0,0,43.245961,340.07,,1,1,1,1,,4631
56831.5,0.101,0.101,-0.295,-0.022,-0.039,0.02,9.991,327.57,34.12,2.3,0,0,41.021746,334.87,,1,1,1,1,,4631.5
56832,-0.007,0.101,-0.205,0.107,-0.065,-0.036,10.078,327.57,34.12,2.3,0,0,41.021746,334.87,,1,1,1,1,,4632
56832.5,-0.119,0.081,-0.063,0.243,-0.073,-0.047,10.126,327.57,34.12,6,0,0,41.021746,338.57,,1,1,1,1,,4632.5
56833,-0.229,0.035,0.124,0.378,-0.083,-0.075,10.168,327.57,34.12,6,0,0,41.021746,338.57,,1,1,1,1,,4633
56833.5,-0.325,-0.039,0.34,0.485,-0.06,-0.12,10.132,327.67,35.97,5,0,0,43.245961,337.67,,1,1,1,1,,4633.5
56834,-0.403,-0.132,0.56,0.549,-0.05,-0.152,10.085,327.67,35.97,5,0,0,43.245961,337.67,,1,1,1,1,,4634
56834.5,-0.461,-0.239,0.757,0.556,-0.008,-0.175,9.978,327.67,35.97,6.3,0,0,43.245961,338.97,,1,1,1,1,,4634.5
56835,-0.495,-0.351,0.902,0.499,0.038,-0.187,9.855,327.67,35.97,6.3,0,0,43.245961,338.97,,1,1,1,1,,4635
56835.5,-0.512,-0.457,0.973,0.38,0.08,-0.187,9.713,327.77,37.07,6.9,0,0,44.568467,339.67,,1,1,1,1,,4635.5
56836,-0.516,-0.544,0.949,0.204,0.12,-0.16,9.577,327.77,37.07,6.9,0,0,44.568467,339.67,,1,1,1,1,,4636
56836.5,-0.51,-0.598,0.824,-0.005,0.158,-0.144,9.463,327.77,34.12,7.1,0,0,41.021746,339.87,,1,1,1,1,,4636.5
56837,-0.502,-0.615,0.603,-0.228,0.18,-0.1,9.385,327.77,34.12,7.1,0,0,41.021746,339.87,,1,1,1,1,,4637
56837.5,-0.488,-0.586,0.304,-0.433,0.175,-0.049,9.364,327.97,33.2,6.9,0,0,39.915649,339.87,,1,1,1,1,,4637.5
56838,-0.479,-0.515,-0.046,-0.607,0.165,-0.027,9.373,327.97,33.2,6.9,0,0,39.915649,339.87,,1,1,1,1,,4638
56838.5,-0.473,-0.404,-0.414,-0.724,0.135,0.011,9.437,328.17,35.04,6.9,0,0,42.127842,340.07,,1,1,1,1,,4638.5
56839,-0.472,-0.265,-0.762,-0.774,0.098,0.028,9.535,328.17,35.04,6.9,0,0,42.127842,340.07,,1,1,1,1,,4639
56839.5,-0.477,-0.113,-1.055,-0.745,0.043,0.034,9.684,328.27,34.12,5.8,0,0,41.021746,339.07,,1,1,1,1,,4639.5
56840,-0.488,0.041,-1.258,-0.641,-0.007,0.025,9.831,328.27,34.12,5.8,0,0,41.021746,339.07,,1,1,1,1,,4640
56840.5,-0.508,0.179,-1.349,-0.47,-0.062,0.006,9.987,328.27,34.12,5.8,0,0,41.021746,339.07,,1,1,1,1,,4640.5
56841,-0.533,0.287,-1.315,-0.248,-0.106,-0.011,10.118,328.27,34.12,5.8,0,0,41.021746,339.07,,1,1,1,1,,4641
56841.5,-0.554,0.356,-1.158,-0.007,-0.129,-0.048,10.209,328.27,34.12,7.1,0,0,41.021746,340.37,,1,1,1,1,,4641.5
56842,-0.567,0.377,-0.893,0.231,-0.14,-0.11,10.257,328.27,34.12,7.1,0,0,41.021746,340.37,,1,1,1,1,,4642
56842.5,-0.562,0.356,-0.549,0.436,-0.129,-0.137,10.245,328.27,35.04,6.4,0,0,42.127842,339.67,,1,1,1,1,,4642.5
56843,-0.532,0.294,-0.162,0.587,-0.1,-0.175,10.194,328.27,35.04,6.4,0,0,42.127842,339.67,,1,1,1,1,,4643
56843.5,-0.475,0.199,0.226,0.67,-0.057,-0.186,10.093,328.17,34.12,6.5,0,0,41.021746,339.67,,1,1,1,1,,4643.5
56844,-0.387,0.085,0.578,0.685,-0.021,-0.155,9.993,328.17,34.12,6.5,0,0,41.021746,339.67,,1,1,1,1,,4644
56844.5,-0.275,-0.035,0.863,0.634,0.017,-0.105,9.879,328.17,34.12,5.2,0,0,41.021746,338.37,,1,1,1,1,,4644.5
56845,-0.145,-0.156,1.059,0.536,0.05,-0.078,9.791,328.17,34.12,5.2,0,0,41.021746,338.37,,1,1,1,1,,4645
56845.5,-0.011,-0.262,1.158,0.404,0.087,-0.065,9.707,328.07,34.12,8,0,0,41.021746,341.07,,1,1,1,1,,4645.5
56846,0.116,-0.35,1.16,0.257,0.101,-0.084,9.663,328.07,34.12,8,0,0,41.021746,341.07,,1,1,1,1,,4646
56846.5,0.222,-0.416,1.078,0.113,0.111,-0.117,9.63,328.17,33.2,7.9,0,0,39.915649,341.07,,1,1,1,1,,4646.5
56847,0.295,-0.459,0.925,-0.023,0.111,-0.117,9.626,328.17,33.2,7.9,0,0,39.915649,341.07,,1,1,1,1,,4647
56847.5,0.328,-0.483,0.724,-0.134,0.108,-0.047,9.628,328.37,34.12,5.9,0,0,41.021746,339.27,,1,1,1,1,,4647.5
56848,0.317,-0.487,0.492,-0.227,0.1,0.03,9.638,328.37,34.12,5.9,0,0,41.021746,339.27,,1,1,1,1,,4648
56848.5,0.265,-0.475,0.25,-0.289,0.076,0.115,9.673,328.57,34.12,6.5,0,0,41.021746,340.07,,1,1,1,1,,4648.5
56849,0.182,-0.449,0.015,-0.33,0.067,0.226,9.688,328.57,34.12,6.5,0,0,41.021746,340.07,,1,1,1,1,,4649
56849.5,0.08,-0.415,-0.2,-0.345,0.052,0.213,9.722,328.67,34.12,4.1,0,0,41.021746,337.77,,1,1,1,1,,4649.5
56850,-0.036,-0.373,-0.385,-0.346,0.042,0.196,9.729,328.67,34.12,4.1,0,0,41.021746,337.77,,1,1,1,1,,4650
56850.5,-0.144,-0.322,-0.535,-0.329,0.022,0.145,9.767,328.87,35.04,3,0,0,42.127842,336.87,,1,1,1,1,,4650.5
56851,-0.24,-0.271,-0.647,-0.313,0.029,0.092,9.746,328.87,35.04,3,0,0,42.127842,336.87,,1,1,1,1,,4651
56851.5,-0.317,-0.209,-0.727,-0.293,0.022,0.056,9.757,328.97,35.04,4.9,0,0,42.127842,338.87,,1,1,1,1,,4651.5
56852,-0.373,-0.142,-0.776,-0.278,0.047,0.024,9.725,328.97,35.04,4.9,0,0,42.127842,338.87,,1,1,1,1,,4652
56852.5,-0.405,-0.064,-0.801,-0.264,0.038,0.005,9.746,328.87,34.12,5.2,0,0,41.021746,339.07,,1,1,1,1,,4652.5
56853,-0.419,0.021,-0.8,-0.238,0.038,-0.038,9.751,328.87,34.12,5.2,0,0,41.021746,339.07,,1,1,1,1,,4653
56853.5,-0.416,0.11,-0.776,-0.205,0.035,-0.069,9.79,328.87,34.12,4.1,0,0,41.021746,337.97,,1,1,1,1,,4653.5
56854,-0.404,0.196,-0.72,-0.14,0.008,-0.126,9.86,328.87,34.12,4.1,0,0,41.021746,337.97,,1,1,1,1,,4654
56854.5,-0.388,0.272,-0.625,-0.051,-0.023,-0.183,9.946,328.77,35.04,4.8,0,0,42.127842,338.57,,1,1,1,1,,4654.5
56855,-0.368,0.326,-0.483,0.079,-0.065,-0.215,10.05,328.77,35.04,4.8,0,0,42.127842,338.57,,1,1,1,1,,4655
56855.5,-0.353,0.345,-0.289,0.223,-0.082,-0.239,10.113,328.67,35.04,4.8,0,0,42.127842,338.47,,1,1,1,1,,4655.5
56856,-0.344,0.329,-0.048,0.38,-0.112,-0.216,10.195,328.67,35.04,4.8,0,0,42.127842,338.47,,1,1,1,1,,4656
56856.5,-0.338,0.269,0.232,0.529,-0.123,-0.172,10.221,328.77,34.12,1.6,0,0,41.021746,335.37,,1,1,1,1,,4656.5
56857,-0.338,0.164,0.531,0.646,-0.098,-0.136,10.196,328.77,34.12,1.6,0,0,41.021746,335.37,,1,1,1,1,,4657
56857.5,-0.345,0.024,0.824,0.71,-0.055,-0.082,10.108,328.87,34.12,0.1,0,0,41.021746,333.97,,1,1,1,1,,4657.5
56858,-0.362,-0.142,1.075,0.703,-0.019,-0.057,10.002,328.87,34.12,0.1,0,0,41.021746,333.97,,1,1,1,1,,4658
56858.5,-0.386,-0.319,1.254,0.618,0.051,-0.028,9.835,329.17,35.97,2.4,0,0,43.245961,336.57,,1,1,1,1,,4658.5
56859,-0.419,-0.485,1.329,0.454,0.123,-0.024,9.658,329.17,35.97,2.4,0,0,43.245961,336.57,,1,1,1,1,,4659
56859.5,-0.459,-0.63,1.283,0.23,0.166,-0.017,9.5,329.17,35.97,356,0,0,43.245961,330.17,,1,1,1,1,,4659.5
56860,-0.502,-0.73,1.11,-0.034,0.206,-0.001,9.362,329.17,35.97,356,0,0,43.245961,330.17,,1,1,1,1,,4660
56860.5,-0.542,-0.776,0.819,-0.303,0.216,0.029,9.289,329.37,35.97,354.5,0,0,43.245961,328.87,,1,1,1,1,,4660.5
56861,-0.568,-0.763,0.436,-0.55,0.21,0.023,9.272,329.37,35.97,354.5,0,0,43.245961,328.87,,1,1,1,1,,4661
56861.5,-0.579,-0.688,0,-0.734,0.179,-0.023,9.341,329.37,35.97,357,0,0,43.245961,331.37,,1,1,1,1,,4661.5
56862,-0.561,-0.562,-0.44,-0.833,0.136,-0.055,9.457,329.37,35.97,357,0,0,43.245961,331.37,,1,1,1,1,,4662
56862.5,-0.51,-0.397,-0.833,-0.833,0.066,-0.138,9.64,329.37,35.97,358.9,0,0,43.245961,333.27,,1,1,1,1,,4662.5
56863,-0.429,-0.214,-1.136,-0.74,0.021,-0.193,9.799,329.37,35.97,358.9,0,0,43.245961,333.27,,1,1,1,1,,4663
56863.5,-0.323,-0.031,-1.318,-0.572,-0.037,-0.206,9.97,329.37,35.04,2.3,0,0,42.127842,336.67,,1,1,1,1,,4663.5
56864,-0.201,0.137,-1.362,-0.353,-0.077,-0.205,10.096,329.37,35.04,2.3,0,0,42.127842,336.67,,1,1,1,1,,4664
56864.5,-0.069,0.272,-1.273,-0.114,-0.101,-0.161,10.186,329.27,34.12,0,0,0,41.021746,334.27,,1,1,1,1,,4664.5
56865,0.057,0.363,-1.067,0.123,-0.118,-0.069,10.228,329.27,34.12,0,0,0,41.021746,334.27,,1,1,1,1,,4665
56865.5,0.17,0.403,-0.771,0.322,-0.106,0.038,10.207,329.37,34.12,1.9,0,0,41.021746,336.27,,1,1,1,1,,4665.5
56866,0.254,0.393,-0.425,0.473,-0.094,0.143,10.16,329.37,34.12,1.9,0,0,41.021746,336.27,,1,1,1,1,,4666
56866.5,0.31,0.335,-0.066,0.561,-0.07,0.207,10.074,329.37,34.12,2.4,0,0,41.021746,336.77,,1,1,1,1,,4666.5
56867,0.337,0.238,0.269,0.588,-0.043,0.245,9.988,329.37,34.12,2.4,0,0,41.021746,336.77,,1,1,1,1,,4667
56867.5,0.341,0.114,0.551,0.557,-0.014,0.276,9.884,329.47,34.12,0.3,0,0,41.021746,334.77,,1,1,1,1,,4667.5
56868,0.312,-0.031,0.759,0.477,0.022,0.256,9.793,329.47,34.12,0.3,0,0,41.021746,334.77,,1,1,1,1,,4668
56868.5,0.262,-0.176,0.88,0.361,0.06,0.218,9.705,329.57,35.04,0,0,0,42.127842,334.57,,1,1,1,1,,4668.5
56869,0.192,-0.314,0.911,0.223,0.09,0.13,9.647,329.57,35.04,0,0,0,42.127842,334.57,,1,1,1,1,,4669
56869.5,0.104,-0.426,0.859,0.078,0.111,0.03,9.6,329.47,34.12,359.9,0,0,41.021746,334.37,,1,1,1,1,,4669.5
56870,0.002,-0.508,0.735,-0.059,0.12,-0.079,9.591,329.47,34.12,359.9,0,0,41.021746,334.37,,1,1,1,1,,4670
56870.5,-0.107,-0.554,0.56,-0.168,0.114,-0.141,9.612,329.57,32.28,5.5,0,0,38.809553,340.07,,1,1,1,1,,4670.5
56871,-0.213,-0.559,0.36,-0.242,0.104,-0.169,9.662,329.57,32.28,5.5,0,0,38.809553,340.07,,1,1,1,1,,4671
56871.5,-0.301,-0.531,0.159,-0.272,0.089,-0.22,9.725,329.57,31.35,358.7,0,0,37.691434,333.27,,1,1,1,1,,4671.5
56872,-0.365,-0.474,-0.022,-0.267,0.076,-0.255,9.786,329.57,31.35,358.7,0,0,37.691434,333.27,,1,1,1,1,,4672
56872.5,-0.402,-0.399,-0.167,-0.236,0.068,-0.236,9.823,329.57,33.2,2.5,0,0,39.915649,337.07,,1,1,1,1,,4672.5
56873,-0.414,-0.312,-0.273,-0.195,0.056,-0.185,9.845,329.57,33.2,2.5,0,0,39.915649,337.07,,1,1,1,1,,4673
56873.5,-0.403,-0.224,-0.34,-0.155,0.052,-0.11,9.832,329.67,33.2,7.7,0,0,39.915649,342.37,,1,1,1,1,,4673.5
56874,-0.377,-0.136,-0.378,-0.129,0.038,-0.019,9.819,329.67,33.2,7.7,0,0,39.915649,342.37,,1,1,1,1,,4674
56874.5,-0.344,-0.056,-0.394,-0.108,0.023,0.053,9.807,329.77,32.28,3.2,0,0,38.809553,337.97,,1,1,1,1,,4674.5
56875,-0.305,0.011,-0.395,-0.095,0.009,0.09,9.794,329.77,32.28,3.2,0,0,38.809553,337.97,,1,1,1,1,,4675
56875.5,-0.275,0.063,-0.385,-0.086,0.003,0.096,9.792,329.77,34.12,7.5,0,0,41.021746,342.27,,1,1,1,1,,4675.5
56876,-0.26,0.099,-0.365,-0.068,-0.014,0.088,9.814,329.77,34.12,7.5,0,0,41.021746,342.27,,1,1,1,1,,4676
56876.5,-0.264,0.117,-0.332,-0.044,-0.013,0.047,9.835,329.87,32.28,6.2,0,0,38.809553,341.07,,1,1,1,1,,4676.5
56877,-0.292,0.115,-0.284,-0.006,-0.026,-0.022,9.876,329.87,32.28,6.2,0,0,38.809553,341.07,,1,1,1,1,,4677
56877.5,-0.339,0.092,-0.218,0.046,-0.025,-0.077,9.915,329.87,32.28,359.9,0,0,38.809553,334.77,,1,1,1,1,,4677.5
56878,-0.396,0.053,-0.131,0.111,-0.04,-0.131,9.966,329.87,32.28,359.9,0,0,38.809553,334.77,,1,1,1,1,,4678
56878.5,-0.45,-0.006,-0.022,0.181,-0.034,-0.16,9.989,329.97,32.28,0,0,0,38.809553,334.97,,1,1,1,1,,4678.5
56879,-0.493,-0.081,0.104,0.248,-0.03,-0.164,10.002,329.97,32.28,0,0,0,38.809553,334.97,,1,1,1,1,,4679
56879.5,-0.511,-0.165,0.238,0.295,-0.012,-0.128,9.981,329.97,32.28,1.3,0,0,38.809553,336.27,,1,1,1,1,,4679.5
56880,-0.498,-0.255,0.364,0.312,0.016,-0.082,9.922,329.97,32.28,1.3,0,0,38.809553,336.27,,1,1,1,1,,4680
56880.5,-0.451,-0.342,0.464,0.282,0.057,-0.037,9.834,329.97,31.35,1,0,0,37.691434,335.97,,1,1,1,1,,4680.5
56881,-0.372,-0.41,0.519,0.208,0.096,-0.006,9.731,329.97,31.35,1,0,0,37.691434,335.97,,1,1,1,1,,4681
56881.5,-0.269,-0.454,0.513,0.092,0.137,-0.002,9.623,329.97,31.35,4.5,0,0,37.691434,339.47,,1,1,1,1,,4681.5
56882,-0.147,-0.461,0.438,-0.056,0.168,-0.015,9.53,329.97,31.35,4.5,0,0,37.691434,339.47,,1,1,1,1,,4682
56882.5,-0.026,-0.432,0.295,-0.212,0.174,-0.035,9.482,329.97,31.35,2,0,0,37.691434,336.97,,1,1,1,1,,4682.5
56883,0.084,-0.363,0.099,-0.348,0.157,-0.031,9.495,329.97,31.35,2,0,0,37.691434,336.97,,1,1,1,1,,4683
56883.5,0.169,-0.261,-0.122,-0.435,0.125,-0.001,9.56,329.87,30.43,6.4,0,0,36.585338,341.27,,1,1,1,1,,4683.5
56884,0.222,-0.14,-0.336,-0.46,0.067,-0.001,9.676,329.87,30.43,6.4,0,0,36.585338,341.27,,1,1,1,1,,4684
56884.5,0.244,-0.013,-0.509,-0.41,0.007,0.017,9.82,329.97,29.33,7.5,0,0,35.262831,342.47,,1,1,1,1,,4684.5
56885,0.236,0.099,-0.61,-0.294,-0.056,0.003,9.964,329.97,29.33,7.5,0,0,35.262831,342.47,,1,1,1,1,,4685
56885.5,0.206,0.181,-0.621,-0.128,-0.101,0.005,10.093,329.97,30.43,9.1,0,0,36.585338,344.07,,1,1,1,1,,4685.5
56886,0.163,0.219,-0.535,0.068,-0.144,0.013,10.193,329.97,30.43,9.1,0,0,36.585338,344.07,,1,1,1,1,,4686
56886.5,0.108,0.205,-0.362,0.266,-0.143,0.048,10.234,330.17,31.35,2.8,0,0,37.691434,337.97,,1,1,1,1,,4686.5
56887,0.052,0.137,-0.121,0.436,-0.13,0.092,10.225,330.17,31.35,2.8,0,0,37.691434,337.97,,1,1,1,1,,4687
56887.5,-0.002,0.022,0.153,0.545,-0.083,0.137,10.137,330.17,31.35,3.1,0,0,37.691434,338.27,,1,1,1,1,,4687.5
56888,-0.053,-0.125,0.418,0.575,-0.015,0.171,9.998,330.17,31.35,3.1,0,0,37.691434,338.27,,1,1,1,1,,4688
56888.5,-0.098,-0.287,0.632,0.518,0.051,0.152,9.827,330.17,31.35,2.8,0,0,37.691434,337.97,,1,1,1,1,,4688.5
56889,-0.138,-0.439,0.759,0.376,0.122,0.121,9.647,330.17,31.35,2.8,0,0,37.691434,337.97,,1,1,1,1,,4689
56889.5,-0.172,-0.558,0.776,0.173,0.177,0.047,9.488,330.17,31.35,3.3,0,0,37.691434,338.47,,1,1,1,1,,4689.5
56890,-0.202,-0.627,0.674,-0.064,0.219,-0.041,9.38,330.17,31.35,3.3,0,0,37.691434,338.47,,1,1,1,1,,4690
56890.5,-0.229,-0.638,0.467,-0.292,0.222,-0.093,9.351,330.17,30.43,1.5,0,0,36.585338,336.67,,1,1,1,1,,4690.5
56891,-0.26,-0.588,0.186,-0.478,0.207,-0.11,9.386,330.17,30.43,1.5,0,0,36.585338,336.67,,1,1,1,1,,4691
56891.5,-0.291,-0.481,-0.129,-0.596,0.164,-0.136,9.479,330.17,31.35,359.9,0,0,37.691434,335.07,,1,1,1,1,,4691.5
56892,-0.32,-0.333,-0.433,-0.633,0.109,-0.171,9.61,330.17,31.35,359.9,0,0,37.691434,335.07,,1,1,1,1,,4692
56892.5,-0.34,-0.162,-0.684,-0.588,0.04,-0.19,9.766,330.07,32.28,3.8,0,0,38.809553,338.87,,1,1,1,1,,4692.5
56893,-0.352,0.01,-0.851,-0.47,-0.014,-0.205,9.91,330.07,32.28,3.8,0,0,38.809553,338.87,,1,1,1,1,,4693
56893.5,-0.353,0.163,-0.911,-0.292,-0.076,-0.202,10.056,330.07,33.2,3.6,0,0,39.915649,338.67,,1,1,1,1,,4693.5
56894,-0.347,0.279,-0.857,-0.077,-0.125,-0.152,10.169,330.07,33.2,3.6,0,0,39.915649,338.67,,1,1,1,1,,4694
56894.5,-0.336,0.34,-0.696,0.144,-0.153,-0.079,10.232,330.07,34.12,4.7,0,0,41.021746,339.77,,1,1,1,1,,4694.5
56895,-0.322,0.343,-0.448,0.351,-0.158,-0.015,10.261,330.07,34.12,4.7,0,0,41.021746,339.77,,1,1,1,1,,4695
56895.5,-0.315,0.284,-0.14,0.52,-0.148,0.024,10.233,330.17,33.2,6.4,0,0,39.915649,341.57,,1,1,1,1,,4695.5
56896,-0.32,0.168,0.194,0.64,-0.129,0.064,10.182,330.17,33.2,6.4,0,0,39.915649,341.57,,1,1,1,1,,4696
56896.5,-0.334,0.005,0.517,0.689,-0.078,0.095,10.071,330.27,32.28,6.5,0,0,38.809553,341.77,,1,1,1,1,,4696.5
56897,-0.354,-0.185,0.79,0.657,-0.007,0.119,9.921,330.27,32.28,6.5,0,0,38.809553,341.77,,1,1,1,1,,4697
56897.5,-0.371,-0.381,0.977,0.536,0.082,0.118,9.726,330.37,30.43,8.1,0,0,36.585338,343.47,,1,1,1,1,,4697.5
56898,-0.381,-0.559,1.048,0.339,0.163,0.085,9.542,330.37,30.43,8.1,0,0,36.585338,343.47,,1,1,1,1,,4698
56898.5,-0.368,-0.694,0.986,0.082,0.226,0.029,9.375,330.37,30.43,8.4,0,0,36.585338,343.77,,1,1,1,1,,4698.5
56899,-0.332,-0.768,0.791,-0.205,0.281,-0.031,9.255,330.37,30.43,8.4,0,0,36.585338,343.77,,1,1,1,1,,4699
56899.5,-0.27,-0.769,0.479,-0.478,0.295,-0.086,9.212,330.27,28.4,8.8,0,0,34.144712,344.07,,1,1,1,1,,4699.5
56900,-0.188,-0.698,0.087,-0.705,0.276,-0.144,9.244,330.27,28.4,8.8,0,0,34.144712,344.07,,1,1,1,1,,4700
56900.5,-0.101,-0.555,-0.336,-0.845,0.217,-0.166,9.368,330.17,28.4,5.8,0,0,34.144712,340.97,,1,1,1,1,,4700.5
56901,-0.018,-0.36,-0.734,-0.88,0.141,-0.157,9.543,330.17,28.4,5.8,0,0,34.144712,340.97,,1,1,1,1,,4701
56901.5,0.049,-0.131,-1.055,-0.802,0.045,-0.116,9.763,330.07,28.4,7.2,0,0,34.144712,342.27,,1,1,1,1,,4701.5
56902,0.101,0.098,-1.252,-0.616,-0.056,-0.062,9.997,330.07,28.4,7.2,0,0,34.144712,342.27,,1,1,1,1,,4702
56902.5,0.133,0.303,-1.294,-0.344,-0.142,-0.022,10.209,329.97,28.4,7.7,0,0,34.144712,342.67,,1,1,1,1,,4702.5
56903,0.145,0.46,-1.17,-0.021,-0.198,0.017,10.363,329.97,28.4,7.7,0,0,34.144712,342.67,,1,1,1,1,,4703
56903.5,0.143,0.545,-0.894,0.31,-0.241,0.032,10.461,329.97,29.33,7.2,0,0,35.262831,342.17,,1,1,1,1,,4703.5
56904,0.129,0.549,-0.495,0.612,-0.254,0.025,10.489,329.97,29.33,7.2,0,0,35.262831,342.17,,1,1,1,1,,4704
56904.5,0.11,0.47,-0.019,0.854,-0.234,0.041,10.451,329.97,31.35,6.3,0,0,37.691434,341.27,,1,1,1,1,,4704.5
56905,0.091,0.312,0.483,1.011,-0.19,0.094,10.348,329.97,31.35,6.3,0,0,37.691434,341.27,,1,1,1,1,,4705
56905.5,0.073,0.093,0.957,1.066,-0.122,0.14,10.181,330.07,29.33,5.9,0,0,35.262831,340.97,,1,1,1,1,,4705.5
56906,0.057,-0.169,1.347,1.007,-0.041,0.171,9.975,330.07,29.33,5.9,0,0,35.262831,340.97,,1,1,1,1,,4706
56906.5,0.039,-0.442,1.606,0.828,0.069,0.168,9.721,330.07,29.33,10,0,0,35.262831,345.07,,1,1,1,1,,4706.5
56907,0.017,-0.699,1.697,0.547,0.181,0.134,9.471,330.07,29.33,10,0,0,35.262831,345.07,,1,1,1,1,,4707
56907.5,-0.006,-0.91,1.599,0.191,0.277,0.069,9.254,330.17,27.48,5.4,0,0,33.038616,340.57,,1,1,1,1,,4707.5
56908,-0.033,-1.049,1.316,-0.2,0.336,-0.001,9.103,330.17,27.48,5.4,0,0,33.038616,340.57,,1,1,1,1,,4708
56908.5,-0.062,-1.101,0.872,-0.581,0.364,-0.062,9.027,330.07,28.4,10.4,0,0,34.144712,345.47,,1,1,1,1,,4708.5
56909,-0.087,-1.056,0.313,-0.906,0.357,-0.116,9.038,330.07,28.4,10.4,0,0,34.144712,345.47,,1,1,1,1,,4709
56909.5,-0.116,-0.92,-0.302,-1.141,0.306,-0.121,9.139,329.97,29.33,9.2,0,0,35.262831,344.17,,1,1,1,1,,4709.5
56910,-0.147,-0.702,-0.907,-1.257,0.225,-0.083,9.311,329.97,29.33,9.2,0,0,35.262831,344.17,,1,1,1,1,,4710
56910.5,-0.179,-0.428,-1.436,-1.244,0.132,-0.031,9.532,329.87,31.35,10.5,0,0,37.691434,345.37,,1,1,1,1,,4710.5
56911,-0.212,-0.127,-1.832,-1.101,0.02,0.003,9.783,329.87,31.35,10.5,0,0,37.691434,345.37,,1,1,1,1,,4711
56911.5,-0.241,0.174,-2.053,-0.857,-0.068,0.021,10,329.87,30.43,14.7,0,0,36.585338,349.57,,1,1,1,1,,4711.5
56912,-0.267,0.446,-2.077,-0.528,-0.161,0.046,10.232,329.87,30.43,14.7,0,0,36.585338,349.57,,1,1,1,1,,4712
56912.5,-0.284,0.66,-1.9,-0.143,-0.236,0.027,10.413,329.77,31.35,13.1,0,0,37.691434,347.87,,1,1,1,1,,4712.5
56913,-0.296,0.799,-1.535,0.266,-0.293,-0.021,10.574,329.77,31.35,13.1,0,0,37.691434,347.87,,1,1,1,1,,4713
56913.5,-0.303,0.84,-1.008,0.665,-0.306,-0.057,10.64,329.77,30.43,13.4,0,0,36.585338,348.17,,1,1,1,1,,4713.5
56914,-0.3,0.786,-0.368,1.007,-0.31,-0.13,10.654,329.77,30.43,13.4,0,0,36.585338,348.17,,1,1,1,1,,4714
56914.5,-0.283,0.634,0.328,1.269,-0.271,-0.193,10.565,329.67,30.43,16.1,0,0,36.585338,350.77,,1,1,1,1,,4714.5
56915,-0.25,0.398,1.013,1.402,-0.204,-0.195,10.398,329.67,30.43,16.1,0,0,36.585338,350.77,,1,1,1,1,,4715
56915.5,-0.196,0.098,1.619,1.412,-0.118,-0.194,10.195,329.67,29.33,18,0,0,35.262831,352.67,,1,1,1,1,,4715.5
56916,-0.132,-0.235,2.084,1.273,0.007,-0.15,9.902,329.67,29.33,18,0,0,35.262831,352.67,,1,1,1,1,,4716
56916.5,-0.059,-0.571,2.358,1.014,0.113,-0.063,9.654,329.57,28.4,16.5,0,0,34.144712,351.07,,1,1,1,1,,4716.5
56917,0.018,-0.88,2.411,0.643,0.244,0.005,9.352,329.57,28.4,16.5,0,0,34.144712,351.07,,1,1,1,1,,4717
56917.5,0.094,-1.126,2.23,0.208,0.319,0.078,9.154,329.57,29.33,10.9,0,0,35.262831,345.47,,1,1,1,1,,4717.5
56918,0.167,-1.29,1.832,-0.26,0.401,0.167,8.958,329.57,29.33,10.9,0,0,35.262831,345.47,,1,1,1,1,,4718
56918.5,0.228,-1.352,1.245,-0.718,0.42,0.218,8.876,329.57,26.56,12.6,0,0,31.932519,347.17,,1,1,1,1,,4718.5
56919,0.274,-1.302,0.523,-1.117,0.419,0.211,8.843,329.57,26.56,12.6,0,0,31.932519,347.17,,1,1,1,1,,4719
56919.5,0.298,-1.144,-0.271,-1.425,0.357,0.167,8.948,329.67,26.56,8.7,0,0,31.932519,343.37,,1,1,1,1,,4719.5
56920,0.302,-0.886,-1.058,-1.591,0.274,0.074,9.127,329.67,26.56,8.7,0,0,31.932519,343.37,,1,1,1,1,,4720
56920.5,0.285,-0.554,-1.762,-1.613,0.172,0.003,9.376,329.57,27.48,15.8,0,0,33.038616,350.37,,1,1,1,1,,4720.5
56921,0.247,-0.177,-2.308,-1.455,0.022,-0.002,9.721,329.57,27.48,15.8,0,0,33.038616,350.37,,1,1,1,1,,4721
56921.5,0.2,0.204,-2.633,-1.151,-0.115,-0.015,10.052,329.57,28.4,16.5,0,0,34.144712,351.07,,1,1,1,1,,4721.5
56922,0.151,0.55,-2.694,-0.696,-0.252,0.01,10.419,329.57,28.4,16.5,0,0,34.144712,351.07,,1,1,1,1,,4722
56922.5,0.112,0.822,-2.475,-0.167,-0.328,0.028,10.658,329.47,29.33,12.5,0,0,35.262831,346.97,,1,1,1,1,,4722.5
56923,0.084,0.991,-1.994,0.403,-0.412,0.032,10.888,329.47,29.33,12.5,0,0,35.262831,346.97,,1,1,1,1,,4723
56923.5,0.073,1.035,-1.292,0.93,-0.403,0.036,10.911,329.47,28.4,14.3,0,0,34.144712,348.77,,1,1,1,1,,4723.5
56924,0.074,0.95,-0.448,1.366,-0.399,0.037,10.903,329.47,28.4,14.3,0,0,34.144712,348.77,,1,1,1,1,,4724
56924.5,0.082,0.739,0.456,1.661,-0.305,0.015,10.696,329.37,28.4,9.9,0,0,34.144712,344.27,,1,1,1,1,,4724.5
56925,0.091,0.428,1.318,1.772,-0.2,0.008,10.446,329.37,28.4,9.9,0,0,34.144712,344.27,,1,1,1,1,,4725
56925.5,0.091,0.046,2.049,1.707,-0.073,-0.001,10.117,329.27,26.56,13.4,0,0,31.932519,347.67,,1,1,1,1,,4725.5
56926,0.078,-0.367,2.569,1.449,0.071,-0.042,9.746,329.27,26.56,13.4,0,0,31.932519,347.67,,1,1,1,1,,4726
56926.5,0.053,-0.762,2.822,1.048,0.204,-0.06,9.39,329.17,26.56,13.3,0,0,31.932519,347.47,,1,1,1,1,,4726.5
56927,0.016,-1.106,2.778,0.519,0.333,-0.074,9.047,329.17,26.56,13.3,0,0,31.932519,347.47,,1,1,1,1,,4727
56927.5,-0.023,-1.352,2.44,-0.058,0.403,-0.089,8.834,329.17,26.56,12.4,0,0,31.932519,346.57,,1,1,1,1,,4727.5
56928,-0.061,-1.481,1.842,-0.641,0.467,-0.027,8.664,329.17,26.56,12.4,0,0,31.932519,346.57,,1,1,1,1,,4728
56928.5,-0.094,-1.473,1.045,-1.152,0.454,0.044,8.681,329.17,26.56,11.4,0,0,31.932519,345.57,,1,1,1,1,,4728.5
56929,-0.124,-1.33,0.135,-1.546,0.423,0.081,8.763,329.17,26.56,11.4,0,0,31.932519,345.57,,1,1,1,1,,4729
56929.5,-0.156,-1.068,-0.793,-1.769,0.309,0.105,9.032,329.27,27.48,15,0,0,33.038616,349.27,,1,1,1,1,,4729.5
56930,-0.187,-0.717,-1.635,-1.803,0.207,0.092,9.313,329.27,27.48,15,0,0,33.038616,349.27,,1,1,1,1,,4730
56930.5,-0.224,-0.314,-2.306,-1.65,0.066,0.038,9.69,329.27,29.33,15.2,0,0,35.262831,349.47,,1,1,1,1,,4730.5
56931,-0.266,0.1,-2.734,-1.325,-0.049,-0.032,10.021,329.27,29.33,15.2,0,0,35.262831,349.47,,1,1,1,1,,4731
56931.5,-0.31,0.483,-2.88,-0.882,-0.177,-0.073,10.343,329.27,29.33,14.3,0,0,35.262831,348.57,,1,1,1,1,,4731.5
56932,-0.346,0.793,-2.733,-0.35,-0.283,-0.083,10.604,329.27,29.33,14.3,0,0,35.262831,348.57,,1,1,1,1,,4732
56932.5,-0.366,1.005,-2.316,0.188,-0.325,-0.113,10.729,329.17,30.43,11,0,0,36.585338,345.17,,1,1,1,1,,4732.5
56933,-0.365,1.099,-1.679,0.703,-0.38,-0.117,10.83,329.17,30.43,11,0,0,36.585338,345.17,,1,1,1,1,,4733
56933.5,-0.337,1.069,-0.884,1.136,-0.375,-0.131,10.794,329.07,29.33,11.8,0,0,35.262831,345.87,,1,1,1,1,,4733.5
56934,-0.281,0.922,-0.011,1.473,-0.36,-0.128,10.739,329.07,29.33,11.8,0,0,35.262831,345.87,,1,1,1,1,,4734
56934.5,-0.202,0.671,0.864,1.672,-0.29,-0.115,10.555,328.97,29.33,10.1,0,0,35.262831,344.07,,1,1,1,1,,4734.5
56935,-0.107,0.335,1.661,1.729,-0.211,-0.104,10.367,328.97,29.33,10.1,0,0,35.262831,344.07,,1,1,1,1,,4735
56935.5,-0.001,-0.054,2.313,1.637,-0.078,-0.091,10.075,328.87,27.48,10.5,0,0,33.038616,344.37,,1,1,1,1,,4735.5
56936,0.106,-0.462,2.759,1.4,0.041,-0.082,9.81,328.87,27.48,10.5,0,0,33.038616,344.37,,1,1,1,1,,4736
56936.5,0.21,-0.851,2.963,1.042,0.177,-0.079,9.492,328.87,25.64,11.7,0,0,30.826423,345.57,,1,1,1,1,,4736.5
56937,0.306,-1.184,2.9,0.576,0.298,-0.054,9.209,328.87,25.64,11.7,0,0,30.826423,345.57,,1,1,1,1,,4737
56937.5,0.388,-1.437,2.571,0.05,0.4,-0.003,8.949,328.87,27.48,7.9,0,0,33.038616,341.77,,1,1,1,1,,4737.5
56938,0.46,-1.573,1.996,-0.508,0.471,0.034,8.76,328.87,27.48,7.9,0,0,33.038616,341.77,,1,1,1,1,,4738
56938.5,0.516,-1.583,1.221,-1.031,0.488,0.115,8.672,328.97,28.4,11.7,0,0,34.144712,345.67,,1,1,1,1,,4738.5
56939,0.554,-1.46,0.308,-1.486,0.472,0.224,8.666,328.97,28.4,11.7,0,0,34.144712,345.67,,1,1,1,1,,4739
56939.5,0.574,-1.212,-0.662,-1.807,0.39,0.318,8.813,329.07,31.35,10.3,0,0,37.691434,344.37,,1,1,1,1,,4739.5
56940,0.575,-0.863,-1.597,-1.968,0.286,0.365,9.033,329.07,31.35,10.3,0,0,37.691434,344.37,,1,1,1,1,,4740
56940.5,0.558,-0.445,-2.405,-1.932,0.126,0.356,9.396,329.07,31.35,7.5,0,0,37.691434,341.57,,1,1,1,1,,4740.5
56941,0.52,0.002,-2.998,-1.698,-0.02,0.285,9.778,329.07,31.35,7.5,0,0,37.691434,341.57,,1,1,1,1,,4741
56941.5,0.461,0.434,-3.308,-1.266,-0.198,0.166,10.243,329.07,31.35,16.6,0,0,37.691434,350.67,,1,1,1,1,,4741.5
56942,0.387,0.798,-3.285,-0.687,-0.327,0.033,10.613,329.07,31.35,16.6,0,0,37.691434,350.67,,1,1,1,1,,4742
56942.5,0.308,1.064,-2.928,-0.034,-0.422,-0.04,10.9,328.97,32.28,13.6,0,0,38.809553,347.57,,1,1,1,1,,4742.5
56943,0.224,1.2,-2.268,0.631,-0.463,-0.087,11.077,328.97,32.28,13.6,0,0,38.809553,347.57,,1,1,1,1,,4743
56943.5,0.155,1.196,-1.376,1.213,-0.432,-0.132,11.061,328.87,30.43,12.3,0,0,36.585338,346.17,,1,1,1,1,,4743.5
56944,0.108,1.058,-0.349,1.667,-0.41,-0.155,10.975,328.87,30.43,12.3,0,0,36.585338,346.17,,1,1,1,1,,4744
56944.5,0.088,0.794,0.706,1.932,-0.303,-0.168,10.703,328.87,29.33,9.2,0,0,35.262831,343.07,,1,1,1,1,,4744.5
56945,0.092,0.441,1.673,1.987,-0.185,-0.142,10.396,328.87,29.33,9.2,0,0,35.262831,343.07,,1,1,1,1,,4745
56945.5,0.123,0.032,2.457,1.842,-0.037,-0.084,10.002,328.77,27.48,14,0,0,33.038616,347.77,,1,1,1,1,,4745.5
56946,0.181,-0.391,2.978,1.501,0.102,-0.019,9.615,328.77,27.48,14,0,0,33.038616,347.77,,1,1,1,1,,4746
56946.5,0.259,-0.782,3.188,1.018,0.243,0.069,9.251,328.77,28.4,18.1,0,0,34.144712,351.87,,1,1,1,1,,4746.5
56947,0.341,-1.103,3.07,0.437,0.354,0.105,8.96,328.77,28.4,18.1,0,0,34.144712,351.87,,1,1,1,1,,4747
56947.5,0.419,-1.326,2.647,-0.161,0.418,0.13,8.789,328.87,27.48,16,0,0,33.038616,349.87,,1,1,1,1,,4747.5
56948,0.476,-1.43,1.973,-0.729,0.45,0.122,8.708,328.87,27.48,16,0,0,33.038616,349.87,,1,1,1,1,,4748
56948.5,0.5,-1.415,1.125,-1.187,0.414,0.116,8.8,328.97,26.56,17.9,0,0,31.932519,351.87,,1,1,1,1,,4748.5
56949,0.487,-1.286,0.201,-1.5,0.358,0.159,8.964,328.97,26.56,17.9,0,0,31.932519,351.87,,1,1,1,1,,4749
56949.5,0.436,-1.062,-0.699,-1.632,0.25,0.137,9.251,328.97,26.56,9.6,0,0,31.932519,343.57,,1,1,1,1,,4749.5
56950,0.342,-0.775,-1.479,-1.589,0.145,0.096,9.531,328.97,26.56,9.6,0,0,31.932519,343.57,,1,1,1,1,,4750
56950.5,0.22,-0.458,-2.068,-1.388,0.02,0.086,9.849,329.17,25.64,14.6,0,0,30.826423,348.77,,1,1,1,1,,4750.5
56951,0.083,-0.144,-2.419,-1.063,-0.083,0.104,10.115,329.17,25.64,14.6,0,0,30.826423,348.77,,1,1,1,1,,4751
56951.5,-0.056,0.14,-2.515,-0.662,-0.155,0.108,10.329,329.07,26.56,12.3,0,0,31.932519,346.37,,1,1,1,1,,4751.5
56952,-0.184,0.369,-2.363,-0.232,-0.197,0.091,10.445,329.07,26.56,12.3,0,0,31.932519,346.37,,1,1,1,1,,4752
56952.5,-0.285,0.531,-2.006,0.165,-0.218,0.015,10.477,329.17,27.48,13.7,0,0,33.038616,347.87,,1,1,1,1,,4752.5
56953,-0.345,0.622,-1.499,0.498,-0.207,-0.071,10.427,329.17,27.48,13.7,0,0,33.038616,347.87,,1,1,1,1,,4753
56953.5,-0.364,0.64,-0.912,0.73,-0.183,-0.13,10.323,329.07,29.33,10.1,0,0,35.262831,344.17,,1,1,1,1,,4753.5
56954,-0.342,0.598,-0.308,0.872,-0.156,-0.16,10.214,329.07,29.33,10.1,0,0,35.262831,344.17,,1,1,1,1,,4754
56954.5,-0.291,0.506,0.259,0.92,-0.11,-0.167,10.079,328.97,28.4,13.2,0,0,34.144712,347.17,,1,1,1,1,,4754.5
56955,-0.224,0.373,0.746,0.897,-0.075,-0.178,9.979,328.97,28.4,13.2,0,0,34.144712,347.17,,1,1,1,1,,4755
56955.5,-0.157,0.212,1.129,0.813,-0.028,-0.164,9.866,328.87,28.4,11.5,0,0,34.144712,345.37,,1,1,1,1,,4755.5
56956,-0.097,0.036,1.391,0.69,0.006,-0.137,9.796,328.87,28.4,11.5,0,0,34.144712,345.37,,1,1,1,1,,4756
56956.5,-0.055,-0.144,1.531,0.534,0.056,-0.094,9.705,328.87,26.56,11,0,0,31.932519,344.87,,1,1,1,1,,4756.5
56957,-0.026,-0.321,1.552,0.363,0.092,-0.064,9.659,328.87,26.56,11,0,0,31.932519,344.87,,1,1,1,1,,4757
56957.5,-0.01,-0.483,1.468,0.191,0.133,-0.033,9.607,328.97,26.56,11.5,0,0,31.932519,345.47,,1,1,1,1,,4757.5
56958,-0.006,-0.626,1.293,0.018,0.157,-0.006,9.573,328.97,26.56,11.5,0,0,31.932519,345.47,,1,1,1,1,,4758
56958.5,-0.007,-0.739,1.047,-0.143,0.178,0.018,9.545,329.07,26.56,13.2,0,0,31.932519,347.27,,1,1,1,1,,4758.5
56959,-0.012,-0.813,0.748,-0.287,0.186,0.083,9.539,329.07,26.56,13.2,0,0,31.932519,347.27,,1,1,1,1,,4759
56959.5,-0.014,-0.848,0.421,-0.4,0.176,0.134,9.556,329.17,26.56,9.2,0,0,31.932519,343.37,,1,1,1,1,,4759.5
56960,-0.015,-0.836,0.087,-0.487,0.167,0.152,9.568,329.17,26.56,9.2,0,0,31.932519,343.37,,1,1,1,1,,4760
56960.5,-0.013,-0.78,-0.232,-0.536,0.138,0.157,9.615,329.17,27.48,7.1,0,0,33.038616,341.27,,1,1,1,1,,4760.5
56961,-0.008,-0.682,-0.519,-0.557,0.123,0.113,9.636,329.17,27.48,7.1,0,0,33.038616,341.27,,1,1,1,1,,4761
56961.5,-0.01,-0.551,-0.76,-0.545,0.083,0.075,9.7,329.27,28.4,11.8,0,0,34.144712,346.07,,1,1,1,1,,4761.5
56962,-0.022,-0.394,-0.943,-0.504,0.059,0.009,9.744,329.27,28.4,11.8,0,0,34.144712,346.07,,1,1,1,1,,4762
56962.5,-0.04,-0.221,-1.059,-0.43,0.015,-0.078,9.824,329.17,28.4,13.8,0,0,34.144712,347.97,,1,1,1,1,,4762.5
56963,-0.074,-0.047,-1.102,-0.329,-0.015,-0.131,9.877,329.17,28.4,13.8,0,0,34.144712,347.97,,1,1,1,1,,4763
56963.5,-0.114,0.114,-1.072,-0.208,-0.049,-0.127,9.948,329.17,29.33,12.4,0,0,35.262831,346.57,,1,1,1,1,,4763.5
56964,-0.156,0.251,-0.969,-0.07,-0.077,-0.084,10.008,329.17,29.33,12.4,0,0,35.262831,346.57,,1,1,1,1,,4764
56964.5,-0.19,0.354,-0.8,0.076,-0.102,-0.032,10.072,329.17,29.33,14,0,0,35.262831,348.17,,1,1,1,1,,4764.5
56965,-0.212,0.408,-0.574,0.222,-0.111,0.02,10.101,329.17,29.33,14,0,0,35.262831,348.17,,1,1,1,1,,4765
56965.5,-0.215,0.419,-0.308,0.351,-0.115,0.048,10.116,329.17,28.4,14.4,0,0,34.144712,348.57,,1,1,1,1,,4765.5
56966,-0.195,0.374,-0.02,0.458,-0.104,0.016,10.105,329.17,28.4,14.4,0,0,34.144712,348.57,,1,1,1,1,,4766
56966.5,-0.152,0.283,0.268,0.523,-0.078,-0.025,10.053,329.07,28.4,12.7,0,0,34.144712,346.77,,1,1,1,1,,4766.5
56967,-0.089,0.154,0.532,0.546,-0.048,-0.076,9.988,329.07,28.4,12.7,0,0,34.144712,346.77,,1,1,1,1,,4767
56967.5,-0.02,-0.004,0.748,0.512,0,-0.098,9.88,329.17,28.4,14,0,0,34.144712,348.17,,1,1,1,1,,4767.5
56968,0.046,-0.174,0.893,0.424,0.055,-0.106,9.768,329.17,28.4,14,0,0,34.144712,348.17,,1,1,1,1,,4768
56968.5,0.096,-0.336,0.953,0.29,0.103,-0.064,9.659,329.17,28.4,16.9,0,0,34.144712,351.07,,1,1,1,1,,4768.5
56969,0.12,-0.477,0.922,0.137,0.128,-0.003,9.602,329.17,28.4,16.9,0,0,34.144712,351.07,,1,1,1,1,,4769
56969.5,0.114,-0.586,0.811,-0.013,0.147,0.041,9.582,329.07,28.4,16.9,0,0,34.144712,350.97,,1,1,1,1,,4769.5
56970,0.076,-0.654,0.639,-0.138,0.149,0.07,9.6,329.07,28.4,16.9,0,0,34.144712,350.97,,1,1,1,1,,4770
56970.5,0.016,-0.683,0.433,-0.226,0.135,0.061,9.642,329.17,27.48,14.6,0,0,33.038616,348.77,,1,1,1,1,,4770.5
56971,-0.057,-0.672,0.219,-0.274,0.116,0.053,9.699,329.17,27.48,14.6,0,0,33.038616,348.77,,1,1,1,1,,4771
56971.5,-0.135,-0.631,0.017,-0.289,0.099,0.049,9.745,329.17,27.48,15.7,0,0,33.038616,349.87,,1,1,1,1,,4771.5
56972,-0.205,-0.563,-0.157,-0.279,0.078,0.072,9.788,329.17,27.48,15.7,0,0,33.038616,349.87,,1,1,1,1,,4772
56972.5,-0.263,-0.478,-0.295,-0.25,0.066,0.071,9.812,329.37,25.64,12.3,0,0,30.826423,346.67,,1,1,1,1,,4772.5
56973,-0.301,-0.381,-0.394,-0.214,0.05,0.019,9.828,329.37,25.64,12.3,0,0,30.826423,346.67,,1,1,1,1,,4773
56973.5,-0.319,-0.281,-0.454,-0.171,0.026,-0.04,9.842,329.37,25.64,14.7,0,0,30.826423,349.07,,1,1,1,1,,4773.5
56974,-0.318,-0.182,-0.48,-0.135,0.016,-0.124,9.829,329.37,25.64,14.7,0,0,30.826423,349.07,,1,1,1,1,,4774
56974.5,-0.303,-0.093,-0.481,-0.105,0.009,-0.162,9.815,329.37,26.56,17.4,0,0,31.932519,351.77,,1,1,1,1,,4774.5
56975,-0.272,-0.013,-0.464,-0.09,0.003,-0.19,9.788,329.37,26.56,17.4,0,0,31.932519,351.77,,1,1,1,1,,4775
56975.5,-0.224,0.053,-0.437,-0.076,-0.023,-0.163,9.801,329.17,25.64,17.8,0,0,30.826423,351.97,,1,1,1,1,,4775.5
56976,-0.165,0.101,-0.401,-0.063,-0.021,-0.134,9.798,329.17,25.64,17.8,0,0,30.826423,351.97,,1,1,1,1,,4776
56976.5,-0.089,0.133,-0.355,-0.038,-0.032,-0.059,9.829,329.17,26.56,18.9,0,0,31.932519,353.07,,1,1,1,1,,4776.5
56977,-0.009,0.145,-0.296,-0.002,-0.047,0.022,9.865,329.17,26.56,18.9,0,0,31.932519,353.07,,1,1,1,1,,4777
56977.5,0.066,0.131,-0.222,0.046,-0.054,0.09,9.912,329.17,26.56,18.8,0,0,31.932519,352.97,,1,1,1,1,,4777.5
56978,0.129,0.096,-0.129,0.105,-0.043,0.153,9.94,329.17,26.56,18.8,0,0,31.932519,352.97,,1,1,1,1,,4778
56978.5,0.162,0.039,-0.019,0.17,-0.035,0.148,9.979,329.07,26.56,17.6,0,0,31.932519,351.67,,1,1,1,1,,4778.5
56979,0.163,-0.044,0.107,0.234,-0.012,0.11,9.989,329.07,26.56,17.6,0,0,31.932519,351.67,,1,1,1,1,,4779
56979.5,0.134,-0.139,0.239,0.279,0.019,0.044,9.968,329.07,25.64,14.4,0,0,30.826423,348.47,,1,1,1,1,,4779.5
56980,0.085,-0.243,0.364,0.296,0.049,0.013,9.915,329.07,25.64,14.4,0,0,30.826423,348.47,,1,1,1,1,,4780
56980.5,0.027,-0.344,0.462,0.266,0.087,-0.002,9.829,329.07,25.64,18.4,0,0,30.826423,352.47,,1,1,1,1,,4780.5
56981,-0.036,-0.431,0.517,0.2,0.117,-0.051,9.74,329.07,25.64,18.4,0,0,30.826423,352.47,,1,1,1,1,,4781
56981.5,-0.094,-0.495,0.515,0.091,0.139,-0.06,9.642,329.17,27.48,16.9,0,0,33.038616,351.07,,1,1,1,1,,4781.5
56982,-0.147,-0.522,0.452,-0.023,0.124,-0.068,9.621,329.17,27.48,16.9,0,0,33.038616,351.07,,1,1,1,1,,4782
56982.5,-0.188,-0.516,0.34,-0.13,0.112,-0.071,9.608,329.17,28.4,15.3,0,0,34.144712,349.47,,1,1,1,1,,4782.5
56983,-0.212,-0.47,0.198,-0.195,0.06,-0.035,9.691,329.17,28.4,15.3,0,0,34.144712,349.47,,1,1,1,1,,4783
56983.5,-0.222,-0.398,0.054,-0.216,0.031,-0.003,9.745,329.17,29.33,11.2,0,0,35.262831,345.37,,1,1,1,1,,4783.5
56984,-0.219,-0.312,-0.07,-0.194,-0.01,-0.011,9.847,329.17,29.33,11.2,0,0,35.262831,345.37,,1,1,1,1,,4784
56984.5,-0.207,-0.227,-0.155,-0.134,-0.03,-0.021,9.903,329.17,29.33,13.1,0,0,35.262831,347.27,,1,1,1,1,,4784.5
56985,-0.193,-0.153,-0.193,-0.056,-0.049,-0.049,9.971,329.17,29.33,13.1,0,0,35.262831,347.27,,1,1,1,1,,4785
56985.5,-0.176,-0.1,-0.183,0.034,-0.041,-0.064,9.99,329.17,29.33,16.8,0,0,35.262831,350.97,,1,1,1,1,,4785.5
56986,-0.16,-0.076,-0.135,0.1,-0.017,-0.069,9.961,329.17,29.33,16.8,0,0,35.262831,350.97,,1,1,1,1,,4786
56986.5,-0.146,-0.083,-0.068,0.138,0.001,-0.062,9.903,329.07,26.56,17.4,0,0,31.932519,351.47,,1,1,1,1,,4786.5
56987,-0.137,-0.111,-0.006,0.111,0.054,-0.062,9.762,329.07,26.56,17.4,0,0,31.932519,351.47,,1,1,1,1,,4787
56987.5,-0.136,-0.151,0.02,0.03,0.085,-0.04,9.646,329.17,27.48,14.8,0,0,33.038616,348.97,,1,1,1,1,,4787.5
56988,-0.147,-0.191,-0.008,-0.101,0.125,0.012,9.518,329.17,27.48,14.8,0,0,33.038616,348.97,,1,1,1,1,,4788
56988.5,-0.167,-0.209,-0.098,-0.246,0.131,0.055,9.475,329.17,26.56,21,0,0,31.932519,355.17,,1,1,1,1,,4788.5
56989,-0.195,-0.198,-0.237,-0.372,0.125,0.097,9.474,329.17,26.56,21,0,0,31.932519,355.17,,1,1,1,1,,4789
56989.5,-0.222,-0.156,-0.401,-0.448,0.087,0.068,9.568,329.17,28.4,19.8,0,0,34.144712,353.97,,1,1,1,1,,4789.5
56990,-0.245,-0.088,-0.552,-0.445,0.043,0.02,9.707,329.17,28.4,19.8,0,0,34.144712,353.97,,1,1,1,1,,4790
56990.5,-0.259,-0.007,-0.65,-0.347,-0.043,-0.076,9.927,329.07,29.33,19.3,0,0,35.262831,353.37,,1,1,1,1,,4790.5
56991,-0.257,0.068,-0.656,-0.157,-0.114,-0.15,10.143,329.07,29.33,19.3,0,0,35.262831,353.37,,1,1,1,1,,4791
56991.5,-0.24,0.12,-0.546,0.094,-0.15,-0.189,10.302,329.07,28.4,13.3,0,0,34.144712,347.37,,1,1,1,1,,4791.5
56992,-0.207,0.134,-0.321,0.366,-0.176,-0.154,10.404,329.07,28.4,13.3,0,0,34.144712,347.37,,1,1,1,1,,4792
56992.5,-0.162,0.098,0,0.612,-0.166,-0.14,10.413,329.07,29.33,18,0,0,35.262831,352.07,,1,1,1,1,,4792.5
56993,-0.107,0.014,0.374,0.789,-0.124,-0.136,10.33,329.07,29.33,18,0,0,35.262831,352.07,,1,1,1,1,,4793
56993.5,-0.049,-0.113,0.75,0.872,-0.065,-0.069,10.175,329.07,28.4,13.8,0,0,34.144712,347.87,,1,1,1,1,,4793.5
56994,0.007,-0.265,1.071,0.83,0.017,-0.018,9.937,329.07,28.4,13.8,0,0,34.144712,347.87,,1,1,1,1,,4794
56994.5,0.063,-0.424,1.281,0.666,0.098,0.05,9.685,329.17,29.33,12.7,0,0,35.262831,346.87,,1,1,1,1,,4794.5
56995,0.115,-0.568,1.339,0.392,0.185,0.094,9.418,329.17,29.33,12.7,0,0,35.262831,346.87,,1,1,1,1,,4795
56995.5,0.162,-0.674,1.223,0.051,0.235,0.105,9.228,329.17,28.4,13.6,0,0,34.144712,347.77,,1,1,1,1,,4795.5
56996,0.203,-0.726,0.94,-0.316,0.271,0.096,9.088,329.17,28.4,13.6,0,0,34.144712,347.77,,1,1,1,1,,4796
56996.5,0.234,-0.71,0.514,-0.663,0.272,0.085,9.052,329.17,27.48,8.4,0,0,33.038616,342.57,,1,1,1,1,,4796.5
56997,0.248,-0.624,-0.005,-0.941,0.253,0.078,9.097,329.17,27.48,8.4,0,0,33.038616,342.57,,1,1,1,1,,4797
56997.5,0.242,-0.474,-0.555,-1.11,0.19,0.063,9.26,329.27,28.4,7.7,0,0,34.144712,341.97,,1,1,1,1,,4797.5
56998,0.215,-0.282,-1.064,-1.139,0.109,0.087,9.499,329.27,28.4,7.7,0,0,34.144712,341.97,,1,1,1,1,,4798
56998.5,0.17,-0.062,-1.463,-1.018,0.007,0.086,9.792,329.27,29.33,8.2,0,0,35.262831,342.47,,1,1,1,1,,4798.5
56999,0.108,0.149,-1.693,-0.754,-0.111,0.068,10.116,329.27,29.33,8.2,0,0,35.262831,342.47,,1,1,1,1,,4799
56999.5,0.04,0.325,-1.713,-0.379,-0.199,0.035,10.384,329.17,28.4,12.3,0,0,34.144712,346.47,,1,1,1,1,,4799.5
57000,-0.035,0.441,-1.517,0.052,-0.263,-0.033,10.593,329.17,28.4,12.3,0,0,34.144712,346.47,,1,1,1,1,,4800
57000.5,-0.112,0.481,-1.121,0.488,-0.282,-0.028,10.677,329.17,28.4,11.7,0,0,34.144712,345.87,,1,1,1,1,,4800.5
57001,-0.179,0.438,-0.576,0.859,-0.272,-0.018,10.661,329.17,28.4,11.7,0,0,34.144712,345.87,,1,1,1,1,,4801
57001.5,-0.236,0.32,0.049,1.125,-0.22,-0.052,10.524,329.17,27.48,12.7,0,0,33.038616,346.87,,1,1,1,1,,4801.5
57002,-0.282,0.143,0.672,1.234,-0.133,-0.078,10.282,329.17,27.48,12.7,0,0,33.038616,346.87,,1,1,1,1,,4802
57002.5,-0.308,-0.07,1.211,1.191,-0.037,-0.086,10.007,329.17,26.56,14.4,0,0,31.932519,348.57,,1,1,1,1,,4802.5
57003,-0.313,-0.291,1.597,0.987,0.08,-0.13,9.679,329.17,26.56,14.4,0,0,31.932519,348.57,,1,1,1,1,,4803
57003.5,-0.297,-0.49,1.778,0.661,0.178,-0.163,9.396,329.17,26.56,18.5,0,0,31.932519,352.67,,1,1,1,1,,4803.5
57004,-0.265,-0.641,1.734,0.248,0.265,-0.156,9.15,329.17,26.56,18.5,0,0,31.932519,352.67,,1,1,1,1,,4804
57004.5,-0.224,-0.73,1.471,-0.187,0.302,-0.16,9.023,329.27,25.64,22.6,0,0,30.826423,356.87,,1,1,1,1,,4804.5
57005,-0.179,-0.742,1.027,-0.593,0.316,-0.122,8.977,329.27,25.64,22.6,0,0,30.826423,356.87,,1,1,1,1,,4805
57005.5,-0.14,-0.683,0.46,-0.913,0.277,-0.031,9.067,329.37,25.64,22.9,0,0,30.826423,357.27,,1,1,1,1,,4805.5
57006,-0.113,-0.557,-0.154,-1.115,0.233,0.058,9.214,329.37,25.64,22.9,0,0,30.826423,357.27,,1,1,1,1,,4806
57006.5,-0.1,-0.383,-0.739,-1.173,0.149,0.12,9.456,329.47,27.48,18.7,0,0,33.038616,353.17,,1,1,1,1,,4806.5
57007,-0.108,-0.188,-1.222,-1.085,0.054,0.113,9.722,329.47,27.48,18.7,0,0,33.038616,353.17,,1,1,1,1,,4807
57007.5,-0.129,0.003,-1.546,-0.867,-0.042,0.098,10.004,329.47,28.4,18.1,0,0,34.144712,352.57,,1,1,1,1,,4807.5
57008,-0.162,0.167,-1.673,-0.544,-0.127,0.05,10.248,329.47,28.4,18.1,0,0,34.144712,352.57,,1,1,1,1,,4808
57008.5,-0.202,0.284,-1.593,-0.168,-0.194,0.011,10.426,329.47,28.4,16.1,0,0,34.144712,350.57,,1,1,1,1,,4808.5
57009,-0.235,0.343,-1.321,0.224,-0.236,-0.003,10.536,329.47,28.4,16.1,0,0,34.144712,350.57,,1,1,1,1,,4809
57009.5,-0.256,0.338,-0.893,0.578,-0.245,0.006,10.56,329.47,28.4,16.4,0,0,34.144712,350.87,,1,1,1,1,,4809.5
57010,-0.258,0.273,-0.362,0.864,-0.228,-0.005,10.504,329.47,28.4,16.4,0,0,34.144712,350.87,,1,1,1,1,,4810
57010.5,-0.235,0.156,0.207,1.045,-0.175,-0.035,10.368,329.47,28.4,12,0,0,34.144712,346.47,,1,1,1,1,,4810.5
57011,-0.187,0.002,0.749,1.111,-0.116,-0.069,10.199,329.47,28.4,12,0,0,34.144712,346.47,,1,1,1,1,,4811
57011.5,-0.127,-0.17,1.205,1.055,-0.031,-0.121,9.974,329.37,29.33,14.8,0,0,35.262831,349.17,,1,1,1,1,,4811.5
57012,-0.052,-0.343,1.524,0.885,0.06,-0.211,9.737,329.37,29.33,14.8,0,0,35.262831,349.17,,1,1,1,1,,4812
57012.5,0.032,-0.496,1.672,0.611,0.145,-0.265,9.493,329.27,29.33,14.3,0,0,35.262831,348.57,,1,1,1,1,,4812.5
57013,0.126,-0.613,1.626,0.26,0.224,-0.263,9.28,329.27,29.33,14.3,0,0,35.262831,348.57,,1,1,1,1,,4813
57013.5,0.226,-0.677,1.388,-0.135,0.292,-0.206,9.088,329.27,29.33,13.3,0,0,35.262831,347.57,,1,1,1,1,,4813.5
57014,0.332,-0.682,0.977,-0.529,0.303,-0.108,9.005,329.27,29.33,13.3,0,0,35.262831,347.57,,1,1,1,1,,4814
57014.5,0.44,-0.622,0.438,-0.87,0.28,0.013,9.021,329.47,29.33,14.9,0,0,35.262831,349.37,,1,1,1,1,,4814.5
57015,0.541,-0.506,-0.167,-1.113,0.242,0.172,9.134,329.47,29.33,14.9,0,0,35.262831,349.37,,1,1,1,1,,4815
57015.5,0.628,-0.346,-0.766,-1.224,0.166,0.308,9.327,329.67,29.33,19.8,0,0,35.262831,354.47,,1,1,1,1,,4815.5
57016,0.688,-0.163,-1.288,-1.196,0.075,0.415,9.578,329.67,29.33,19.8,0,0,35.262831,354.47,,1,1,1,1,,4816
57016.5,0.707,0.024,-1.67,-1.027,-0.008,0.491,9.851,329.77,29.33,15.9,0,0,35.262831,350.67,,1,1,1,1,,4816.5
57017,0.681,0.193,-1.865,-0.741,-0.113,0.463,10.13,329.77,29.33,15.9,0,0,35.262831,350.67,,1,1,1,1,,4817
57017.5,0.604,0.321,-1.845,-0.349,-0.2,0.377,10.405,329.77,30.43,9.7,0,0,36.585338,344.47,,1,1,1,1,,4817.5
57018,0.488,0.398,-1.609,0.077,-0.23,0.245,10.56,329.77,30.43,9.7,0,0,36.585338,344.47,,1,1,1,1,,4818
57018.5,0.348,0.408,-1.178,0.524,-0.285,0.116,10.72,329.77,29.33,17.9,0,0,35.262831,352.67,,1,1,1,1,,4818.5
57019,0.205,0.352,-0.599,0.886,-0.229,0.005,10.624,329.77,29.33,17.9,0,0,35.262831,352.67,,1,1,1,1,,4819
57019.5,0.087,0.239,0.053,1.163,-0.218,-0.113,10.592,329.77,27.48,15.1,0,0,33.038616,349.87,,1,1,1,1,,4819.5
57020,0.007,0.074,0.708,1.285,-0.091,-0.215,10.288,329.77,27.48,15.1,0,0,33.038616,349.87,,1,1,1,1,,4820
57020.5,-0.021,-0.113,1.278,1.261,-0.044,-0.247,10.11,329.67,28.4,17.1,0,0,34.144712,351.77,,1,1,1,1,,4820.5
57021,0.006,-0.309,1.706,1.094,0.09,-0.238,9.752,329.67,28.4,17.1,0,0,34.144712,351.77,,1,1,1,1,,4821
57021.5,0.085,-0.481,1.934,0.796,0.144,-0.236,9.527,329.57,28.4,17.6,0,0,34.144712,352.17,,1,1,1,1,,4821.5
57022,0.209,-0.618,1.948,0.426,0.227,-0.199,9.265,329.57,28.4,17.6,0,0,34.144712,352.17,,1,1,1,1,,4822
57022.5,0.356,-0.695,1.74,-0.005,0.273,-0.116,9.104,329.57,28.4,18.9,0,0,34.144712,353.47,,1,1,1,1,,4822.5
57023,0.514,-0.715,1.344,-0.398,0.27,-0.017,9.054,329.57,28.4,18.9,0,0,34.144712,353.47,,1,1,1,1,,4823
57023.5,0.659,-0.669,0.807,-0.758,0.259,0.074,9.053,329.67,27.48,18.4,0,0,33.038616,353.07,,1,1,1,1,,4823.5
57024,0.771,-0.573,0.197,-0.991,0.192,0.179,9.207,329.67,27.48,18.4,0,0,33.038616,353.07,,1,1,1,1,,4824
57024.5,0.839,-0.443,-0.414,-1.124,0.158,0.28,9.322,329.77,29.33,24.5,0,0,35.262831,359.27,,1,1,1,1,,4824.5
57025,0.851,-0.294,-0.962,-1.122,0.053,0.31,9.573,329.77,29.33,24.5,0,0,35.262831,359.27,,1,1,1,1,,4825
57025.5,0.813,-0.139,-1.393,-1.023,0.029,0.305,9.716,330.07,31.35,13.2,0,0,37.691434,348.27,,1,1,1,1,,4825.5
57026,0.726,0.008,-1.673,-0.82,-0.055,0.309,9.973,330.07,31.35,13.2,0,0,37.691434,348.27,,1,1,1,1,,4826
57026.5,0.602,0.132,-1.775,-0.552,-0.081,0.32,10.109,330.17,31.35,10.5,0,0,37.691434,345.67,,1,1,1,1,,4826.5
57027,0.451,0.227,-1.702,-0.238,-0.125,0.337,10.29,330.17,31.35,10.5,0,0,37.691434,345.67,,1,1,1,1,,4827
57027.5,0.29,0.28,-1.462,0.092,-0.14,0.347,10.362,330.27,31.35,8.7,0,0,37.691434,343.97,,1,1,1,1,,4827.5
57028,0.126,0.298,-1.088,0.393,-0.152,0.312,10.412,330.27,31.35,8.7,0,0,37.691434,343.97,,1,1,1,1,,4828
57028.5,-0.022,0.276,-0.621,0.641,-0.114,0.191,10.35,330.27,30.43,4,0,0,36.585338,339.27,,1,1,1,1,,4828.5
57029,-0.148,0.219,-0.118,0.8,-0.089,0.033,10.257,330.27,30.43,4,0,0,36.585338,339.27,,1,1,1,1,,4829
57029.5,-0.239,0.139,0.372,0.882,-0.059,-0.121,10.147,330.17,29.33,6.5,0,0,35.262831,341.67,,1,1,1,1,,4829.5
57030,-0.283,0.041,0.801,0.868,-0.006,-0.269,9.998,330.17,29.33,6.5,0,0,35.262831,341.67,,1,1,1,1,,4830
57030.5,-0.277,-0.064,1.138,0.797,0.018,-0.389,9.893,329.97,29.33,10.7,0,0,35.262831,345.67,,1,1,1,1,,4830.5
57031,-0.219,-0.172,1.362,0.664,0.053,-0.482,9.773,329.97,29.33,10.7,0,0,35.262831,345.67,,1,1,1,1,,4831
57031.5,-0.117,-0.275,1.466,0.507,0.062,-0.461,9.713,329.77,30.43,9.1,0,0,36.585338,343.87,,1,1,1,1,,4831.5
57032,0.02,-0.371,1.452,0.31,0.116,-0.356,9.581,329.77,30.43,9.1,0,0,36.585338,343.87,,1,1,1,1,,4832
57032.5,0.167,-0.454,1.324,0.109,0.112,-0.231,9.546,329.67,29.33,9.2,0,0,35.262831,343.87,,1,1,1,1,,4832.5
57033,0.307,-0.525,1.099,-0.105,0.14,-0.062,9.442,329.67,29.33,9.2,0,0,35.262831,343.87,,1,1,1,1,,4833
57033.5,0.415,-0.569,0.791,-0.31,0.136,0.12,9.421,329.77,29.33,10.5,0,0,35.262831,345.27,,1,1,1,1,,4833.5
57034,0.483,-0.588,0.422,-0.508,0.165,0.294,9.34,329.77,29.33,10.5,0,0,35.262831,345.27,,1,1,1,1,,4834
57034.5,0.495,-0.567,0.011,-0.676,0.149,0.399,9.384,329.97,29.33,13.8,0,0,35.262831,348.77,,1,1,1,1,,4834.5
57035,0.453,-0.509,-0.406,-0.788,0.151,0.469,9.408,329.97,29.33,13.8,0,0,35.262831,348.77,,1,1,1,1,,4835
57035.5,0.358,-0.419,-0.796,-0.831,0.092,0.465,9.553,330.37,28.4,6.8,0,0,34.144712,342.17,,1,1,1,1,,4835.5
57036,0.217,-0.299,-1.116,-0.785,0.07,0.354,9.687,330.37,28.4,6.8,0,0,34.144712,342.17,,1,1,1,1,,4836
57036.5,0.045,-0.163,-1.339,-0.675,0.038,0.238,9.833,330.47,28.4,4.4,0,0,34.144712,339.87,,1,1,1,1,,4836.5
57037,-0.135,-0.024,-1.44,-0.491,-0.017,0.114,9.986,330.47,28.4,4.4,0,0,34.144712,339.87,,1,1,1,1,,4837
57037.5,-0.299,0.108,-1.414,-0.286,-0.036,-0.049,10.075,330.37,27.48,5.1,0,0,33.038616,340.47,,1,1,1,1,,4837.5
57038,-0.431,0.22,-1.267,-0.048,-0.071,-0.169,10.173,330.37,27.48,5.1,0,0,33.038616,340.47,,1,1,1,1,,4838
57038.5,-0.502,0.302,-1.015,0.172,-0.087,-0.238,10.191,330.27,28.4,6.5,0,0,34.144712,341.77,,1,1,1,1,,4838.5
57039,-0.506,0.351,-0.684,0.38,-0.11,-0.275,10.242,330.27,28.4,6.5,0,0,34.144712,341.77,,1,1,1,1,,4839
57039.5,-0.439,0.358,-0.301,0.545,-0.099,-0.274,10.195,329.97,27.48,5.5,0,0,33.038616,340.47,,1,1,1,1,,4839.5
57040,-0.312,0.327,0.098,0.674,-0.11,-0.248,10.208,329.97,27.48,5.5,0,0,33.038616,340.47,,1,1,1,1,,4840
57040.5,-0.143,0.259,0.488,0.748,-0.072,-0.184,10.114,329.77,28.4,6.9,0,0,34.144712,341.67,,1,1,1,1,,4840.5
57041,0.046,0.16,0.836,0.768,-0.063,-0.099,10.066,329.77,28.4,6.9,0,0,34.144712,341.67,,1,1,1,1,,4841
57041.5,0.226,0.031,1.12,0.732,-0.016,-0.011,9.936,329.77,29.33,8.4,0,0,35.262831,343.17,,1,1,1,1,,4841.5
57042,0.373,-0.113,1.313,0.628,0.019,0.052,9.83,329.77,29.33,8.4,0,0,35.262831,343.17,,1,1,1,1,,4842
57042.5,0.465,-0.269,1.401,0.479,0.07,0.085,9.683,329.77,29.33,6.1,0,0,35.262831,340.87,,1,1,1,1,,4842.5
57043,0.493,-0.416,1.371,0.27,0.108,0.116,9.556,329.77,29.33,6.1,0,0,35.262831,340.87,,1,1,1,1,,4843
57043.5,0.452,-0.542,1.223,0.043,0.144,0.135,9.459,329.87,31.35,8.8,0,0,37.691434,343.67,,1,1,1,1,,4843.5
57044,0.35,-0.638,0.968,-0.201,0.18,0.161,9.373,329.87,31.35,8.8,0,0,37.691434,343.67,,1,1,1,1,,4844
57044.5,0.202,-0.69,0.629,-0.405,0.168,0.169,9.4,330.07,29.33,9.3,0,0,35.262831,344.37,,1,1,1,1,,4844.5
57045,0.033,-0.7,0.242,-0.575,0.177,0.148,9.405,330.07,29.33,9.3,0,0,35.262831,344.37,,1,1,1,1,,4845
57045.5,-0.141,-0.663,-0.158,-0.676,0.144,0.129,9.511,330.17,28.4,10.1,0,0,34.144712,345.27,,1,1,1,1,,4845.5
57046,-0.295,-0.588,-0.531,-0.721,0.136,0.092,9.565,330.17,28.4,10.1,0,0,34.144712,345.27,,1,1,1,1,,4846
57046.5,-0.409,-0.482,-0.85,-0.699,0.088,0.042,9.701,330.17,28.4,8.4,0,0,34.144712,343.57,,1,1,1,1,,4846.5
57047,-0.477,-0.355,-1.087,-0.625,0.08,-0.009,9.766,330.17,28.4,8.4,0,0,34.144712,343.57,,1,1,1,1,,4847
57047.5,-0.501,-0.209,-1.231,-0.509,0.033,-0.053,9.881,330.17,27.48,7.7,0,0,33.038616,342.87,,1,1,1,1,,4847.5
57048,-0.478,-0.065,-1.273,-0.36,-0.001,-0.093,9.951,330.17,27.48,7.7,0,0,33.038616,342.87,,1,1,1,1,,4848
57048.5,-0.425,0.073,-1.219,-0.202,-0.025,-0.15,10.019,329.97,28.4,9.8,0,0,34.144712,344.77,,1,1,1,1,,4848.5
57049,-0.343,0.197,-1.076,-0.024,-0.045,-0.172,10.077,329.97,28.4,9.8,0,0,34.144712,344.77,,1,1,1,1,,4849
57049.5,-0.253,0.296,-0.857,0.141,-0.06,-0.203,10.103,329.77,28.4,8.9,0,0,34.144712,343.67,,1,1,1,1,,4849.5
57050,-0.162,0.362,-0.582,0.299,-0.087,-0.208,10.142,329.77,28.4,8.9,0,0,34.144712,343.67,,1,1,1,1,,4850
57050.5,-0.083,0.395,-0.271,0.417,-0.07,-0.189,10.092,329.67,29.33,8.5,0,0,35.262831,343.17,,1,1,1,1,,4850.5
57051,-0.023,0.388,0.047,0.506,-0.081,-0.123,10.082,329.67,29.33,8.5,0,0,35.262831,343.17,,1,1,1,1,,4851
57051.5,0.013,0.343,0.35,0.545,-0.064,-0.009,9.998,329.57,28.4,10.5,0,0,34.144712,345.07,,1,1,1,1,,4851.5
57052,0.029,0.266,0.614,0.553,-0.076,0.057,9.988,329.57,28.4,10.5,0,0,34.144712,345.07,,1,1,1,1,,4852
57052.5,0.029,0.157,0.828,0.526,-0.039,0.125,9.902,329.67,27.48,10.7,0,0,33.038616,345.37,,1,1,1,1,,4852.5
57053,0.023,0.024,0.981,0.477,-0.037,0.134,9.896,329.67,27.48,10.7,0,0,33.038616,345.37,,1,1,1,1,,4853
57053.5,0.018,-0.129,1.073,0.415,0.001,0.106,9.838,329.67,27.48,9.8,0,0,33.038616,344.47,,1,1,1,1,,4853.5
57054,0.028,-0.29,1.101,0.333,0.024,0.085,9.816,329.67,27.48,9.8,0,0,33.038616,344.47,,1,1,1,1,,4854
57054.5,0.049,-0.454,1.071,0.239,0.071,0.083,9.737,329.67,28.4,13.4,0,0,34.144712,348.07,,1,1,1,1,,4854.5
57055,0.079,-0.605,0.974,0.107,0.12,0.088,9.655,329.67,28.4,13.4,0,0,34.144712,348.07,,1,1,1,1,,4855
57055.5,0.113,-0.731,0.813,-0.037,0.167,0.093,9.567,329.67,29.33,15.2,0,0,35.262831,349.87,,1,1,1,1,,4855.5
57056,0.139,-0.815,0.586,-0.219,0.219,0.088,9.451,329.67,29.33,15.2,0,0,35.262831,349.87,,1,1,1,1,,4856
57056.5,0.153,-0.845,0.298,-0.398,0.227,0.066,9.407,329.67,29.33,14.6,0,0,35.262831,349.27,,1,1,1,1,,4856.5
57057,0.148,-0.815,-0.038,-0.578,0.25,0.015,9.343,329.67,29.33,14.6,0,0,35.262831,349.27,,1,1,1,1,,4857
57057.5,0.127,-0.718,-0.4,-0.708,0.208,-0.026,9.414,329.57,29.33,13.2,0,0,35.262831,347.77,,1,1,1,1,,4857.5
57058,0.098,-0.564,-0.754,-0.791,0.189,-0.07,9.448,329.57,29.33,13.2,0,0,35.262831,347.77,,1,1,1,1,,4858
57058.5,0.062,-0.363,-1.068,-0.796,0.114,-0.093,9.605,329.47,28.4,15,0,0,34.144712,349.47,,1,1,1,1,,4858.5
57059,0.029,-0.133,-1.305,-0.728,0.064,-0.096,9.72,329.47,28.4,15,0,0,34.144712,349.47,,1,1,1,1,,4859
57059.5,0.003,0.108,-1.44,-0.58,-0.027,-0.059,9.927,329.37,29.33,16.8,0,0,35.262831,351.17,,1,1,1,1,,4859.5
57060,-0.016,0.328,-1.447,-0.36,-0.087,-0.002,10.076,329.37,29.33,16.8,0,0,35.262831,351.17,,1,1,1,1,,4860
57060.5,-0.034,0.511,-1.317,-0.088,-0.174,0.045,10.273,329.37,28.4,11,0,0,34.144712,345.37,,1,1,1,1,,4860.5
57061,-0.053,0.626,-1.047,0.228,-0.224,0.077,10.402,329.37,28.4,11,0,0,34.144712,345.37,,1,1,1,1,,4861
57061.5,-0.075,0.661,-0.655,0.531,-0.25,0.063,10.476,329.27,29.33,8.2,0,0,35.262831,342.47,,1,1,1,1,,4861.5
57062,-0.099,0.608,-0.172,0.81,-0.262,0.02,10.5,329.27,29.33,8.2,0,0,35.262831,342.47,,1,1,1,1,,4862
57062.5,-0.125,0.469,0.356,1.005,-0.218,-0.019,10.404,329.27,27.48,9,0,0,33.038616,343.27,,1,1,1,1,,4862.5
57063,-0.149,0.257,0.874,1.108,-0.168,-0.043,10.279,329.27,27.48,9,0,0,33.038616,343.27,,1,1,1,1,,4863
57063.5,-0.17,-0.008,1.323,1.082,-0.063,-0.071,10.036,329.27,27.48,9.4,0,0,33.038616,343.67,,1,1,1,1,,4863.5
57064,-0.181,-0.294,1.647,0.934,0.037,-0.077,9.795,329.27,27.48,9.4,0,0,33.038616,343.67,,1,1,1,1,,4864
57064.5,-0.185,-0.573,1.802,0.66,0.168,-0.048,9.494,329.17,26.56,11.4,0,0,31.932519,345.57,,1,1,1,1,,4864.5
57065,-0.18,-0.806,1.758,0.3,0.253,0.016,9.281,329.17,26.56,11.4,0,0,31.932519,345.57,,1,1,1,1,,4865
57065.5,-0.161,-0.972,1.515,-0.106,0.341,0.041,9.079,329.17,26.56,11.6,0,0,31.932519,345.77,,1,1,1,1,,4865.5
57066,-0.124,-1.044,1.092,-0.514,0.375,0.059,8.998,329.17,26.56,11.6,0,0,31.932519,345.77,,1,1,1,1,,4866
57066.5,-0.067,-1.022,0.536,-0.866,0.372,0.015,8.992,329.07,26.56,15.4,0,0,31.932519,349.47,,1,1,1,1,,4866.5
57067,0.009,-0.902,-0.095,-1.131,0.319,-0.039,9.1,329.07,26.56,15.4,0,0,31.932519,349.47,,1,1,1,1,,4867
57067.5,0.096,-0.697,-0.725,-1.259,0.237,-0.031,9.295,329.07,26.56,15,0,0,31.932519,349.07,,1,1,1,1,,4867.5
57068,0.184,-0.432,-1.284,-1.253,0.133,-0.024,9.533,329.07,26.56,15,0,0,31.932519,349.07,,1,1,1,1,,4868
57068.5,0.258,-0.145,-1.704,-1.096,0.014,0.011,9.823,328.97,26.56,15.7,0,0,31.932519,349.67,,1,1,1,1,,4868.5
57069,0.305,0.137,-1.939,-0.823,-0.08,0.073,10.076,328.97,26.56,15.7,0,0,31.932519,349.67,,1,1,1,1,,4869
57069.5,0.316,0.38,-1.961,-0.454,-0.187,0.11,10.33,328.87,25.64,13.7,0,0,30.826423,347.57,,1,1,1,1,,4869.5
57070,0.292,0.56,-1.768,-0.05,-0.232,0.106,10.484,328.87,25.64,13.7,0,0,30.826423,347.57,,1,1,1,1,,4870
57070.5,0.24,0.661,-1.384,0.371,-0.268,0.118,10.62,328.77,25.64,18.3,0,0,30.826423,352.07,,1,1,1,1,,4870.5
57071,0.179,0.673,-0.846,0.75,-0.271,0.064,10.627,328.77,25.64,18.3,0,0,30.826423,352.07,,1,1,1,1,,4871
57071.5,0.126,0.594,-0.213,1.057,-0.282,0.001,10.61,328.77,26.56,18.1,0,0,31.932519,351.87,,1,1,1,1,,4871.5
57072,0.093,0.43,0.454,1.258,-0.222,-0.014,10.462,328.77,26.56,18.1,0,0,31.932519,351.87,,1,1,1,1,,4872
57072.5,0.088,0.203,1.082,1.332,-0.163,-0.004,10.289,328.77,26.56,27.9,0,0,31.932519,1.67,,1,1,1,1,,4872.5
57073,0.11,-0.07,1.61,1.277,-0.068,0.022,10.04,328.77,26.56,27.9,0,0,31.932519,1.67,,1,1,1,1,,4873
57073.5,0.156,-0.359,1.981,1.089,0.032,0.017,9.785,328.67,26.56,22,0,0,31.932519,355.67,,1,1,1,1,,4873.5
57074,0.213,-0.639,2.158,0.796,0.136,-0.005,9.529,328.67,26.56,22,0,0,31.932519,355.67,,1,1,1,1,,4874
57074.5,0.271,-0.879,2.118,0.415,0.238,-0.046,9.292,328.47,25.64,18.5,0,0,30.826423,351.97,,1,1,1,1,,4874.5
57075,0.313,-1.058,1.865,-0.008,0.311,-0.045,9.102,328.47,25.64,18.5,0,0,30.826423,351.97,,1,1,1,1,,4875
57075.5,0.326,-1.157,1.415,-0.458,0.379,-0.041,8.936,328.47,25.64,18,0,0,30.826423,351.47,,1,1,1,1,,4875.5
57076,0.304,-1.161,0.805,-0.878,0.4,-0.013,8.872,328.47,25.64,18,0,0,30.826423,351.47,,1,1,1,1,,4876
57076.5,0.249,-1.066,0.088,-1.232,0.382,0.072,8.896,328.47,24.71,19.3,0,0,29.708304,352.77,,1,1,1,1,,4876.5
57077,0.165,-0.877,-0.667,-1.464,0.315,0.132,9.052,328.47,24.71,19.3,0,0,29.708304,352.77,,1,1,1,1,,4877
57077.5,0.072,-0.612,-1.378,-1.552,0.225,0.197,9.274,328.57,26.56,20.6,0,0,31.932519,354.17,,1,1,1,1,,4877.5
57078,-0.028,-0.295,-1.971,-1.477,0.099,0.207,9.575,328.57,26.56,20.6,0,0,31.932519,354.17,,1,1,1,1,,4878
57078.5,-0.125,0.038,-2.378,-1.246,-0.008,0.164,9.881,328.57,26.56,17.5,0,0,31.932519,351.07,,1,1,1,1,,4878.5
57079,-0.214,0.358,-2.552,-0.88,-0.147,0.099,10.217,328.57,26.56,17.5,0,0,31.932519,351.07,,1,1,1,1,,4879
57079.5,-0.293,0.63,-2.467,-0.411,-0.25,0.013,10.499,328.47,26.56,14.6,0,0,31.932519,348.07,,1,1,1,1,,4879.5
57080,-0.356,0.822,-2.126,0.108,-0.339,-0.08,10.716,328.47,26.56,14.6,0,0,31.932519,348.07,,1,1,1,1,,4880
57080.5,-0.401,0.915,-1.558,0.626,-0.371,-0.144,10.829,328.47,29.33,11.6,0,0,35.262831,345.07,,1,1,1,1,,4880.5
57081,-0.42,0.899,-0.82,1.084,-0.386,-0.183,10.851,328.47,29.33,11.6,0,0,35.262831,345.07,,1,1,1,1,,4881
57081.5,-0.403,0.775,0.016,1.435,-0.341,-0.219,10.742,328.27,30.43,9.4,0,0,36.585338,342.67,,1,1,1,1,,4881.5
57082,-0.358,0.551,0.86,1.633,-0.268,-0.23,10.547,328.27,30.43,9.4,0,0,36.585338,342.67,,1,1,1,1,,4882
57082.5,-0.288,0.252,1.627,1.671,-0.162,-0.204,10.284,328.07,30.43,8.6,0,0,36.585338,341.67,,1,1,1,1,,4882.5
57083,-0.199,-0.092,2.237,1.533,-0.025,-0.17,9.961,328.07,30.43,8.6,0,0,36.585338,341.67,,1,1,1,1,,4883
57083.5,-0.1,-0.452,2.627,1.248,0.097,-0.148,9.649,327.97,29.33,3.7,0,0,35.262831,336.67,,1,1,1,1,,4883.5
57084,0.001,-0.785,2.758,0.831,0.23,-0.119,9.322,327.97,29.33,3.7,0,0,35.262831,336.67,,1,1,1,1,,4884
57084.5,0.102,-1.061,2.614,0.333,0.333,-0.043,9.065,327.97,29.33,10.6,0,0,35.262831,343.57,,1,1,1,1,,4884.5
57085,0.197,-1.252,2.209,-0.208,0.417,0.002,8.846,327.97,29.33,10.6,0,0,35.262831,343.57,,1,1,1,1,,4885
57085.5,0.278,-1.333,1.58,-0.727,0.438,0.035,8.769,328.07,30.43,9.5,0,0,36.585338,342.57,,1,1,1,1,,4885.5
57086,0.347,-1.297,0.791,-1.175,0.431,0.089,8.77,328.07,30.43,9.5,0,0,36.585338,342.57,,1,1,1,1,,4886
57086.5,0.406,-1.149,-0.079,-1.498,0.373,0.14,8.915,328.17,29.33,10.3,0,0,35.262831,343.47,,1,1,1,1,,4886.5
57087,0.455,-0.901,-0.938,-1.664,0.28,0.168,9.137,328.17,29.33,10.3,0,0,35.262831,343.47,,1,1,1,1,,4887
57087.5,0.499,-0.582,-1.696,-1.649,0.158,0.192,9.449,328.27,30.43,12.2,0,0,36.585338,345.47,,1,1,1,1,,4887.5
57088,0.529,-0.225,-2.273,-1.462,0.018,0.189,9.792,328.27,30.43,12.2,0,0,36.585338,345.47,,1,1,1,1,,4888
57088.5,0.547,0.128,-2.608,-1.113,-0.126,0.19,10.16,328.27,29.33,9.4,0,0,35.262831,342.67,,1,1,1,1,,4888.5
57089,0.548,0.44,-2.662,-0.633,-0.245,0.187,10.483,328.27,29.33,9.4,0,0,35.262831,342.67,,1,1,1,1,,4889
57089.5,0.531,0.673,-2.428,-0.084,-0.347,0.189,10.729,328.17,29.33,10,0,0,35.262831,343.17,,1,1,1,1,,4889.5
57090,0.505,0.803,-1.933,0.464,-0.378,0.153,10.845,328.17,29.33,10,0,0,35.262831,343.17,,1,1,1,1,,4890
57090.5,0.479,0.823,-1.238,0.947,-0.382,0.107,10.847,328.17,28.4,9.7,0,0,34.144712,342.87,,1,1,1,1,,4890.5
57091,0.458,0.732,-0.426,1.309,-0.331,0.08,10.717,328.17,28.4,9.7,0,0,34.144712,342.87,,1,1,1,1,,4891
57091.5,0.444,0.546,0.408,1.506,-0.243,0.036,10.482,328.07,28.4,9.1,0,0,34.144712,342.17,,1,1,1,1,,4891.5
57092,0.436,0.291,1.165,1.522,-0.124,-0.002,10.181,328.07,28.4,9.1,0,0,34.144712,342.17,,1,1,1,1,,4892
57092.5,0.43,-0.001,1.762,1.355,0.02,0.01,9.825,327.97,27.48,9,0,0,33.038616,341.97,,1,1,1,1,,4892.5
57093,0.427,-0.295,2.132,1.035,0.143,0.033,9.501,327.97,27.48,9,0,0,33.038616,341.97,,1,1,1,1,,4893
57093.5,0.416,-0.557,2.241,0.6,0.266,0.051,9.196,327.97,29.33,8.9,0,0,35.262831,341.87,,1,1,1,1,,4893.5
57094,0.389,-0.755,2.083,0.11,0.336,0.053,9.005,327.97,29.33,8.9,0,0,35.262831,341.87,,1,1,1,1,,4894
57094.5,0.343,-0.872,1.689,-0.374,0.38,0.056,8.899,327.87,27.48,10.1,0,0,33.038616,342.97,,1,1,1,1,,4894.5
57095,0.273,-0.901,1.115,-0.791,0.36,0.075,8.94,327.87,27.48,10.1,0,0,33.038616,342.97,,1,1,1,1,,4895
57095.5,0.182,-0.843,0.44,-1.086,0.315,0.108,9.076,327.87,27.48,12.9,0,0,33.038616,345.77,,1,1,1,1,,4895.5
57096,0.068,-0.713,-0.249,-1.234,0.227,0.12,9.305,327.87,27.48,12.9,0,0,33.038616,345.77,,1,1,1,1,,4896
57096.5,-0.056,-0.53,-0.865,-1.215,0.128,0.099,9.586,327.87,27.48,17.5,0,0,33.038616,350.37,,1,1,1,1,,4896.5
57097,-0.188,-0.326,-1.338,-1.054,0.012,0.034,9.866,327.87,27.48,17.5,0,0,33.038616,350.37,,1,1,1,1,,4897
57097.5,-0.322,-0.125,-1.618,-0.77,-0.08,-0.114,10.14,327.87,26.56,14.6,0,0,31.932519,347.47,,1,1,1,1,,4897.5
57098,-0.444,0.056,-1.683,-0.412,-0.147,-0.206,10.334,327.87,26.56,14.6,0,0,31.932519,347.47,,1,1,1,1,,4898
57098.5,-0.541,0.193,-1.539,-0.021,-0.196,-0.261,10.485,327.97,26.56,22.8,0,0,31.932519,355.77,,1,1,1,1,,4898.5
57099,-0.608,0.274,-1.213,0.354,-0.207,-0.31,10.523,327.97,26.56,22.8,0,0,31.932519,355.77,,1,1,1,1,,4899
57099.5,-0.63,0.295,-0.755,0.663,-0.196,-0.317,10.492,327.97,27.48,20.8,0,0,33.038616,353.77,,1,1,1,1,,4899.5
57100,-0.61,0.258,-0.228,0.882,-0.16,-0.253,10.372,327.97,27.48,20.8,0,0,33.038616,353.77,,1,1,1,1,,4900
57100.5,-0.55,0.171,0.298,0.972,-0.099,-0.141,10.182,327.97,27.48,20,0,0,33.038616,352.97,,1,1,1,1,,4900.5
57101,-0.464,0.049,0.759,0.94,-0.031,-0.012,9.964,327.97,27.48,20,0,0,33.038616,352.97,,1,1,1,1,,4901
57101.5,-0.359,-0.086,1.098,0.785,0.049,0.09,9.719,328.07,27.48,17.2,0,0,33.038616,350.27,,1,1,1,1,,4901.5
57102,-0.247,-0.218,1.279,0.546,0.105,0.133,9.529,328.07,27.48,17.2,0,0,33.038616,350.27,,1,1,1,1,,4902
57102.5,-0.142,-0.331,1.29,0.251,0.157,0.147,9.368,327.97,27.48,13.6,0,0,33.038616,346.57,,1,1,1,1,,4902.5
57103,-0.047,-0.414,1.141,-0.049,0.176,0.08,9.309,327.97,27.48,13.6,0,0,33.038616,346.57,,1,1,1,1,,4903
57103.5,0.027,-0.462,0.862,-0.322,0.19,-0.025,9.287,327.97,27.48,6.6,0,0,33.038616,339.57,,1,1,1,1,,4903.5
57104,0.083,-0.471,0.497,-0.532,0.17,-0.058,9.364,327.97,27.48,6.6,0,0,33.038616,339.57,,1,1,1,1,,4904
57104.5,0.129,-0.449,0.1,-0.657,0.15,-0.071,9.47,327.87,26.56,12.7,0,0,31.932519,345.57,,1,1,1,1,,4904.5
57105,0.167,-0.4,-0.28,-0.691,0.107,-0.07,9.626,327.87,26.56,12.7,0,0,31.932519,345.57,,1,1,1,1,,4905
57105.5,0.201,-0.339,-0.597,-0.643,0.079,-0.012,9.76,327.87,27.48,15.6,0,0,33.038616,348.47,,1,1,1,1,,4905.5
57106,0.231,-0.273,-0.823,-0.534,0.047,0.021,9.884,327.87,27.48,15.6,0,0,33.038616,348.47,,1,1,1,1,,4906
57106.5,0.26,-0.207,-0.944,-0.386,0.026,0.05,9.968,327.77,28.4,16,0,0,34.144712,348.77,,1,1,1,1,,4906.5
57107,0.288,-0.146,-0.961,-0.221,-0.005,0.057,10.036,327.77,28.4,16,0,0,34.144712,348.77,,1,1,1,1,,4907
57107.5,0.31,-0.091,-0.882,-0.048,-0.033,0.039,10.086,327.87,28.4,14.2,0,0,34.144712,347.07,,1,1,1,1,,4907.5
57108,0.332,-0.05,-0.724,0.11,-0.044,0.04,10.097,327.87,28.4,14.2,0,0,34.144712,347.07,,1,1,1,1,,4908
57108.5,0.344,-0.021,-0.508,0.249,-0.053,0.07,10.09,327.87,27.48,13.8,0,0,33.038616,346.67,,1,1,1,1,,4908.5
57109,0.343,-0.004,-0.261,0.346,-0.044,0.116,10.041,327.87,27.48,13.8,0,0,33.038616,346.67,,1,1,1,1,,4909
57109.5,0.332,0.001,-0.01,0.4,-0.034,0.159,9.988,327.87,27.48,22.2,0,0,33.038616,355.07,,1,1,1,1,,4909.5
57110,0.303,-0.003,0.219,0.4,-0.001,0.205,9.889,327.87,27.48,22.2,0,0,33.038616,355.07,,1,1,1,1,,4910
57110.5,0.256,-0.014,0.4,0.356,0.025,0.212,9.812,327.97,26.56,16.1,0,0,31.932519,349.07,,1,1,1,1,,4910.5
57111,0.184,-0.026,0.521,0.274,0.061,0.165,9.723,327.97,26.56,16.1,0,0,31.932519,349.07,,1,1,1,1,,4911
57111.5,0.088,-0.039,0.572,0.166,0.078,0.087,9.666,327.87,28.4,7.7,0,0,34.144712,340.57,,1,1,1,1,,4911.5
57112,-0.026,-0.055,0.555,0.052,0.091,0.002,9.627,327.87,28.4,7.7,0,0,34.144712,340.57,,1,1,1,1,,4912
57112.5,-0.154,-0.069,0.479,-0.057,0.093,-0.094,9.622,327.87,27.48,4,0,0,33.038616,336.87,,1,1,1,1,,4912.5
57113,-0.294,-0.082,0.365,-0.131,0.065,-0.15,9.675,327.87,27.48,4,0,0,33.038616,336.87,,1,1,1,1,,4913
57113.5,-0.428,-0.099,0.237,-0.161,0.025,-0.163,9.759,327.97,29.33,4.7,0,0,35.262831,337.67,,1,1,1,1,,4913.5
57114,-0.547,-0.126,0.124,-0.132,-0.026,-0.184,9.879,327.97,29.33,4.7,0,0,35.262831,337.67,,1,1,1,1,,4914
57114.5,-0.639,-0.163,0.052,-0.053,-0.056,-0.201,9.978,327.87,29.33,8,0,0,35.262831,340.87,,1,1,1,1,,4914.5
57115,-0.689,-0.215,0.033,0.053,-0.07,-0.194,10.051,327.87,29.33,8,0,0,35.262831,340.87,,1,1,1,1,,4915
57115.5,-0.7,-0.283,0.068,0.166,-0.075,-0.187,10.094,327.87,30.43,8.7,0,0,36.585338,341.57,,1,1,1,1,,4915.5
57116,-0.669,-0.368,0.148,0.265,-0.045,-0.142,10.077,327.87,30.43,8.7,0,0,36.585338,341.57,,1,1,1,1,,4916
57116.5,-0.606,-0.458,0.248,0.315,0.006,-0.105,10,327.87,29.33,9.5,0,0,35.262831,342.37,,1,1,1,1,,4916.5
57117,-0.521,-0.547,0.341,0.309,0.063,-0.059,9.884,327.87,29.33,9.5,0,0,35.262831,342.37,,1,1,1,1,,4917
57117.5,-0.423,-0.621,0.393,0.221,0.142,0.001,9.701,327.77,31.35,9.1,0,0,37.691434,341.87,,1,1,1,1,,4917.5
57118,-0.332,-0.668,0.373,0.065,0.189,0.033,9.542,327.77,31.35,9.1,0,0,37.691434,341.87,,1,1,1,1,,4918
57118.5,-0.259,-0.674,0.262,-0.157,0.248,0.053,9.342,327.77,31.35,9.3,0,0,37.691434,342.07,,1,1,1,1,,4918.5
57119,-0.211,-0.623,0.05,-0.41,0.257,0.067,9.24,327.77,31.35,9.3,0,0,37.691434,342.07,,1,1,1,1,,4919
57119.5,-0.196,-0.514,-0.25,-0.655,0.249,0.037,9.181,327.77,31.35,5,0,0,37.691434,337.77,,1,1,1,1,,4919.5
57120,-0.218,-0.344,-0.607,-0.848,0.202,-0.023,9.245,327.77,31.35,5,0,0,37.691434,337.77,,1,1,1,1,,4920
57120.5,-0.263,-0.13,-0.971,-0.94,0.124,-0.114,9.393,327.77,31.35,5.8,0,0,37.691434,338.57,,1,1,1,1,,4920.5
57121,-0.324,0.108,-1.285,-0.916,0.028,-0.195,9.621,327.77,31.35,5.8,0,0,37.691434,338.57,,1,1,1,1,,4921
57121.5,-0.385,0.341,-1.491,-0.757,-0.071,-0.236,9.896,327.77,31.35,5.4,0,0,37.691434,338.17,,1,1,1,1,,4921.5
57122,-0.43,0.546,-1.542,-0.474,-0.175,-0.185,10.192,327.77,31.35,5.4,0,0,37.691434,338.17,,1,1,1,1,,4922
57122.5,-0.438,0.69,-1.405,-0.092,-0.26,-0.106,10.458,327.77,32.28,7.9,0,0,38.809553,340.67,,1,1,1,1,,4922.5
57123,-0.41,0.752,-1.078,0.33,-0.304,-0.034,10.626,327.77,32.28,7.9,0,0,38.809553,340.67,,1,1,1,1,,4923
57123.5,-0.336,0.721,-0.585,0.741,-0.315,0.031,10.716,327.77,31.35,9.4,0,0,37.691434,342.17,,1,1,1,1,,4923.5
57124,-0.229,0.594,0.024,1.087,-0.276,0.04,10.67,327.77,31.35,9.4,0,0,37.691434,342.17,,1,1,1,1,,4924
57124.5,-0.089,0.381,0.682,1.323,-0.229,0.035,10.559,327.67,31.35,9.5,0,0,37.691434,342.17,,1,1,1,1,,4924.5
57125,0.065,0.1,1.315,1.422,-0.137,0.062,10.341,327.67,31.35,9.5,0,0,37.691434,342.17,,1,1,1,1,,4925
57125.5,0.219,-0.22,1.847,1.363,-0.023,0.029,10.066,327.57,30.43,7,0,0,36.585338,339.57,,1,1,1,1,,4925.5
57126,0.363,-0.548,2.214,1.157,0.09,0.041,9.755,327.57,30.43,7,0,0,36.585338,339.57,,1,1,1,1,,4926
57126.5,0.481,-0.849,2.366,0.813,0.201,0.065,9.446,327.47,30.43,7.9,0,0,36.585338,340.37,,1,1,1,1,,4926.5
57127,0.561,-1.091,2.278,0.378,0.298,0.11,9.176,327.47,30.43,7.9,0,0,36.585338,340.37,,1,1,1,1,,4927
57127.5,0.599,-1.249,1.951,-0.115,0.376,0.126,8.95,327.47,28.4,5,0,0,34.144712,337.47,,1,1,1,1,,4927.5
57128,0.59,-1.302,1.411,-0.605,0.401,0.138,8.84,327.47,28.4,5,0,0,34.144712,337.47,,1,1,1,1,,4928
57128.5,0.533,-1.248,0.71,-1.042,0.404,0.11,8.815,327.47,28.4,5.8,0,0,34.144712,338.27,,1,1,1,1,,4928.5
57129,0.43,-1.089,-0.083,-1.372,0.343,0.064,8.929,327.47,28.4,5.8,0,0,34.144712,338.27,,1,1,1,1,,4929
57129.5,0.289,-0.842,-0.882,-1.558,0.269,0.005,9.119,327.47,29.33,13.1,0,0,35.262831,345.57,,1,1,1,1,,4929.5
57130,0.118,-0.53,-1.602,-1.58,0.154,-0.048,9.402,327.47,29.33,13.1,0,0,35.262831,345.57,,1,1,1,1,,4930
57130.5,-0.064,-0.187,-2.168,-1.439,0.038,-0.114,9.699,327.57,29.33,15.5,0,0,35.262831,348.07,,1,1,1,1,,4930.5
57131,-0.251,0.152,-2.52,-1.151,-0.079,-0.114,10.019,327.57,29.33,15.5,0,0,35.262831,348.07,,1,1,1,1,,4931
57131.5,-0.418,0.455,-2.621,-0.741,-0.21,-0.087,10.328,327.67,29.33,16.4,0,0,35.262831,349.07,,1,1,1,1,,4931.5
57132,-0.557,0.691,-2.459,-0.261,-0.278,-0.073,10.552,327.67,29.33,16.4,0,0,35.262831,349.07,,1,1,1,1,,4932
57132.5,-0.648,0.841,-2.054,0.24,-0.34,-0.028,10.703,327.67,29.33,19.3,0,0,35.262831,351.97,,1,1,1,1,,4932.5
57133,-0.699,0.889,-1.451,0.701,-0.344,-0.001,10.732,327.67,29.33,19.3,0,0,35.262831,351.97,,1,1,1,1,,4933
57133.5,-0.706,0.834,-0.717,1.076,-0.329,-0.001,10.696,327.67,29.33,18,0,0,35.262831,350.67,,1,1,1,1,,4933.5
57134,-0.678,0.685,0.072,1.338,-0.276,0.018,10.562,327.67,29.33,18,0,0,35.262831,350.67,,1,1,1,1,,4934
57134.5,-0.628,0.458,0.837,1.459,-0.191,0.02,10.366,327.57,30.43,16.3,0,0,36.585338,348.87,,1,1,1,1,,4934.5
57135,-0.575,0.177,1.504,1.436,-0.082,0.017,10.116,327.57,30.43,16.3,0,0,36.585338,348.87,,1,1,1,1,,4935
57135.5,-0.53,-0.13,2.008,1.265,0.034,-0.036,9.83,327.37,29.33,16.5,0,0,35.262831,348.87,,1,1,1,1,,4935.5
57136,-0.503,-0.431,2.301,0.969,0.153,-0.127,9.546,327.37,29.33,16.5,0,0,35.262831,348.87,,1,1,1,1,,4936
57136.5,-0.5,-0.696,2.354,0.569,0.266,-0.206,9.268,327.37,31.35,16.8,0,0,37.691434,349.17,,1,1,1,1,,4936.5
57137,-0.526,-0.894,2.165,0.117,0.341,-0.247,9.075,327.37,31.35,16.8,0,0,37.691434,349.17,,1,1,1,1,,4937
57137.5,-0.575,-1.006,1.756,-0.346,0.387,-0.257,8.946,327.37,30.43,19.1,0,0,36.585338,351.47,,1,1,1,1,,4937.5
57138,-0.646,-1.023,1.174,-0.758,0.368,-0.259,8.949,327.37,30.43,19.1,0,0,36.585338,351.47,,1,1,1,1,,4938
57138.5,-0.726,-0.946,0.487,-1.078,0.33,-0.248,9.025,327.47,29.33,9.4,0,0,35.262831,341.87,,1,1,1,1,,4938.5
57139,-0.807,-0.786,-0.227,-1.259,0.239,-0.253,9.228,327.47,29.33,9.4,0,0,35.262831,341.87,,1,1,1,1,,4939
57139.5,-0.874,-0.563,-0.885,-1.293,0.135,-0.276,9.463,327.47,29.33,13.4,0,0,35.262831,345.87,,1,1,1,1,,4939.5
57140,-0.909,-0.308,-1.417,-1.172,0.005,-0.221,9.775,327.47,29.33,13.4,0,0,35.262831,345.87,,1,1,1,1,,4940
57140.5,-0.904,-0.052,-1.76,-0.911,-0.103,-0.129,10.063,327.57,29.33,7.9,0,0,35.262831,340.47,,1,1,1,1,,4940.5
57141,-0.859,0.173,-1.883,-0.549,-0.187,-0.073,10.312,327.57,29.33,7.9,0,0,35.262831,340.47,,1,1,1,1,,4941
57141.5,-0.771,0.349,-1.776,-0.131,-0.247,-0.02,10.505,327.57,31.35,9.4,0,0,37.691434,341.97,,1,1,1,1,,4941.5
57142,-0.65,0.451,-1.461,0.291,-0.264,0.009,10.593,327.57,31.35,9.4,0,0,37.691434,341.97,,1,1,1,1,,4942
57142.5,-0.507,0.472,-0.985,0.657,-0.248,0.016,10.584,327.57,29.33,8.4,0,0,35.262831,340.97,,1,1,1,1,,4942.5
57143,-0.353,0.41,-0.412,0.935,-0.212,-0.027,10.498,327.57,29.33,8.4,0,0,35.262831,340.97,,1,1,1,1,,4943
57143.5,-0.201,0.276,0.186,1.084,-0.136,-0.063,10.307,327.57,29.33,10.4,0,0,35.262831,342.97,,1,1,1,1,,4943.5
57144,-0.061,0.09,0.733,1.1,-0.056,-0.092,10.09,327.57,29.33,10.4,0,0,35.262831,342.97,,1,1,1,1,,4944
57144.5,0.05,-0.124,1.166,0.977,0.038,-0.075,9.813,327.37,28.4,9.7,0,0,34.144712,342.07,,1,1,1,1,,4944.5
57145,0.128,-0.337,1.433,0.732,0.124,-0.028,9.558,327.37,28.4,9.7,0,0,34.144712,342.07,,1,1,1,1,,4945
57145.5,0.164,-0.523,1.504,0.396,0.211,0.018,9.313,327.37,28.4,12.7,0,0,34.144712,345.07,,1,1,1,1,,4945.5
57146,0.168,-0.66,1.373,0.011,0.267,0.068,9.15,327.37,28.4,12.7,0,0,34.144712,345.07,,1,1,1,1,,4946
57146.5,0.148,-0.725,1.058,-0.378,0.298,0.052,9.046,327.47,26.56,14.2,0,0,31.932519,346.67,,1,1,1,1,,4946.5
57147,0.115,-0.713,0.601,-0.725,0.298,0.053,9.042,327.47,26.56,14.2,0,0,31.932519,346.67,,1,1,1,1,,4947
57147.5,0.076,-0.625,0.058,-0.983,0.265,0.052,9.132,327.57,26.56,14.9,0,0,31.932519,347.47,,1,1,1,1,,4947.5
57148,0.04,-0.47,-0.501,-1.121,0.202,0.01,9.312,327.57,26.56,14.9,0,0,31.932519,347.47,,1,1,1,1,,4948
57148.5,0.012,-0.266,-1.003,-1.111,0.098,0.031,9.579,327.57,27.48,16.6,0,0,33.038616,349.17,,1,1,1,1,,4948.5
57149,-0.016,-0.042,-1.379,-0.959,-0.006,0.063,9.86,327.57,27.48,16.6,0,0,33.038616,349.17,,1,1,1,1,,4949
57149.5,-0.037,0.175,-1.58,-0.679,-0.107,0.06,10.149,327.57,27.48,15,0,0,33.038616,347.57,,1,1,1,1,,4949.5
57150,-0.065,0.357,-1.575,-0.311,-0.185,0.06,10.38,327.57,27.48,15,0,0,33.038616,347.57,,1,1,1,1,,4950
57150.5,-0.094,0.481,-1.364,0.106,-0.254,0.021,10.571,327.47,26.56,13.4,0,0,31.932519,345.87,,1,1,1,1,,4950.5
57151,-0.124,0.531,-0.968,0.516,-0.281,-0.054,10.65,327.47,26.56,13.4,0,0,31.932519,345.87,,1,1,1,1,,4951
57151.5,-0.152,0.5,-0.436,0.865,-0.263,-0.102,10.626,327.47,26.56,13.2,0,0,31.932519,345.67,,1,1,1,1,,4951.5
57152,-0.178,0.388,0.167,1.114,-0.214,-0.112,10.504,327.47,26.56,13.2,0,0,31.932519,345.67,,1,1,1,1,,4952
57152.5,-0.206,0.209,0.765,1.226,-0.135,-0.116,10.301,327.47,25.64,12.3,0,0,30.826423,344.77,,1,1,1,1,,4952.5
57153,-0.238,-0.018,1.286,1.2,-0.047,-0.114,10.055,327.47,25.64,12.3,0,0,30.826423,344.77,,1,1,1,1,,4953
57153.5,-0.275,-0.268,1.667,1.026,0.061,-0.099,9.758,327.57,26.56,12.5,0,0,31.932519,345.07,,1,1,1,1,,4953.5
57154,-0.322,-0.507,1.858,0.731,0.161,-0.105,9.485,327.57,26.56,12.5,0,0,31.932519,345.07,,1,1,1,1,,4954
57154.5,-0.377,-0.712,1.834,0.346,0.254,-0.084,9.235,327.57,25.64,12.3,0,0,30.826423,344.87,,1,1,1,1,,4954.5
57155,-0.438,-0.857,1.596,-0.08,0.309,-0.074,9.072,327.57,25.64,12.3,0,0,30.826423,344.87,,1,1,1,1,,4955
57155.5,-0.504,-0.922,1.171,-0.497,0.335,-0.095,8.988,327.67,26.56,11.4,0,0,31.932519,344.07,,1,1,1,1,,4955.5
57156,-0.571,-0.906,0.608,-0.85,0.311,-0.088,9.026,327.67,26.56,11.4,0,0,31.932519,344.07,,1,1,1,1,,4956
57156.5,-0.631,-0.808,-0.024,-1.095,0.26,-0.086,9.15,327.67,26.56,7.1,0,0,31.932519,339.77,,1,1,1,1,,4956.5
57157,-0.676,-0.642,-0.648,-1.204,0.163,-0.125,9.37,327.67,26.56,7.1,0,0,31.932519,339.77,,1,1,1,1,,4957
57157.5,-0.698,-0.431,-1.19,-1.167,0.073,-0.124,9.618,327.87,26.56,9,0,0,31.932519,341.87,,1,1,1,1,,4957.5
57158,-0.693,-0.197,-1.587,-0.996,-0.023,-0.115,9.889,327.87,26.56,9,0,0,31.932519,341.87,,1,1,1,1,,4958
57158.5,-0.663,0.029,-1.797,-0.713,-0.105,-0.106,10.127,327.87,26.56,9.2,0,0,31.932519,342.07,,1,1,1,1,,4958.5
57159,-0.613,0.228,-1.803,-0.368,-0.168,-0.106,10.319,327.87,26.56,9.2,0,0,31.932519,342.07,,1,1,1,1,,4959
57159.5,-0.545,0.374,-1.613,0.004,-0.205,-0.088,10.438,327.87,25.64,8.2,0,0,30.826423,341.07,,1,1,1,1,,4959.5
57160,-0.472,0.457,-1.258,0.349,-0.209,-0.112,10.465,327.87,25.64,8.2,0,0,30.826423,341.07,,1,1,1,1,,4960
57160.5,-0.394,0.475,-0.786,0.639,-0.199,-0.119,10.437,327.87,26.56,11.3,0,0,31.932519,344.17,,1,1,1,1,,4960.5
57161,-0.321,0.427,-0.257,0.834,-0.149,-0.131,10.312,327.87,26.56,11.3,0,0,31.932519,344.17,,1,1,1,1,,4961
57161.5,-0.262,0.324,0.267,0.925,-0.101,-0.12,10.168,327.97,26.56,11.8,0,0,31.932519,344.77,,1,1,1,1,,4961.5
57162,-0.217,0.176,0.729,0.904,-0.026,-0.058,9.967,327.97,26.56,11.8,0,0,31.932519,344.77,,1,1,1,1,,4962
57162.5,-0.184,0.012,1.079,0.784,0.038,0.012,9.789,327.97,26.56,13.6,0,0,31.932519,346.57,,1,1,1,1,,4962.5
57163,-0.163,-0.158,1.29,0.587,0.101,0.1,9.6,327.97,26.56,13.6,0,0,31.932519,346.57,,1,1,1,1,,4963
57163.5,-0.147,-0.312,1.345,0.33,0.147,0.14,9.457,328.07,27.48,7.9,0,0,33.038616,340.97,,1,1,1,1,,4963.5
57164,-0.131,-0.439,1.247,0.054,0.188,0.147,9.351,328.07,27.48,7.9,0,0,33.038616,340.97,,1,1,1,1,,4964
57164.5,-0.115,-0.525,1.016,-0.218,0.208,0.106,9.305,328.07,27.48,5.8,0,0,33.038616,338.87,,1,1,1,1,,4964.5
57165,-0.094,-0.564,0.686,-0.445,0.197,0.008,9.337,328.07,27.48,5.8,0,0,33.038616,338.87,,1,1,1,1,,4965
57165.5,-0.068,-0.554,0.302,-0.609,0.189,-0.081,9.406,328.07,28.4,5.9,0,0,34.144712,338.97,,1,1,1,1,,4965.5
57166,-0.041,-0.5,-0.089,-0.687,0.147,-0.181,9.537,328.07,28.4,5.9,0,0,34.144712,338.97,,1,1,1,1,,4966
57166.5,-0.016,-0.409,-0.438,-0.675,0.092,-0.24,9.699,328.07,30.43,5.8,0,0,36.585338,338.87,,1,1,1,1,,4966.5
57167,0.004,-0.301,-0.702,-0.568,0.019,-0.243,9.895,328.07,30.43,5.8,0,0,36.585338,338.87,,1,1,1,1,,4967
57167.5,0.016,-0.189,-0.848,-0.381,-0.051,-0.186,10.073,328.07,28.4,7.4,0,0,34.144712,340.47,,1,1,1,1,,4967.5
57168,0.02,-0.087,-0.861,-0.142,-0.111,-0.094,10.22,328.07,28.4,7.4,0,0,34.144712,340.47,,1,1,1,1,,4968
57168.5,0.014,-0.012,-0.743,0.115,-0.136,-0.027,10.302,328.17,28.4,11.3,0,0,34.144712,344.47,,1,1,1,1,,4968.5
57169,-0.008,0.029,-0.514,0.355,-0.146,0.06,10.326,328.17,28.4,11.3,0,0,34.144712,344.47,,1,1,1,1,,4969
57169.5,-0.053,0.029,-0.207,0.551,-0.144,0.124,10.294,328.37,27.48,14.4,0,0,33.038616,347.77,,1,1,1,1,,4969.5
57170,-0.119,-0.01,0.131,0.665,-0.098,0.144,10.166,328.37,27.48,14.4,0,0,33.038616,347.77,,1,1,1,1,,4970
57170.5,-0.202,-0.083,0.448,0.679,-0.037,0.15,9.99,328.57,27.48,15.5,0,0,33.038616,349.07,,1,1,1,1,,4970.5
57171,-0.3,-0.174,0.695,0.585,0.039,0.142,9.775,328.57,27.48,15.5,0,0,33.038616,349.07,,1,1,1,1,,4971
57171.5,-0.407,-0.269,0.828,0.393,0.113,0.131,9.553,328.67,26.56,13.2,0,0,31.932519,346.87,,1,1,1,1,,4971.5
57172,-0.517,-0.351,0.822,0.126,0.18,0.095,9.354,328.67,26.56,13.2,0,0,31.932519,346.87,,1,1,1,1,,4972
57172.5,-0.62,-0.398,0.67,-0.177,0.214,-0.004,9.225,328.67,26.56,14.5,0,0,31.932519,348.17,,1,1,1,1,,4972.5
57173,-0.706,-0.406,0.388,-0.474,0.231,-0.116,9.168,328.67,26.56,14.5,0,0,31.932519,348.17,,1,1,1,1,,4973
57173.5,-0.773,-0.366,0.014,-0.716,0.209,-0.222,9.213,328.77,26.56,9.6,0,0,31.932519,343.37,,1,1,1,1,,4973.5
57174,-0.817,-0.284,-0.397,-0.863,0.167,-0.289,9.346,328.77,26.56,9.6,0,0,31.932519,343.37,,1,1,1,1,,4974
57174.5,-0.843,-0.173,-0.785,-0.892,0.095,-0.327,9.556,328.67,27.48,21.6,0,0,33.038616,355.27,,1,1,1,1,,4974.5
57175,-0.851,-0.047,-1.089,-0.792,0.014,-0.325,9.799,328.67,27.48,21.6,0,0,33.038616,355.27,,1,1,1,1,,4975
57175.5,-0.849,0.077,-1.26,-0.581,-0.067,-0.277,10.051,328.67,27.48,26.5,0,0,33.038616,0.17,,1,1,1,1,,4975.5
57176,-0.832,0.176,-1.265,-0.275,-0.143,-0.211,10.279,328.67,27.48,26.5,0,0,33.038616,0.17,,1,1,1,1,,4976
57176.5,-0.807,0.238,-1.097,0.075,-0.199,-0.166,10.456,328.67,26.56,25,0,0,31.932519,358.67,,1,1,1,1,,4976.5
57177,-0.774,0.249,-0.768,0.439,-0.214,-0.175,10.547,328.67,26.56,25,0,0,31.932519,358.67,,1,1,1,1,,4977
57177.5,-0.728,0.208,-0.318,0.742,-0.194,-0.147,10.519,328.77,25.64,15.2,0,0,30.826423,348.97,,1,1,1,1,,4977.5
57178,-0.676,0.118,0.198,0.976,-0.177,-0.132,10.462,328.77,25.64,15.2,0,0,30.826423,348.97,,1,1,1,1,,4978
57178.5,-0.612,-0.016,0.716,1.076,-0.076,-0.152,10.234,328.87,25.64,19.8,0,0,30.826423,353.67,,1,1,1,1,,4978.5
57179,-0.543,-0.172,1.168,1.06,-0.022,-0.15,10.053,328.87,25.64,19.8,0,0,30.826423,353.67,,1,1,1,1,,4979
57179.5,-0.466,-0.338,1.498,0.902,0.085,-0.161,9.746,328.97,27.48,14.6,0,0,33.038616,348.57,,1,1,1,1,,4979.5
57180,-0.386,-0.492,1.656,0.634,0.153,-0.133,9.519,328.97,27.48,14.6,0,0,33.038616,348.57,,1,1,1,1,,4980
57180.5,-0.299,-0.611,1.624,0.284,0.23,-0.08,9.261,329.07,28.4,12.3,0,0,34.144712,346.37,,1,1,1,1,,4980.5
57181,-0.214,-0.684,1.395,-0.112,0.26,-0.001,9.124,329.07,28.4,12.3,0,0,34.144712,346.37,,1,1,1,1,,4981
57181.5,-0.118,-0.699,0.998,-0.493,0.283,0.099,9.028,329.17,28.4,13.4,0,0,34.144712,347.57,,1,1,1,1,,4981.5
57182,-0.022,-0.649,0.473,-0.828,0.256,0.14,9.056,329.17,28.4,13.4,0,0,34.144712,347.57,,1,1,1,1,,4982
57182.5,0.075,-0.542,-0.115,-1.054,0.212,0.141,9.181,329.37,26.56,10.8,0,0,31.932519,345.17,,1,1,1,1,,4982.5
57183,0.159,-0.388,-0.697,-1.166,0.168,0.112,9.356,329.37,26.56,10.8,0,0,31.932519,345.17,,1,1,1,1,,4983
57183.5,0.224,-0.205,-1.201,-1.121,0.053,0.072,9.639,329.37,26.56,8.1,0,0,31.932519,342.47,,1,1,1,1,,4983.5
57184,0.258,-0.016,-1.565,-0.954,-0.027,0.004,9.888,329.37,26.56,8.1,0,0,31.932519,342.47,,1,1,1,1,,4984
57184.5,0.262,0.155,-1.744,-0.658,-0.124,0.017,10.172,329.47,27.48,11.3,0,0,33.038616,345.77,,1,1,1,1,,4984.5
57185,0.241,0.286,-1.716,-0.291,-0.191,0.064,10.384,329.47,27.48,11.3,0,0,33.038616,345.77,,1,1,1,1,,4985
57185.5,0.2,0.358,-1.483,0.122,-0.242,0.064,10.548,329.47,26.56,20.1,0,0,31.932519,354.57,,1,1,1,1,,4985.5
57186,0.15,0.368,-1.075,0.503,-0.235,0.063,10.582,329.47,26.56,20.1,0,0,31.932519,354.57,,1,1,1,1,,4986
57186.5,0.106,0.309,-0.544,0.827,-0.228,0.042,10.557,329.47,30.43,20,0,0,36.585338,354.47,,1,1,1,1,,4986.5
57187,0.072,0.191,0.043,1.031,-0.155,0.008,10.384,329.47,30.43,20,0,0,36.585338,354.47,,1,1,1,1,,4987
57187.5,0.053,0.034,0.61,1.11,-0.09,-0.045,10.205,329.47,30.43,19.8,0,0,36.585338,354.27,,1,1,1,1,,4987.5
57188,0.056,-0.143,1.091,1.041,0.023,-0.094,9.915,329.47,30.43,19.8,0,0,36.585338,354.27,,1,1,1,1,,4988
57188.5,0.065,-0.318,1.423,0.843,0.111,-0.119,9.671,329.47,26.56,20.3,0,0,31.932519,354.77,,1,1,1,1,,4988.5
57189,0.082,-0.47,1.57,0.54,0.208,-0.095,9.392,329.47,26.56,20.3,0,0,31.932519,354.77,,1,1,1,1,,4989
57189.5,0.09,-0.575,1.513,0.177,0.25,-0.048,9.243,329.57,26.56,18.6,0,0,31.932519,353.17,,1,1,1,1,,4989.5
57190,0.088,-0.621,1.272,-0.191,0.278,0.023,9.133,329.57,26.56,18.6,0,0,31.932519,353.17,,1,1,1,1,,4990
57190.5,0.065,-0.605,0.882,-0.524,0.261,0.111,9.143,329.77,28.4,17.4,0,0,34.144712,352.17,,1,1,1,1,,4990.5
57191,0.02,-0.531,0.4,-0.766,0.224,0.174,9.227,329.77,28.4,17.4,0,0,34.144712,352.17,,1,1,1,1,,4991
57191.5,-0.053,-0.413,-0.11,-0.91,0.162,0.193,9.389,329.97,29.33,13.2,0,0,35.262831,348.17,,1,1,1,1,,4991.5
57192,-0.154,-0.269,-0.58,-0.92,0.076,0.18,9.601,329.97,29.33,13.2,0,0,35.262831,348.17,,1,1,1,1,,4992
57192.5,-0.281,-0.12,-0.953,-0.822,0.004,0.099,9.806,330.07,29.33,7.7,0,0,35.262831,342.77,,1,1,1,1,,4992.5
57193,-0.435,0.014,-1.189,-0.625,-0.073,0,10.018,330.07,29.33,7.7,0,0,35.262831,342.77,,1,1,1,1,,4993
57193.5,-0.597,0.115,-1.267,-0.369,-0.115,-0.074,10.159,330.17,29.33,10,0,0,35.262831,345.17,,1,1,1,1,,4993.5
57194,-0.756,0.177,-1.188,-0.08,-0.165,-0.171,10.296,330.17,29.33,10,0,0,35.262831,345.17,,1,1,1,1,,4994
57194.5,-0.889,0.191,-0.967,0.208,-0.16,-0.255,10.343,330.17,29.33,10.6,0,0,35.262831,345.77,,1,1,1,1,,4994.5
57195,-0.979,0.16,-0.638,0.458,-0.151,-0.329,10.351,330.17,29.33,10.6,0,0,35.262831,345.77,,1,1,1,1,,4995
57195.5,-1.01,0.085,-0.241,0.654,-0.117,-0.428,10.285,330.17,28.4,8,0,0,34.144712,343.17,,1,1,1,1,,4995.5
57196,-0.97,-0.018,0.173,0.76,-0.067,-0.492,10.169,330.17,28.4,8,0,0,34.144712,343.17,,1,1,1,1,,4996
57196.5,-0.861,-0.136,0.555,0.78,-0.008,-0.477,10.015,330.17,27.48,15.2,0,0,33.038616,350.37,,1,1,1,1,,4996.5
57197,-0.69,-0.257,0.858,0.696,0.063,-0.41,9.822,330.17,27.48,15.2,0,0,33.038616,350.37,,1,1,1,1,,4997
57197.5,-0.474,-0.363,1.048,0.535,0.112,-0.273,9.66,330.27,25.64,18.8,0,0,30.826423,354.07,,1,1,1,1,,4997.5
57198,-0.233,-0.439,1.103,0.304,0.162,-0.076,9.485,330.27,25.64,18.8,0,0,30.826423,354.07,,1,1,1,1,,4998
57198.5,0.013,-0.477,1.02,0.054,0.174,0.12,9.412,330.47,26.56,17.8,0,0,31.932519,353.27,,1,1,1,1,,4998.5
57199,0.243,-0.474,0.819,-0.19,0.189,0.258,9.358,330.47,26.56,17.8,0,0,31.932519,353.27,,1,1,1,1,,4999
57199.5,0.441,-0.433,0.528,-0.394,0.163,0.343,9.395,330.57,28.4,10.4,0,0,34.144712,345.97,,1,1,1,1,,4999.5
57200,0.601,-0.363,0.19,-0.542,0.141,0.387,9.442,330.57,28.4,10.4,0,0,34.144712,345.97,,1,1,1,1,,5000
57200.5,0.719,-0.274,-0.157,-0.624,0.089,0.374,9.549,330.77,28.4,13.3,0,0,34.144712,349.07,,1,1,1,1,,5000.5
57201,0.786,-0.18,-0.471,-0.632,0.055,0.346,9.648,330.77,28.4,13.3,0,0,34.144712,349.07,,1,1,1,1,,5001
57201.5,0.806,-0.089,-0.725,-0.583,0.02,0.296,9.752,330.87,28.4,10.3,0,0,34.144712,346.17,,1,1,1,1,,5001.5
57202,0.78,-0.013,-0.897,-0.485,-0.003,0.26,9.843,330.87,28.4,10.3,0,0,34.144712,346.17,,1,1,1,1,,5002
57202.5,0.709,0.043,-0.979,-0.358,-0.032,0.219,9.939,330.87,28.4,9.2,0,0,34.144712,345.07,,1,1,1,1,,5002.5
57203,0.599,0.082,-0.965,-0.19,-0.062,0.153,10.04,330.87,28.4,9.2,0,0,34.144712,345.07,,1,1,1,1,,5003
57203.5,0.462,0.096,-0.858,-0.009,-0.076,0.099,10.113,330.87,27.48,6.5,0,0,33.038616,342.37,,1,1,1,1,,5003.5
57204,0.316,0.088,-0.667,0.177,-0.09,0.053,10.17,330.87,27.48,6.5,0,0,33.038616,342.37,,1,1,1,1,,5004
57204.5,0.171,0.055,-0.411,0.34,-0.072,-0.014,10.161,330.97,28.4,6.6,0,0,34.144712,342.57,,1,1,1,1,,5004.5
57205,0.046,0.005,-0.118,0.466,-0.053,-0.088,10.138,330.97,28.4,6.6,0,0,34.144712,342.57,,1,1,1,1,,5005
57205.5,-0.05,-0.058,0.181,0.535,-0.007,-0.138,10.044,330.97,29.33,10.6,0,0,35.262831,346.57,,1,1,1,1,,5005.5
57206,-0.107,-0.124,0.453,0.548,0.025,-0.172,9.968,330.97,29.33,10.6,0,0,35.262831,346.57,,1,1,1,1,,5006
57206.5,-0.126,-0.19,0.672,0.503,0.072,-0.195,9.849,330.97,29.33,7.3,0,0,35.262831,343.27,,1,1,1,1,,5006.5
57207,-0.109,-0.243,0.818,0.413,0.083,-0.171,9.78,330.97,29.33,7.3,0,0,35.262831,343.27,,1,1,1,1,,5007
57207.5,-0.071,-0.289,0.884,0.301,0.088,-0.136,9.709,330.97,29.33,10.4,0,0,35.262831,346.37,,1,1,1,1,,5007.5
57208,-0.021,-0.321,0.872,0.177,0.079,-0.088,9.685,330.97,29.33,10.4,0,0,35.262831,346.37,,1,1,1,1,,5008
57208.5,0.02,-0.341,0.794,0.066,0.067,-0.024,9.671,331.07,29.33,5.1,0,0,35.262831,341.17,,1,1,1,1,,5008.5
57209,0.047,-0.356,0.665,-0.038,0.057,0.016,9.669,331.07,29.33,5.1,0,0,35.262831,341.17,,1,1,1,1,,5009
57209.5,0.041,-0.368,0.502,-0.121,0.049,0.07,9.679,331.17,29.33,7.7,0,0,35.262831,343.87,,1,1,1,1,,5009.5
57210,0.009,-0.376,0.319,-0.191,0.05,0.113,9.684,331.17,29.33,7.7,0,0,35.262831,343.87,,1,1,1,1,,5010
57210.5,-0.057,-0.378,0.129,-0.241,0.047,0.162,9.696,331.37,28.4,7.2,0,0,34.144712,343.57,,1,1,1,1,,5010.5
57211,-0.152,-0.379,-0.058,-0.286,0.07,0.194,9.673,331.37,28.4,7.2,0,0,34.144712,343.57,,1,1,1,1,,5011
57211.5,-0.268,-0.37,-0.237,-0.324,0.077,0.204,9.671,331.57,28.4,7,0,0,34.144712,343.57,,1,1,1,1,,5011.5
57212,-0.398,-0.352,-0.405,-0.361,0.084,0.186,9.652,331.57,28.4,7,0,0,34.144712,343.57,,1,1,1,1,,5012
57212.5,-0.53,-0.318,-0.559,-0.393,0.085,0.121,9.646,331.67,28.4,9.3,0,0,34.144712,345.97,,1,1,1,1,,5012.5
57213,-0.658,-0.265,-0.697,-0.418,0.091,0.02,9.629,331.67,28.4,9.3,0,0,34.144712,345.97,,1,1,1,1,,5013
57213.5,-0.762,-0.195,-0.814,-0.427,0.072,-0.108,9.662,331.67,29.33,11.6,0,0,35.262831,348.27,,1,1,1,1,,5013.5
57214,-0.834,-0.105,-0.898,-0.403,0.05,-0.223,9.72,331.67,29.33,11.6,0,0,35.262831,348.27,,1,1,1,1,,5014
57214.5,-0.855,-0.009,-0.938,-0.338,0.017,-0.304,9.821,331.57,29.33,12.1,0,0,35.262831,348.67,,1,1,1,1,,5014.5
57215,-0.817,0.091,-0.915,-0.223,-0.018,-0.352,9.936,331.57,29.33,12.1,0,0,35.262831,348.67,,1,1,1,1,,5015
57215.5,-0.721,0.181,-0.818,-0.065,-0.052,-0.369,10.059,331.37,29.33,9.1,0,0,35.262831,345.47,,1,1,1,1,,5015.5
57216,-0.575,0.246,-0.642,0.12,-0.073,-0.314,10.152,331.37,29.33,9.1,0,0,35.262831,345.47,,1,1,1,1,,5016
57216.5,-0.397,0.274,-0.392,0.31,-0.088,-0.215,10.217,331.27,30.43,8.4,0,0,36.585338,344.67,,1,1,1,1,,5016.5
57217,-0.209,0.26,-0.087,0.483,-0.083,-0.101,10.221,331.27,30.43,8.4,0,0,36.585338,344.67,,1,1,1,1,,5017
57217.5,-0.034,0.204,0.246,0.611,-0.068,0.007,10.187,331.17,30.43,10.4,0,0,36.585338,346.57,,1,1,1,1,,5017.5
57218,0.104,0.108,0.577,0.685,-0.04,0.076,10.103,331.17,30.43,10.4,0,0,36.585338,346.57,,1,1,1,1,,5018
57218.5,0.204,-0.015,0.868,0.686,-0.01,0.102,9.995,331.27,30.43,10.4,0,0,36.585338,346.67,,1,1,1,1,,5018.5
57219,0.255,-0.159,1.092,0.627,0.021,0.114,9.874,331.27,30.43,10.4,0,0,36.585338,346.67,,1,1,1,1,,5019
57219.5,0.266,-0.302,1.225,0.504,0.06,0.116,9.745,331.37,30.43,9.3,0,0,36.585338,345.67,,1,1,1,1,,5019.5
57220,0.238,-0.437,1.255,0.35,0.07,0.122,9.668,331.37,30.43,9.3,0,0,36.585338,345.67,,1,1,1,1,,5020
57220.5,0.182,-0.547,1.186,0.176,0.088,0.143,9.587,331.47,29.33,7.3,0,0,35.262831,343.77,,1,1,1,1,,5020.5
57221,0.106,-0.628,1.027,0.006,0.083,0.128,9.572,331.47,29.33,7.3,0,0,35.262831,343.77,,1,1,1,1,,5021
57221.5,0.023,-0.675,0.8,-0.156,0.101,0.103,9.532,331.57,29.33,7.6,0,0,35.262831,344.17,,1,1,1,1,,5021.5
57222,-0.057,-0.686,0.522,-0.297,0.105,0.056,9.545,331.57,29.33,7.6,0,0,35.262831,344.17,,1,1,1,1,,5022
57222.5,-0.127,-0.662,0.216,-0.412,0.125,-0.015,9.536,331.57,28.4,7.7,0,0,34.144712,344.27,,1,1,1,1,,5022.5
57223,-0.177,-0.605,-0.097,-0.497,0.129,-0.094,9.57,331.57,28.4,7.7,0,0,34.144712,344.27,,1,1,1,1,,5023
57223.5,-0.201,-0.522,-0.395,-0.546,0.132,-0.15,9.599,331.57,28.4,4.2,0,0,34.144712,340.77,,1,1,1,1,,5023.5
57224,-0.199,-0.42,-0.66,-0.56,0.111,-0.151,9.663,331.57,28.4,4.2,0,0,34.144712,340.77,,1,1,1,1,,5024
57224.5,-0.169,-0.309,-0.874,-0.532,0.093,-0.081,9.72,331.47,27.48,7.2,0,0,33.038616,343.67,,1,1,1,1,,5024.5
57225,-0.106,-0.199,-1.025,-0.476,0.064,-0.004,9.78,331.47,27.48,7.2,0,0,33.038616,343.67,,1,1,1,1,,5025
57225.5,-0.023,-0.094,-1.105,-0.388,0.03,0.052,9.842,331.47,26.56,10.8,0,0,31.932519,347.27,,1,1,1,1,,5025.5
57226,0.076,0.002,-1.114,-0.289,0.007,0.094,9.888,331.47,26.56,10.8,0,0,31.932519,347.27,,1,1,1,1,,5026
57226.5,0.177,0.081,-1.055,-0.172,-0.013,0.126,9.935,331.37,28.4,8.4,0,0,34.144712,344.77,,1,1,1,1,,5026.5
57227,0.262,0.145,-0.935,-0.06,-0.032,0.139,9.952,331.37,28.4,8.4,0,0,34.144712,344.77,,1,1,1,1,,5027
57227.5,0.322,0.191,-0.765,0.058,-0.055,0.148,10.002,331.27,28.4,13.9,0,0,34.144712,350.17,,1,1,1,1,,5027.5
57228,0.347,0.218,-0.555,0.166,-0.061,0.151,10.004,331.27,28.4,13.9,0,0,34.144712,350.17,,1,1,1,1,,5028
57228.5,0.34,0.225,-0.319,0.264,-0.063,0.121,10.029,331.17,29.33,10.5,0,0,35.262831,346.67,,1,1,1,1,,5028.5
57229,0.297,0.208,-0.069,0.34,-0.045,0.081,9.995,331.17,29.33,10.5,0,0,35.262831,346.67,,1,1,1,1,,5029
57229.5,0.229,0.177,0.175,0.395,-0.039,0.049,10.001,331.07,29.33,9.5,0,0,35.262831,345.57,,1,1,1,1,,5029.5
57230,0.148,0.124,0.405,0.429,-0.021,0.03,9.971,331.07,29.33,9.5,0,0,35.262831,345.57,,1,1,1,1,,5030
57230.5,0.063,0.054,0.604,0.439,-0.008,0.026,9.953,331.07,28.4,9.9,0,0,34.144712,345.97,,1,1,1,1,,5030.5
57231,-0.02,-0.029,0.768,0.431,0.012,0.015,9.915,331.07,28.4,9.9,0,0,34.144712,345.97,,1,1,1,1,,5031
57231.5,-0.097,-0.123,0.888,0.398,0.021,-0.002,9.883,331.07,28.4,10.6,0,0,34.144712,346.67,,1,1,1,1,,5031.5
57232,-0.164,-0.226,0.959,0.354,0.031,-0.037,9.857,331.07,28.4,10.6,0,0,34.144712,346.67,,1,1,1,1,,5032
57232.5,-0.223,-0.325,0.98,0.287,0.059,-0.097,9.809,330.97,27.48,9,0,0,33.038616,344.97,,1,1,1,1,,5032.5
57233,-0.265,-0.425,0.951,0.215,0.074,-0.171,9.783,330.97,27.48,9,0,0,33.038616,344.97,,1,1,1,1,,5033
57233.5,-0.291,-0.514,0.876,0.127,0.087,-0.205,9.729,330.97,27.48,7.7,0,0,33.038616,343.67,,1,1,1,1,,5033.5
57234,-0.298,-0.591,0.756,0.036,0.08,-0.188,9.714,330.97,27.48,7.7,0,0,33.038616,343.67,,1,1,1,1,,5034
57234.5,-0.29,-0.652,0.597,-0.066,0.109,-0.101,9.65,330.97,28.4,11,0,0,34.144712,346.97,,1,1,1,1,,5034.5
57235,-0.267,-0.686,0.403,-0.17,0.116,-0.008,9.625,330.97,28.4,11,0,0,34.144712,346.97,,1,1,1,1,,5035
57235.5,-0.228,-0.696,0.182,-0.274,0.134,0.064,9.575,330.87,27.48,10.1,0,0,33.038616,345.97,,1,1,1,1,,5035.5
57236,-0.177,-0.674,-0.057,-0.37,0.131,0.094,9.578,330.87,27.48,10.1,0,0,33.038616,345.97,,1,1,1,1,,5036
57236.5,-0.12,-0.62,-0.301,-0.44,0.121,0.098,9.592,330.87,27.48,13,0,0,33.038616,348.87,,1,1,1,1,,5036.5
57237,-0.057,-0.535,-0.533,-0.486,0.11,0.078,9.618,330.87,27.48,13,0,0,33.038616,348.87,,1,1,1,1,,5037
57237.5,-0.003,-0.427,-0.737,-0.496,0.09,0.051,9.662,330.87,27.48,12.5,0,0,33.038616,348.37,,1,1,1,1,,5037.5
57238,0.037,-0.302,-0.901,-0.486,0.071,0.006,9.69,330.87,27.48,12.5,0,0,33.038616,348.37,,1,1,1,1,,5038
57238.5,0.064,-0.162,-1.018,-0.45,0.044,-0.026,9.735,330.77,27.48,12.1,0,0,33.038616,347.87,,1,1,1,1,,5038.5
57239,0.066,-0.013,-1.084,-0.402,0.036,-0.022,9.758,330.77,27.48,12.1,0,0,33.038616,347.87,,1,1,1,1,,5039
57239.5,0.046,0.133,-1.096,-0.328,0,-0.018,9.829,330.67,28.4,12.7,0,0,34.144712,348.37,,1,1,1,1,,5039.5
57240,0.01,0.265,-1.05,-0.231,-0.024,-0.008,9.881,330.67,28.4,12.7,0,0,34.144712,348.37,,1,1,1,1,,5040
57240.5,-0.033,0.375,-0.942,-0.1,-0.083,0.053,10.004,330.57,27.48,14.4,0,0,33.038616,349.97,,1,1,1,1,,5040.5
57241,-0.07,0.451,-0.765,0.071,-0.127,0.083,10.116,330.57,27.48,14.4,0,0,33.038616,349.97,,1,1,1,1,,5041
57241.5,-0.092,0.475,-0.516,0.262,-0.157,0.099,10.208,330.47,27.48,13.2,0,0,33.038616,348.67,,1,1,1,1,,5041.5
57242,-0.086,0.443,-0.201,0.472,-0.192,0.104,10.315,330.47,27.48,13.2,0,0,33.038616,348.67,,1,1,1,1,,5042
57242.5,-0.054,0.345,0.164,0.647,-0.146,0.075,10.265,330.27,26.56,16.5,0,0,31.932519,351.77,,1,1,1,1,,5042.5
57243,0.001,0.195,0.544,0.771,-0.118,0.066,10.24,330.27,26.56,16.5,0,0,31.932519,351.77,,1,1,1,1,,5043
57243.5,0.066,-0.004,0.905,0.825,-0.043,0.079,10.104,330.17,27.48,16.1,0,0,33.038616,351.27,,1,1,1,1,,5043.5
57244,0.135,-0.229,1.204,0.789,0.024,0.04,9.972,330.17,27.48,16.1,0,0,33.038616,351.27,,1,1,1,1,,5044
57244.5,0.194,-0.459,1.408,0.67,0.114,-0.031,9.767,329.97,26.56,13.1,0,0,31.932519,348.07,,1,1,1,1,,5044.5
57245,0.238,-0.666,1.483,0.464,0.165,-0.097,9.594,329.97,26.56,13.1,0,0,31.932519,348.07,,1,1,1,1,,5045
57245.5,0.263,-0.833,1.42,0.213,0.207,-0.164,9.44,329.77,26.56,9.6,0,0,31.932519,344.37,,1,1,1,1,,5045.5
57246,0.264,-0.934,1.216,-0.079,0.244,-0.181,9.308,329.77,26.56,9.6,0,0,31.932519,344.37,,1,1,1,1,,5046
57246.5,0.24,-0.962,0.89,-0.358,0.246,-0.129,9.26,329.77,26.56,13.6,0,0,31.932519,348.37,,1,1,1,1,,5046.5
57247,0.195,-0.908,0.471,-0.614,0.264,-0.045,9.222,329.77,26.56,13.6,0,0,31.932519,348.37,,1,1,1,1,,5047
57247.5,0.135,-0.778,0.002,-0.797,0.21,0.047,9.324,329.77,25.64,7.6,0,0,30.826423,342.37,,1,1,1,1,,5047.5
57248,0.064,-0.585,-0.467,-0.9,0.168,0.129,9.421,329.77,25.64,7.6,0,0,30.826423,342.37,,1,1,1,1,,5048
57248.5,-0.009,-0.352,-0.886,-0.892,0.079,0.195,9.641,329.87,27.48,10.4,0,0,33.038616,345.27,,1,1,1,1,,5048.5
57249,-0.074,-0.108,-1.201,-0.779,0.01,0.177,9.824,329.87,27.48,10.4,0,0,33.038616,345.27,,1,1,1,1,,5049
57249.5,-0.124,0.124,-1.378,-0.562,-0.101,0.127,10.086,329.87,28.4,9.5,0,0,34.144712,344.37,,1,1,1,1,,5049.5
57250,-0.151,0.309,-1.387,-0.269,-0.166,0.102,10.259,329.87,28.4,9.5,0,0,34.144712,344.37,,1,1,1,1,,5050
57250.5,-0.16,0.432,-1.231,0.059,-0.225,0.066,10.416,329.77,28.4,5.6,0,0,34.144712,340.37,,1,1,1,1,,5050.5
57251,-0.15,0.469,-0.923,0.384,-0.241,0.038,10.458,329.77,28.4,5.6,0,0,34.144712,340.37,,1,1,1,1,,5051
57251.5,-0.131,0.424,-0.508,0.649,-0.232,0.013,10.431,329.67,27.48,6.2,0,0,33.038616,340.87,,1,1,1,1,,5051.5
57252,-0.099,0.296,-0.039,0.833,-0.18,-0.033,10.308,329.67,27.48,6.2,0,0,33.038616,340.87,,1,1,1,1,,5052
57252.5,-0.06,0.104,0.42,0.892,-0.102,-0.081,10.114,329.47,27.48,8.9,0,0,33.038616,343.37,,1,1,1,1,,5052.5
57253,-0.013,-0.126,0.808,0.838,-0.015,-0.127,9.902,329.47,27.48,8.9,0,0,33.038616,343.37,,1,1,1,1,,5053
57253.5,0.034,-0.363,1.072,0.652,0.11,-0.149,9.622,329.17,26.56,12.7,0,0,31.932519,346.87,,1,1,1,1,,5053.5
57254,0.088,-0.571,1.174,0.38,0.193,-0.148,9.424,329.17,26.56,12.7,0,0,31.932519,346.87,,1,1,1,1,,5054
57254.5,0.144,-0.725,1.102,0.044,0.283,-0.14,9.214,329.07,25.64,14.2,0,0,30.826423,348.27,,1,1,1,1,,5054.5
57255,0.201,-0.8,0.863,-0.296,0.307,-0.077,9.153,329.07,25.64,14.2,0,0,30.826423,348.27,,1,1,1,1,,5055
57255.5,0.249,-0.794,0.495,-0.604,0.321,-0.026,9.115,329.07,26.56,12.7,0,0,31.932519,346.77,,1,1,1,1,,5055.5
57256,0.285,-0.701,0.046,-0.828,0.258,0.087,9.244,329.07,26.56,12.7,0,0,31.932519,346.77,,1,1,1,1,,5056
57256.5,0.308,-0.535,-0.416,-0.936,0.191,0.177,9.398,328.97,28.4,11.7,0,0,34.144712,345.67,,1,1,1,1,,5056.5
57257,0.318,-0.318,-0.829,-0.924,0.088,0.245,9.636,328.97,28.4,11.7,0,0,34.144712,345.67,,1,1,1,1,,5057
57257.5,0.313,-0.079,-1.132,-0.78,-0.006,0.269,9.876,328.97,28.4,12.2,0,0,34.144712,346.17,,1,1,1,1,,5057.5
57258,0.299,0.153,-1.286,-0.542,-0.096,0.219,10.111,328.97,28.4,12.2,0,0,34.144712,346.17,,1,1,1,1,,5058
57258.5,0.278,0.35,-1.267,-0.22,-0.175,0.154,10.321,328.87,27.48,15.9,0,0,33.038616,349.77,,1,1,1,1,,5058.5
57259,0.25,0.488,-1.075,0.126,-0.223,0.081,10.448,328.87,27.48,15.9,0,0,33.038616,349.77,,1,1,1,1,,5059
57259.5,0.222,0.546,-0.731,0.474,-0.25,0.035,10.539,328.77,27.48,15.5,0,0,33.038616,349.27,,1,1,1,1,,5059.5
57260,0.195,0.516,-0.276,0.764,-0.23,-0.037,10.503,328.77,27.48,15.5,0,0,33.038616,349.27,,1,1,1,1,,5060
57260.5,0.162,0.404,0.237,0.978,-0.202,-0.095,10.432,328.67,28.4,14.4,0,0,34.144712,348.07,,1,1,1,1,,5060.5
57261,0.126,0.215,0.745,1.07,-0.117,-0.075,10.222,328.67,28.4,14.4,0,0,34.144712,348.07,,1,1,1,1,,5061
57261.5,0.083,-0.023,1.182,1.039,-0.047,-0.041,10.028,328.47,27.48,11.2,0,0,33.038616,344.67,,1,1,1,1,,5061.5
57262,0.031,-0.287,1.496,0.879,0.065,-0.001,9.733,328.47,27.48,11.2,0,0,33.038616,344.67,,1,1,1,1,,5062
57262.5,-0.023,-0.541,1.641,0.613,0.134,0.037,9.532,328.47,26.56,17.5,0,0,31.932519,350.97,,1,1,1,1,,5062.5
57263,-0.08,-0.761,1.602,0.286,0.22,0.037,9.319,328.47,26.56,17.5,0,0,31.932519,350.97,,1,1,1,1,,5063
57263.5,-0.132,-0.918,1.384,-0.071,0.256,-0.015,9.217,328.37,26.56,12.2,0,0,31.932519,345.57,,1,1,1,1,,5063.5
57264,-0.177,-1.001,1.016,-0.401,0.274,-0.068,9.168,328.37,26.56,12.2,0,0,31.932519,345.57,,1,1,1,1,,5064
57264.5,-0.22,-1,0.54,-0.688,0.265,-0.099,9.186,328.37,25.64,12.1,0,0,30.826423,345.47,,1,1,1,1,,5064.5
57265,-0.251,-0.918,0.012,-0.881,0.223,-0.102,9.292,328.37,25.64,12.1,0,0,30.826423,345.47,,1,1,1,1,,5065
57265.5,-0.267,-0.768,-0.511,-0.992,0.186,-0.1,9.398,328.27,24.71,15.4,0,0,29.708304,348.67,,1,1,1,1,,5065.5
57266,-0.27,-0.563,-0.978,-0.989,0.107,-0.093,9.592,328.27,24.71,15.4,0,0,29.708304,348.67,,1,1,1,1,,5066
57266.5,-0.253,-0.327,-1.343,-0.907,0.067,-0.04,9.716,328.17,24.71,16.5,0,0,29.708304,349.67,,1,1,1,1,,5066.5
57267,-0.218,-0.082,-1.578,-0.739,-0.021,-0.031,9.925,328.17,24.71,16.5,0,0,29.708304,349.67,,1,1,1,1,,5067
57267.5,-0.167,0.15,-1.665,-0.523,-0.045,-0.034,10.013,328.17,24.71,15.9,0,0,29.708304,349.07,,1,1,1,1,,5067.5
57268,-0.105,0.348,-1.607,-0.271,-0.11,0.003,10.16,328.17,24.71,15.9,0,0,29.708304,349.07,,1,1,1,1,,5068
57268.5,-0.039,0.497,-1.412,-0.014,-0.117,0.004,10.191,327.97,24.71,11.3,0,0,29.708304,344.27,,1,1,1,1,,5068.5
57269,0.021,0.59,-1.111,0.22,-0.146,0.032,10.244,327.97,24.71,11.3,0,0,29.708304,344.27,,1,1,1,1,,5069
57269.5,0.063,0.619,-0.732,0.43,-0.141,0.059,10.226,327.97,23.79,14.3,0,0,28.602208,347.27,,1,1,1,1,,5069.5
57270,0.078,0.584,-0.312,0.585,-0.133,0.083,10.203,327.97,23.79,14.3,0,0,28.602208,347.27,,1,1,1,1,,5070
57270.5,0.063,0.494,0.118,0.704,-0.125,0.116,10.166,327.97,23.79,12.1,0,0,28.602208,345.07,,1,1,1,1,,5070.5
57271,0.025,0.354,0.525,0.757,-0.089,0.119,10.091,327.97,23.79,12.1,0,0,28.602208,345.07,,1,1,1,1,,5071
57271.5,-0.033,0.177,0.882,0.774,-0.07,0.079,10.046,327.87,23.79,5.7,0,0,28.602208,338.57,,1,1,1,1,,5071.5
57272,-0.101,-0.025,1.17,0.731,-0.016,0.026,9.94,327.87,23.79,5.7,0,0,28.602208,338.57,,1,1,1,1,,5072
57272.5,-0.16,-0.238,1.372,0.656,0.011,-0.029,9.885,327.77,23.79,11,0,0,28.602208,343.77,,1,1,1,1,,5072.5
57273,-0.203,-0.448,1.479,0.532,0.073,-0.102,9.764,327.77,23.79,11,0,0,28.602208,343.77,,1,1,1,1,,5073
57273.5,-0.212,-0.638,1.482,0.373,0.114,-0.159,9.677,327.67,23.79,13.7,0,0,28.602208,346.37,,1,1,1,1,,5073.5
57274,-0.189,-0.791,1.381,0.178,0.176,-0.213,9.552,327.67,23.79,13.7,0,0,28.602208,346.37,,1,1,1,1,,5074
57274.5,-0.131,-0.894,1.178,-0.03,0.195,-0.249,9.496,327.57,24.71,9.2,0,0,29.708304,341.77,,1,1,1,1,,5074.5
57275,-0.042,-0.943,0.892,-0.23,0.204,-0.241,9.45,327.57,24.71,9.2,0,0,29.708304,341.77,,1,1,1,1,,5075
57275.5,0.067,-0.93,0.545,-0.403,0.183,-0.197,9.469,327.47,25.64,8.3,0,0,30.826423,340.77,,1,1,1,1,,5075.5
57276,0.186,-0.865,0.17,-0.53,0.16,-0.114,9.497,327.47,25.64,8.3,0,0,30.826423,340.77,,1,1,1,1,,5076
57276.5,0.307,-0.749,-0.204,-0.617,0.133,-0.035,9.541,327.37,25.64,10.9,0,0,30.826423,343.27,,1,1,1,1,,5076.5
57277,0.415,-0.596,-0.551,-0.653,0.101,0.056,9.605,327.37,25.64,10.9,0,0,30.826423,343.27,,1,1,1,1,,5077
57277.5,0.499,-0.42,-0.849,-0.658,0.086,0.179,9.637,327.47,27.48,13.2,0,0,33.038616,345.67,,1,1,1,1,,5077.5
57278,0.551,-0.234,-1.086,-0.624,0.052,0.272,9.704,327.47,27.48,13.2,0,0,33.038616,345.67,,1,1,1,1,,5078
57278.5,0.562,-0.049,-1.253,-0.571,0.045,0.331,9.712,327.47,26.56,16.2,0,0,31.932519,348.67,,1,1,1,1,,5078.5
57279,0.531,0.122,-1.349,-0.495,0.002,0.367,9.786,327.47,26.56,16.2,0,0,31.932519,348.67,,1,1,1,1,,5079
57279.5,0.462,0.271,-1.369,-0.394,-0.023,0.37,9.832,327.57,26.56,17.6,0,0,31.932519,350.17,,1,1,1,1,,5079.5
57280,0.358,0.391,-1.315,-0.275,-0.056,0.301,9.911,327.57,26.56,17.6,0,0,31.932519,350.17,,1,1,1,1,,5080
57280.5,0.224,0.473,-1.187,-0.125,-0.084,0.192,9.993,327.57,26.56,13,0,0,31.932519,345.57,,1,1,1,1,,5080.5
57281,0.073,0.52,-0.986,0.038,-0.106,0.062,10.073,327.57,26.56,13,0,0,31.932519,345.57,,1,1,1,1,,5081
57281.5,-0.078,0.523,-0.718,0.221,-0.128,-0.04,10.159,327.57,26.56,7,0,0,31.932519,339.57,,1,1,1,1,,5081.5
57282,-0.217,0.482,-0.393,0.399,-0.127,-0.104,10.201,327.57,26.56,7,0,0,31.932519,339.57,,1,1,1,1,,5082
57282.5,-0.326,0.398,-0.025,0.572,-0.141,-0.158,10.258,327.37,24.71,12.6,0,0,29.708304,344.97,,1,1,1,1,,5082.5
57283,-0.399,0.275,0.365,0.712,-0.113,-0.208,10.23,327.37,24.71,12.6,0,0,29.708304,344.97,,1,1,1,1,,5083
57283.5,-0.425,0.118,0.75,0.812,-0.098,-0.245,10.215,327.27,25.64,8.3,0,0,30.826423,340.57,,1,1,1,1,,5083.5
57284,-0.407,-0.061,1.103,0.851,-0.038,-0.292,10.1,327.27,25.64,8.3,0,0,30.826423,340.57,,1,1,1,1,,5084
57284.5,-0.349,-0.254,1.39,0.82,0.006,-0.313,10.005,327.07,24.71,12.1,0,0,29.708304,344.17,,1,1,1,1,,5084.5
57285,-0.261,-0.444,1.588,0.728,0.065,-0.292,9.861,327.07,24.71,12.1,0,0,29.708304,344.17,,1,1,1,1,,5085
57285.5,-0.156,-0.617,1.674,0.566,0.111,-0.239,9.725,326.97,26.56,10.3,0,0,31.932519,342.27,,1,1,1,1,,5085.5
57286,-0.052,-0.759,1.638,0.36,0.157,-0.16,9.583,326.97,26.56,10.3,0,0,31.932519,342.27,,1,1,1,1,,5086
57286.5,0.034,-0.862,1.473,0.102,0.204,-0.08,9.431,327.17,26.56,11.3,0,0,31.932519,343.47,,1,1,1,1,,5086.5
57287,0.092,-0.909,1.187,-0.165,0.216,0.027,9.349,327.17,26.56,11.3,0,0,31.932519,343.47,,1,1,1,1,,5087
57287.5,0.116,-0.9,0.798,-0.436,0.238,0.128,9.262,327.27,26.56,9.7,0,0,31.932519,341.97,,1,1,1,1,,5087.5
57288,0.102,-0.832,0.334,-0.666,0.214,0.203,9.285,327.27,26.56,9.7,0,0,31.932519,341.97,,1,1,1,1,,5088
57288.5,0.051,-0.711,-0.165,-0.846,0.195,0.259,9.307,327.37,26.56,6.6,0,0,31.932519,338.97,,1,1,1,1,,5088.5
57289,-0.035,-0.552,-0.656,-0.944,0.13,0.227,9.438,327.37,26.56,6.6,0,0,31.932519,338.97,,1,1,1,1,,5089
57289.5,-0.141,-0.367,-1.092,-0.957,0.083,0.174,9.553,327.47,25.64,12,0,0,30.826423,344.47,,1,1,1,1,,5089.5
57290,-0.254,-0.172,-1.437,-0.883,0.008,0.099,9.735,327.47,25.64,12,0,0,30.826423,344.47,,1,1,1,1,,5090
57290.5,-0.358,0.017,-1.657,-0.733,-0.033,0.016,9.867,327.47,25.64,13.4,0,0,30.826423,345.87,,1,1,1,1,,5090.5
57291,-0.439,0.182,-1.741,-0.533,-0.078,-0.063,10.008,327.47,25.64,13.4,0,0,30.826423,345.87,,1,1,1,1,,5091
57291.5,-0.485,0.311,-1.683,-0.296,-0.098,-0.12,10.103,327.37,25.64,12.1,0,0,30.826423,344.47,,1,1,1,1,,5091.5
57292,-0.495,0.397,-1.497,-0.052,-0.117,-0.175,10.183,327.37,25.64,12.1,0,0,30.826423,344.47,,1,1,1,1,,5092
57292.5,-0.461,0.435,-1.201,0.191,-0.128,-0.228,10.235,327.17,25.64,15.9,0,0,30.826423,348.07,,1,1,1,1,,5092.5
57293,-0.388,0.43,-0.824,0.399,-0.114,-0.292,10.226,327.17,25.64,15.9,0,0,30.826423,348.07,,1,1,1,1,,5093
57293.5,-0.283,0.382,-0.401,0.569,-0.111,-0.286,10.213,327.17,25.64,21.5,0,0,30.826423,353.67,,1,1,1,1,,5093.5
57294,-0.155,0.299,0.034,0.678,-0.079,-0.194,10.143,327.17,25.64,21.5,0,0,30.826423,353.67,,1,1,1,1,,5094
57294.5,-0.018,0.19,0.445,0.737,-0.056,-0.103,10.084,327.07,29.33,21.9,0,0,35.262831,353.97,,1,1,1,1,,5094.5
57295,0.113,0.064,0.805,0.733,-0.021,0.022,9.984,327.07,29.33,21.9,0,0,35.262831,353.97,,1,1,1,1,,5095
57295.5,0.223,-0.066,1.088,0.683,0.004,0.116,9.914,327.07,30.43,22.3,0,0,36.585338,354.37,,1,1,1,1,,5095.5
57296,0.294,-0.193,1.282,0.585,0.04,0.159,9.805,327.07,30.43,22.3,0,0,36.585338,354.37,,1,1,1,1,,5096
57296.5,0.32,-0.311,1.375,0.456,0.058,0.162,9.744,327.17,29.33,22.4,0,0,35.262831,354.57,,1,1,1,1,,5096.5
57297,0.296,-0.413,1.37,0.305,0.091,0.148,9.663,327.17,29.33,22.4,0,0,35.262831,354.57,,1,1,1,1,,5097
57297.5,0.223,-0.495,1.271,0.142,0.115,0.107,9.614,327.27,29.33,21.4,0,0,35.262831,353.67,,1,1,1,1,,5097.5
57298,0.118,-0.552,1.091,-0.027,0.145,0.063,9.544,327.27,29.33,21.4,0,0,35.262831,353.67,,1,1,1,1,,5098
57298.5,-0.009,-0.584,0.84,-0.196,0.155,0.026,9.512,327.37,29.33,19.4,0,0,35.262831,351.77,,1,1,1,1,,5098.5
57299,-0.143,-0.589,0.538,-0.35,0.164,0.02,9.485,327.37,29.33,19.4,0,0,35.262831,351.77,,1,1,1,1,,5099
57299.5,-0.269,-0.567,0.204,-0.479,0.152,0.022,9.499,327.37,28.4,14.6,0,0,34.144712,346.97,,1,1,1,1,,5099.5
57300,-0.373,-0.52,-0.136,-0.563,0.127,0.015,9.547,327.37,28.4,14.6,0,0,34.144712,346.97,,1,1,1,1,,5100
57300.5,-0.45,-0.452,-0.454,-0.604,0.095,-0.017,9.61,327.37,26.56,13.4,0,0,31.932519,345.77,,1,1,1,1,,5100.5
57301,-0.499,-0.365,-0.725,-0.58,0.039,-0.046,9.73,327.37,26.56,13.4,0,0,31.932519,345.77,,1,1,1,1,,5101
57301.5,-0.518,-0.269,-0.924,-0.507,0.009,-0.12,9.82,327.37,26.56,11.1,0,0,31.932519,343.47,,1,1,1,1,,5101.5
57302,-0.505,-0.177,-1.034,-0.38,-0.038,-0.222,9.946,327.37,26.56,11.1,0,0,31.932519,343.47,,1,1,1,1,,5102
57302.5,-0.459,-0.09,-1.046,-0.224,-0.055,-0.27,10.017,327.27,25.64,10.2,0,0,30.826423,342.47,,1,1,1,1,,5102.5
57303,-0.384,-0.015,-0.964,-0.05,-0.087,-0.284,10.097,327.27,25.64,10.2,0,0,30.826423,342.47,,1,1,1,1,,5103
57303.5,-0.286,0.033,-0.799,0.116,-0.081,-0.25,10.11,327.27,24.71,9.9,0,0,29.708304,342.17,,1,1,1,1,,5103.5
57304,-0.179,0.062,-0.574,0.258,-0.073,-0.169,10.11,327.27,24.71,9.9,0,0,29.708304,342.17,,1,1,1,1,,5104
57304.5,-0.073,0.062,-0.315,0.364,-0.05,-0.101,10.058,327.27,23.79,10.7,0,0,28.602208,342.97,,1,1,1,1,,5104.5
57305,0.023,0.043,-0.052,0.413,-0.031,-0.019,9.983,327.27,23.79,10.7,0,0,28.602208,342.97,,1,1,1,1,,5105
57305.5,0.101,0.006,0.185,0.408,0.001,0.076,9.878,327.37,22.69,11.4,0,0,27.279701,343.77,,1,1,1,1,,5105.5
57306,0.154,-0.038,0.368,0.343,0.036,0.145,9.761,327.37,22.69,11.4,0,0,27.279701,343.77,,1,1,1,1,,5106
57306.5,0.178,-0.086,0.479,0.235,0.061,0.206,9.664,327.37,22.69,15.9,0,0,27.279701,348.27,,1,1,1,1,,5106.5
57307,0.174,-0.126,0.508,0.094,0.084,0.241,9.58,327.37,22.69,15.9,0,0,27.279701,348.27,,1,1,1,1,,5107
57307.5,0.144,-0.152,0.459,-0.049,0.099,0.211,9.55,327.57,23.79,7.5,0,0,28.602208,340.07,,1,1,1,1,,5107.5
57308,0.087,-0.162,0.346,-0.181,0.111,0.186,9.537,327.57,23.79,7.5,0,0,28.602208,340.07,,1,1,1,1,,5108
57308.5,0.014,-0.154,0.191,-0.271,0.092,0.123,9.604,327.67,23.79,358.6,0,0,28.602208,331.27,,1,1,1,1,,5108.5
57309,-0.066,-0.133,0.025,-0.316,0.082,0.023,9.667,327.67,23.79,358.6,0,0,28.602208,331.27,,1,1,1,1,,5109
57309.5,-0.142,-0.096,-0.126,-0.304,0.046,-0.021,9.785,327.67,26.56,3.3,0,0,31.932519,335.97,,1,1,1,1,,5109.5
57310,-0.209,-0.059,-0.234,-0.238,0.022,-0.037,9.881,327.67,26.56,3.3,0,0,31.932519,335.97,,1,1,1,1,,5110
57310.5,-0.255,-0.032,-0.282,-0.131,-0.013,-0.062,9.991,327.57,28.4,0.3,0,0,34.144712,332.87,,1,1,1,1,,5110.5
57311,-0.275,-0.019,-0.262,0.005,-0.039,-0.086,10.063,327.57,28.4,0.3,0,0,34.144712,332.87,,1,1,1,1,,5111
57311.5,-0.266,-0.025,-0.177,0.144,-0.061,-0.107,10.111,327.47,28.4,3.6,0,0,34.144712,336.07,,1,1,1,1,,5111.5
57312,-0.229,-0.053,-0.037,0.273,-0.06,-0.162,10.114,327.47,28.4,3.6,0,0,34.144712,336.07,,1,1,1,1,,5112
57312.5,-0.172,-0.101,0.136,0.373,-0.055,-0.21,10.092,327.37,27.48,6.4,0,0,33.038616,338.77,,1,1,1,1,,5112.5
57313,-0.103,-0.169,0.321,0.436,-0.048,-0.209,10.044,327.37,27.48,6.4,0,0,33.038616,338.77,,1,1,1,1,,5113
57313.5,-0.035,-0.249,0.493,0.451,-0.029,-0.183,9.97,327.37,26.56,9.2,0,0,31.932519,341.57,,1,1,1,1,,5113.5
57314,0.019,-0.334,0.627,0.413,0.012,-0.142,9.861,327.37,26.56,9.2,0,0,31.932519,341.57,,1,1,1,1,,5114
57314.5,0.044,-0.414,0.703,0.321,0.058,-0.046,9.747,327.47,28.4,11.3,0,0,34.144712,343.77,,1,1,1,1,,5114.5
57315,0.04,-0.48,0.705,0.19,0.089,-0.037,9.645,327.47,28.4,11.3,0,0,34.144712,343.77,,1,1,1,1,,5115
57315.5,0.011,-0.521,0.628,0.032,0.113,-0.048,9.569,327.67,27.48,12.1,0,0,33.038616,344.77,,1,1,1,1,,5115.5
57316,-0.04,-0.532,0.477,-0.132,0.134,-0.053,9.515,327.67,27.48,12.1,0,0,33.038616,344.77,,1,1,1,1,,5116
57316.5,-0.104,-0.509,0.264,-0.291,0.148,-0.03,9.482,327.77,26.56,13.7,0,0,31.932519,346.47,,1,1,1,1,,5116.5
57317,-0.173,-0.455,0.009,-0.425,0.144,0.056,9.49,327.77,26.56,13.7,0,0,31.932519,346.47,,1,1,1,1,,5117
57317.5,-0.236,-0.372,-0.264,-0.525,0.136,0.15,9.507,328.07,26.56,16.8,0,0,31.932519,349.87,,1,1,1,1,,5117.5
57318,-0.285,-0.264,-0.531,-0.584,0.097,0.229,9.568,328.07,26.56,16.8,0,0,31.932519,349.87,,1,1,1,1,,5118
57318.5,-0.314,-0.14,-0.77,-0.597,0.065,0.226,9.636,328.17,26.56,13.2,0,0,31.932519,346.37,,1,1,1,1,,5118.5
57319,-0.325,-0.017,-0.958,-0.56,0.031,0.183,9.722,328.17,26.56,13.2,0,0,31.932519,346.37,,1,1,1,1,,5119
57319.5,-0.317,0.104,-1.074,-0.468,-0.018,0.076,9.846,328.07,26.56,13.8,0,0,31.932519,346.87,,1,1,1,1,,5119.5
57320,-0.3,0.205,-1.103,-0.325,-0.063,-0.008,9.964,328.07,26.56,13.8,0,0,31.932519,346.87,,1,1,1,1,,5120
57320.5,-0.273,0.278,-1.037,-0.148,-0.094,-0.033,10.068,328.07,24.71,10.7,0,0,29.708304,343.77,,1,1,1,1,,5120.5
57321,-0.242,0.317,-0.877,0.046,-0.11,-0.052,10.133,328.07,24.71,10.7,0,0,29.708304,343.77,,1,1,1,1,,5121
57321.5,-0.211,0.318,-0.639,0.226,-0.102,-0.074,10.155,327.87,23.79,8,0,0,28.602208,340.87,,1,1,1,1,,5121.5
57322,-0.172,0.285,-0.347,0.383,-0.087,-0.125,10.157,327.87,23.79,8,0,0,28.602208,340.87,,1,1,1,1,,5122
57322.5,-0.122,0.218,-0.027,0.498,-0.051,-0.166,10.112,327.77,25.64,2.6,0,0,30.826423,335.37,,1,1,1,1,,5122.5
57323,-0.067,0.128,0.289,0.562,-0.014,-0.224,10.043,327.77,25.64,2.6,0,0,30.826423,335.37,,1,1,1,1,,5123
57323.5,-0.005,0.025,0.572,0.569,0.022,-0.232,9.951,327.77,25.64,4.1,0,0,30.826423,336.87,,1,1,1,1,,5123.5
57324,0.056,-0.079,0.797,0.523,0.051,-0.242,9.856,327.77,25.64,4.1,0,0,30.826423,336.87,,1,1,1,1,,5124
57324.5,0.116,-0.176,0.947,0.437,0.066,-0.162,9.78,327.87,26.56,4.9,0,0,31.932519,337.77,,1,1,1,1,,5124.5
57325,0.16,-0.259,1.016,0.329,0.063,-0.084,9.736,327.87,26.56,4.9,0,0,31.932519,337.77,,1,1,1,1,,5125
57325.5,0.188,-0.324,1.011,0.225,0.049,0.001,9.736,327.87,25.64,7.1,0,0,30.826423,339.97,,1,1,1,1,,5125.5
57326,0.194,-0.374,0.947,0.14,0.033,0.108,9.763,327.87,25.64,7.1,0,0,30.826423,339.97,,1,1,1,1,,5126
57326.5,0.175,-0.41,0.846,0.085,0.014,0.157,9.806,328.07,25.64,7.2,0,0,30.826423,340.27,,1,1,1,1,,5126.5
57327,0.134,-0.444,0.728,0.053,0.002,0.18,9.843,328.07,25.64,7.2,0,0,30.826423,340.27,,1,1,1,1,,5127
57327.5,0.07,-0.477,0.604,0.035,0.006,0.162,9.852,328.27,25.64,6.4,0,0,30.826423,339.67,,1,1,1,1,,5127.5
57328,-0.011,-0.515,0.48,0.012,0.025,0.118,9.822,328.27,25.64,6.4,0,0,30.826423,339.67,,1,1,1,1,,5128
57328.5,-0.099,-0.555,0.35,-0.037,0.064,0.08,9.748,328.37,25.64,13.5,0,0,30.826423,346.87,,1,1,1,1,,5128.5
57329,-0.185,-0.591,0.2,-0.13,0.12,0.036,9.62,328.37,25.64,13.5,0,0,30.826423,346.87,,1,1,1,1,,5129
57329.5,-0.266,-0.608,0.013,-0.272,0.166,0.034,9.478,328.37,26.56,8.7,0,0,31.932519,342.07,,1,1,1,1,,5129.5
57330,-0.338,-0.592,-0.225,-0.454,0.203,0.039,9.352,328.37,26.56,8.7,0,0,31.932519,342.07,,1,1,1,1,,5130
57330.5,-0.399,-0.532,-0.515,-0.648,0.219,0.056,9.271,328.47,26.56,4.1,0,0,31.932519,337.57,,1,1,1,1,,5130.5
57331,-0.452,-0.419,-0.843,-0.821,0.206,0.066,9.267,328.47,26.56,4.1,0,0,31.932519,337.57,,1,1,1,1,,5131
57331.5,-0.49,-0.257,-1.179,-0.929,0.156,-0.012,9.359,328.47,26.56,3.5,0,0,31.932519,336.97,,1,1,1,1,,5131.5
57332,-0.515,-0.051,-1.479,-0.946,0.105,-0.112,9.514,328.47,26.56,3.5,0,0,31.932519,336.97,,1,1,1,1,,5132
57332.5,-0.528,0.181,-1.694,-0.844,0.01,-0.231,9.755,328.37,25.64,6.6,0,0,30.826423,339.97,,1,1,1,1,,5132.5
57333,-0.522,0.408,-1.777,-0.624,-0.103,-0.277,10.032,328.37,25.64,6.6,0,0,30.826423,339.97,,1,1,1,1,,5133
57333.5,-0.501,0.606,-1.693,-0.297,-0.194,-0.239,10.297,328.37,27.48,8.6,0,0,33.038616,341.97,,1,1,1,1,,5133.5
57334,-0.467,0.748,-1.425,0.103,-0.267,-0.205,10.531,328.37,27.48,8.6,0,0,33.038616,341.97,,1,1,1,1,,5134
57334.5,-0.43,0.81,-0.978,0.532,-0.304,-0.122,10.677,328.37,29.33,7.5,0,0,35.262831,340.87,,1,1,1,1,,5134.5
57335,-0.404,0.782,-0.386,0.929,-0.308,-0.031,10.727,328.37,29.33,7.5,0,0,35.262831,340.87,,1,1,1,1,,5135
57335.5,-0.392,0.655,0.296,1.248,-0.276,0.004,10.667,328.37,29.33,6,0,0,35.262831,339.37,,1,1,1,1,,5135.5
57336,-0.399,0.443,0.996,1.441,-0.211,-0.017,10.501,328.37,29.33,6,0,0,35.262831,339.37,,1,1,1,1,,5136
57336.5,-0.428,0.155,1.639,1.493,-0.13,-0.05,10.28,328.37,28.4,5.1,0,0,34.144712,338.47,,1,1,1,1,,5136.5
57337,-0.47,-0.174,2.153,1.389,-0.018,-0.117,9.992,328.37,28.4,5.1,0,0,34.144712,338.47,,1,1,1,1,,5137
57337.5,-0.52,-0.515,2.478,1.137,0.101,-0.208,9.675,328.57,27.48,3.1,0,0,33.038616,336.67,,1,1,1,1,,5137.5
57338,-0.566,-0.833,2.571,0.753,0.212,-0.232,9.355,328.57,27.48,3.1,0,0,33.038616,336.67,,1,1,1,1,,5138
57338.5,-0.597,-1.09,2.411,0.279,0.304,-0.198,9.094,328.57,27.48,4.8,0,0,33.038616,338.37,,1,1,1,1,,5138.5
57339,-0.609,-1.259,2.005,-0.238,0.377,-0.166,8.882,328.57,27.48,4.8,0,0,33.038616,338.37,,1,1,1,1,,5139
57339.5,-0.594,-1.316,1.388,-0.738,0.389,-0.122,8.803,328.67,28.4,5.5,0,0,34.144712,339.17,,1,1,1,1,,5139.5
57340,-0.552,-1.259,0.622,-1.163,0.379,-0.08,8.816,328.67,28.4,5.5,0,0,34.144712,339.17,,1,1,1,1,,5140
57340.5,-0.488,-1.088,-0.216,-1.469,0.329,-0.004,8.949,328.77,29.33,7.8,0,0,35.262831,341.57,,1,1,1,1,,5140.5
57341,-0.405,-0.826,-1.039,-1.622,0.25,0.017,9.159,328.77,29.33,7.8,0,0,35.262831,341.57,,1,1,1,1,,5141
57341.5,-0.316,-0.493,-1.762,-1.613,0.142,0.038,9.447,328.87,28.4,8.7,0,0,34.144712,342.57,,1,1,1,1,,5141.5
57342,-0.23,-0.13,-2.312,-1.433,0.018,0.087,9.766,328.87,28.4,8.7,0,0,34.144712,342.57,,1,1,1,1,,5142
57342.5,-0.151,0.23,-2.63,-1.108,-0.103,0.121,10.098,328.87,30.43,7.2,0,0,36.585338,341.07,,1,1,1,1,,5142.5
57343,-0.087,0.548,-2.684,-0.667,-0.207,0.088,10.394,328.87,30.43,7.2,0,0,36.585338,341.07,,1,1,1,1,,5143
57343.5,-0.042,0.79,-2.469,-0.163,-0.286,0.063,10.611,328.87,30.43,6.6,0,0,36.585338,340.47,,1,1,1,1,,5143.5
57344,-0.003,0.934,-2.007,0.359,-0.351,0.006,10.768,328.87,30.43,6.6,0,0,36.585338,340.47,,1,1,1,1,,5144
57344.5,0.031,0.964,-1.347,0.835,-0.363,-0.053,10.794,328.87,30.43,5,0,0,36.585338,338.87,,1,1,1,1,,5144.5
57345,0.062,0.879,-0.561,1.215,-0.346,-0.097,10.738,328.87,30.43,5,0,0,36.585338,338.87,,1,1,1,1,,5145
57345.5,0.096,0.696,0.269,1.466,-0.283,-0.126,10.575,328.87,29.33,1.6,0,0,35.262831,335.47,,1,1,1,1,,5145.5
57346,0.132,0.426,1.058,1.559,-0.194,-0.105,10.34,328.87,29.33,1.6,0,0,35.262831,335.47,,1,1,1,1,,5146
57346.5,0.172,0.103,1.724,1.494,-0.086,-0.052,10.056,328.87,29.33,3.9,0,0,35.262831,337.77,,1,1,1,1,,5146.5
57347,0.212,-0.24,2.201,1.266,0.047,0.031,9.73,328.87,29.33,3.9,0,0,35.262831,337.77,,1,1,1,1,,5147
57347.5,0.257,-0.567,2.439,0.906,0.177,0.089,9.422,328.77,28.4,2.7,0,0,34.144712,336.47,,1,1,1,1,,5147.5
57348,0.298,-0.844,2.416,0.45,0.299,0.138,9.143,328.77,28.4,2.7,0,0,34.144712,336.47,,1,1,1,1,,5148
57348.5,0.336,-1.037,2.135,-0.053,0.384,0.124,8.946,328.87,28.4,4.4,0,0,34.144712,338.27,,1,1,1,1,,5148.5
57349,0.369,-1.132,1.628,-0.548,0.424,0.075,8.842,328.87,28.4,4.4,0,0,34.144712,338.27,,1,1,1,1,,5149
57349.5,0.386,-1.115,0.952,-0.976,0.411,0.07,8.866,328.97,27.48,1,0,0,33.038616,334.97,,1,1,1,1,,5149.5
57350,0.388,-0.994,0.187,-1.285,0.354,0.096,8.995,328.97,27.48,1,0,0,33.038616,334.97,,1,1,1,1,,5150
57350.5,0.375,-0.78,-0.58,-1.433,0.248,0.118,9.248,328.97,28.4,2.3,0,0,34.144712,336.27,,1,1,1,1,,5150.5
57351,0.343,-0.505,-1.255,-1.405,0.114,0.145,9.559,328.97,28.4,2.3,0,0,34.144712,336.27,,1,1,1,1,,5151
57351.5,0.29,-0.2,-1.763,-1.209,-0.023,0.144,9.891,329.07,27.48,4.1,0,0,33.038616,338.17,,1,1,1,1,,5151.5
57352,0.218,0.096,-2.046,-0.869,-0.155,0.102,10.222,329.07,27.48,4.1,0,0,33.038616,338.17,,1,1,1,1,,5152
57352.5,0.121,0.342,-2.074,-0.43,-0.244,0.033,10.471,329.17,27.48,4.5,0,0,33.038616,338.67,,1,1,1,1,,5152.5
57353,0.007,0.516,-1.854,0.043,-0.306,-0.024,10.637,329.17,27.48,4.5,0,0,33.038616,338.67,,1,1,1,1,,5153
57353.5,-0.112,0.6,-1.422,0.49,-0.313,-0.076,10.682,329.17,27.48,2,0,0,33.038616,336.17,,1,1,1,1,,5153.5
57354,-0.231,0.591,-0.843,0.846,-0.271,-0.149,10.598,329.17,27.48,2,0,0,33.038616,336.17,,1,1,1,1,,5154
57354.5,-0.334,0.494,-0.195,1.081,-0.213,-0.214,10.444,329.17,28.4,6.1,0,0,34.144712,340.27,,1,1,1,1,,5154.5
57355,-0.416,0.328,0.436,1.161,-0.109,-0.233,10.187,329.17,28.4,6.1,0,0,34.144712,340.27,,1,1,1,1,,5155
57355.5,-0.467,0.123,0.972,1.09,-0.012,-0.208,9.918,329.17,27.48,3.8,0,0,33.038616,337.97,,1,1,1,1,,5155.5
57356,-0.484,-0.098,1.35,0.873,0.101,-0.141,9.606,329.17,27.48,3.8,0,0,33.038616,337.97,,1,1,1,1,,5156
57356.5,-0.46,-0.305,1.525,0.552,0.179,-0.047,9.38,329.27,27.48,6.3,0,0,33.038616,340.57,,1,1,1,1,,5156.5
57357,-0.4,-0.471,1.492,0.187,0.233,0.043,9.223,329.27,27.48,6.3,0,0,33.038616,340.57,,1,1,1,1,,5157
57357.5,-0.312,-0.582,1.272,-0.167,0.242,0.101,9.191,329.37,28.4,4.9,0,0,34.144712,339.27,,1,1,1,1,,5157.5
57358,-0.203,-0.633,0.915,-0.455,0.225,0.094,9.244,329.37,28.4,4.9,0,0,34.144712,339.27,,1,1,1,1,,5158
57358.5,-0.087,-0.623,0.484,-0.648,0.186,0.064,9.371,329.47,27.48,1.6,0,0,33.038616,336.07,,1,1,1,1,,5158.5
57359,0.021,-0.563,0.042,-0.736,0.14,0.018,9.526,329.47,27.48,1.6,0,0,33.038616,336.07,,1,1,1,1,,5159
57359.5,0.11,-0.465,-0.354,-0.721,0.081,-0.015,9.707,329.47,28.4,1.1,0,0,34.144712,335.57,,1,1,1,1,,5159.5
57360,0.172,-0.348,-0.659,-0.614,0.031,-0.015,9.876,329.47,28.4,1.1,0,0,34.144712,335.57,,1,1,1,1,,5160
57360.5,0.209,-0.227,-0.846,-0.449,-0.011,-0.006,10.013,329.47,28.4,1.8,0,0,34.144712,336.27,,1,1,1,1,,5160.5
57361,0.219,-0.115,-0.906,-0.24,-0.047,0.005,10.126,329.47,28.4,1.8,0,0,34.144712,336.27,,1,1,1,1,,5161
57361.5,0.203,-0.029,-0.846,-0.027,-0.063,0.026,10.175,329.47,27.48,0.1,0,0,33.038616,334.57,,1,1,1,1,,5161.5
57362,0.167,0.027,-0.684,0.177,-0.083,0.024,10.204,329.47,27.48,0.1,0,0,33.038616,334.57,,1,1,1,1,,5162
57362.5,0.115,0.052,-0.451,0.33,-0.067,0.033,10.137,329.57,27.48,0.6,0,0,33.038616,335.17,,1,1,1,1,,5162.5
57363,0.054,0.045,-0.188,0.424,-0.059,0.026,10.062,329.57,27.48,0.6,0,0,33.038616,335.17,,1,1,1,1,,5163
57363.5,-0.014,0.01,0.068,0.444,-0.024,0.03,9.923,329.57,27.48,1,0,0,33.038616,335.57,,1,1,1,1,,5163.5
57364,-0.076,-0.04,0.277,0.395,0.004,0.019,9.804,329.57,27.48,1,0,0,33.038616,335.57,,1,1,1,1,,5164
57364.5,-0.132,-0.095,0.418,0.295,0.044,0.023,9.686,329.67,28.4,1.2,0,0,34.144712,335.87,,1,1,1,1,,5164.5
57365,-0.166,-0.144,0.478,0.164,0.066,0.031,9.624,329.67,28.4,1.2,0,0,34.144712,335.87,,1,1,1,1,,5165
57365.5,-0.176,-0.18,0.46,0.028,0.087,0.004,9.585,329.77,27.48,1,0,0,33.038616,335.77,,1,1,1,1,,5165.5
57366,-0.162,-0.203,0.375,-0.101,0.102,-0.055,9.568,329.77,27.48,1,0,0,33.038616,335.77,,1,1,1,1,,5166
57366.5,-0.127,-0.208,0.242,-0.207,0.105,-0.126,9.584,329.87,28.4,0.4,0,0,34.144712,335.27,,1,1,1,1,,5166.5
57367,-0.08,-0.196,0.082,-0.281,0.097,-0.132,9.621,329.87,28.4,0.4,0,0,34.144712,335.27,,1,1,1,1,,5167
57367.5,-0.034,-0.17,-0.082,-0.317,0.076,-0.106,9.685,329.87,28.4,355.8,0,0,34.144712,330.67,,1,1,1,1,,5167.5
57368,0.004,-0.136,-0.228,-0.311,0.047,-0.035,9.768,329.87,28.4,355.8,0,0,34.144712,330.67,,1,1,1,1,,5168
57368.5,0.028,-0.1,-0.336,-0.259,0.02,0.061,9.852,329.87,28.4,355.3,0,0,34.144712,330.17,,1,1,1,1,,5168.5
57369,0.025,-0.071,-0.39,-0.167,-0.009,0.132,9.945,329.87,28.4,355.3,0,0,34.144712,330.17,,1,1,1,1,,5169
57369.5,-0.004,-0.055,-0.379,-0.044,-0.041,0.162,10.033,329.97,28.4,356.2,0,0,34.144712,331.17,,1,1,1,1,,5169.5
57370,-0.056,-0.059,-0.305,0.086,-0.048,0.134,10.074,329.97,28.4,356.2,0,0,34.144712,331.17,,1,1,1,1,,5170
57370.5,-0.125,-0.085,-0.176,0.212,-0.048,0.061,10.092,330.07,28.4,358.3,0,0,34.144712,333.37,,1,1,1,1,,5170.5
57371,-0.199,-0.127,-0.012,0.302,-0.017,-0.014,10.033,330.07,28.4,358.3,0,0,34.144712,333.37,,1,1,1,1,,5171
57371.5,-0.27,-0.184,0.161,0.354,0.004,-0.057,9.988,330.07,27.48,356.3,0,0,33.038616,331.37,,1,1,1,1,,5171.5
57372,-0.335,-0.245,0.319,0.349,0.046,-0.06,9.876,330.07,27.48,356.3,0,0,33.038616,331.37,,1,1,1,1,,5172
57372.5,-0.388,-0.298,0.434,0.294,0.066,-0.044,9.792,330.17,27.48,359.7,0,0,33.038616,334.87,,1,1,1,1,,5172.5
57373,-0.425,-0.338,0.491,0.198,0.107,-0.03,9.683,330.17,27.48,359.7,0,0,33.038616,334.87,,1,1,1,1,,5173
57373.5,-0.448,-0.356,0.481,0.077,0.116,-0.046,9.632,330.17,27.48,352.5,0,0,33.038616,327.67,,1,1,1,1,,5173.5
57374,-0.451,-0.351,0.409,-0.042,0.115,-0.1,9.607,330.17,27.48,352.5,0,0,33.038616,327.67,,1,1,1,1,,5174
57374.5,-0.433,-0.324,0.287,-0.151,0.105,-0.159,9.609,330.17,28.4,350.5,0,0,34.144712,325.67,,1,1,1,1,,5174.5
57375,-0.397,-0.279,0.137,-0.224,0.079,-0.173,9.647,330.17,28.4,350.5,0,0,34.144712,325.67,,1,1,1,1,,5175
57375.5,-0.342,-0.223,-0.021,-0.263,0.04,-0.191,9.706,330.27,28.4,355,0,0,34.144712,330.27,,1,1,1,1,,5175.5
57376,-0.273,-0.167,-0.162,-0.255,0,-0.168,9.79,330.27,28.4,355,0,0,34.144712,330.27,,1,1,1,1,,5176
57376.5,-0.187,-0.119,-0.27,-0.218,-0.017,-0.114,9.843,330.17,27.48,348.1,0,0,33.038616,323.27,,1,1,1,1,,5176.5
57377,-0.097,-0.085,-0.333,-0.146,-0.048,-0.078,9.927,330.17,27.48,348.1,0,0,33.038616,323.27,,1,1,1,1,,5177
57377.5,-0.012,-0.073,-0.346,-0.065,-0.04,-0.042,9.936,330.27,26.56,352.3,0,0,31.932519,327.57,,1,1,1,1,,5177.5
57378,0.061,-0.082,-0.314,0.014,-0.036,0.018,9.955,330.27,26.56,352.3,0,0,31.932519,327.57,,1,1,1,1,,5178
57378.5,0.113,-0.111,-0.25,0.068,0.002,0.058,9.901,330.37,27.48,355.7,0,0,33.038616,331.07,,1,1,1,1,,5178.5
57379,0.142,-0.152,-0.176,0.087,0.031,0.108,9.857,330.37,27.48,355.7,0,0,33.038616,331.07,,1,1,1,1,,5179
57379.5,0.147,-0.197,-0.108,0.075,0.076,0.162,9.774,330.47,27.48,359.7,0,0,33.038616,335.17,,1,1,1,1,,5179.5
57380,0.128,-0.235,-0.063,0.029,0.092,0.171,9.727,330.47,27.48,359.7,0,0,33.038616,335.17,,1,1,1,1,,5180
57380.5,0.095,-0.258,-0.047,-0.026,0.109,0.168,9.689,330.57,26.56,355.4,0,0,31.932519,330.97,,1,1,1,1,,5180.5
57381,0.049,-0.259,-0.061,-0.089,0.122,0.138,9.668,330.57,26.56,355.4,0,0,31.932519,330.97,,1,1,1,1,,5181
57381.5,-0.001,-0.24,-0.096,-0.128,0.099,0.092,9.706,330.57,26.56,351.8,0,0,31.932519,327.37,,1,1,1,1,,5181.5
57382,-0.049,-0.201,-0.14,-0.154,0.086,0.06,9.725,330.57,26.56,351.8,0,0,31.932519,327.37,,1,1,1,1,,5182
57382.5,-0.087,-0.145,-0.179,-0.145,0.05,0.039,9.798,330.57,28.4,354.3,0,0,34.144712,329.87,,1,1,1,1,,5182.5
57383,-0.112,-0.085,-0.198,-0.108,0.022,0.005,9.852,330.57,28.4,354.3,0,0,34.144712,329.87,,1,1,1,1,,5183
57383.5,-0.125,-0.029,-0.187,-0.034,-0.027,-0.031,9.952,330.47,28.4,352.7,0,0,34.144712,328.17,,1,1,1,1,,5183.5
57384,-0.12,0.013,-0.133,0.06,-0.047,-0.058,10.001,330.47,28.4,352.7,0,0,34.144712,328.17,,1,1,1,1,,5184
57384.5,-0.106,0.039,-0.038,0.169,-0.084,-0.088,10.072,330.37,29.33,349.1,0,0,35.262831,324.47,,1,1,1,1,,5184.5
57385,-0.075,0.032,0.096,0.277,-0.082,-0.111,10.079,330.37,29.33,349.1,0,0,35.262831,324.47,,1,1,1,1,,5185
57385.5,-0.038,-0.004,0.253,0.359,-0.068,-0.108,10.064,330.27,28.4,354.4,0,0,34.144712,329.67,,1,1,1,1,,5185.5
57386,-0.004,-0.071,0.416,0.406,-0.04,-0.074,10.004,330.27,28.4,354.4,0,0,34.144712,329.67,,1,1,1,1,,5186
57386.5,0.021,-0.16,0.558,0.399,-0.004,-0.041,9.914,330.27,27.48,355,0,0,33.038616,330.27,,1,1,1,1,,5186.5
57387,0.028,-0.262,0.657,0.345,0.044,-0.018,9.802,330.27,27.48,355,0,0,33.038616,330.27,,1,1,1,1,,5187
57387.5,0.014,-0.359,0.692,0.229,0.094,-0.013,9.672,330.37,26.56,352.3,0,0,31.932519,327.67,,1,1,1,1,,5187.5
57388,-0.023,-0.441,0.65,0.082,0.123,-0.022,9.584,330.37,26.56,352.3,0,0,31.932519,327.67,,1,1,1,1,,5188
57388.5,-0.078,-0.498,0.528,-0.094,0.167,-0.02,9.484,330.47,27.48,343.4,0,0,33.038616,318.87,,1,1,1,1,,5188.5
57389,-0.148,-0.52,0.335,-0.26,0.168,0,9.474,330.47,27.48,343.4,0,0,33.038616,318.87,,1,1,1,1,,5189
57389.5,-0.219,-0.503,0.092,-0.404,0.171,0.022,9.469,330.57,27.48,352.2,0,0,33.038616,327.77,,1,1,1,1,,5189.5
57390,-0.285,-0.45,-0.173,-0.494,0.13,0.063,9.564,330.57,27.48,352.2,0,0,33.038616,327.77,,1,1,1,1,,5190
57390.5,-0.335,-0.369,-0.425,-0.525,0.104,0.092,9.633,330.57,26.56,352.2,0,0,31.932519,327.77,,1,1,1,1,,5190.5
57391,-0.364,-0.27,-0.635,-0.489,0.037,0.082,9.782,330.57,26.56,352.2,0,0,31.932519,327.77,,1,1,1,1,,5191
57391.5,-0.372,-0.167,-0.774,-0.397,0.007,0.047,9.868,330.57,26.56,348,0,0,31.932519,323.57,,1,1,1,1,,5191.5
57392,-0.36,-0.071,-0.828,-0.259,-0.046,-0.012,10.002,330.57,26.56,348,0,0,31.932519,323.57,,1,1,1,1,,5192
57392.5,-0.335,0.007,-0.789,-0.087,-0.076,-0.094,10.085,330.47,27.48,352.4,0,0,33.038616,327.87,,1,1,1,1,,5192.5
57393,-0.3,0.058,-0.664,0.084,-0.087,-0.138,10.133,330.47,27.48,352.4,0,0,33.038616,327.87,,1,1,1,1,,5193
57393.5,-0.264,0.076,-0.467,0.246,-0.078,-0.145,10.134,330.37,27.48,353.5,0,0,33.038616,328.87,,1,1,1,1,,5193.5
57394,-0.232,0.062,-0.228,0.361,-0.061,-0.141,10.092,330.37,27.48,353.5,0,0,33.038616,328.87,,1,1,1,1,,5194
57394.5,-0.205,0.018,0.025,0.432,-0.032,-0.122,10.029,330.37,27.48,357.5,0,0,33.038616,332.87,,1,1,1,1,,5194.5
57395,-0.184,-0.045,0.258,0.434,0.023,-0.073,9.898,330.37,27.48,357.5,0,0,33.038616,332.87,,1,1,1,1,,5195
57395.5,-0.167,-0.121,0.441,0.382,0.044,-0.003,9.804,330.37,27.48,2.7,0,0,33.038616,338.07,,1,1,1,1,,5195.5
57396,-0.148,-0.195,0.554,0.272,0.09,0.026,9.671,330.37,27.48,2.7,0,0,33.038616,338.07,,1,1,1,1,,5196
57396.5,-0.123,-0.256,0.583,0.131,0.112,0.016,9.6,330.37,25.64,1.6,0,0,30.826423,336.97,,1,1,1,1,,5196.5
57397,-0.085,-0.299,0.531,-0.022,0.132,0.021,9.534,330.37,25.64,1.6,0,0,30.826423,336.97,,1,1,1,1,,5197
57397.5,-0.027,-0.315,0.408,-0.165,0.121,0.014,9.539,330.27,26.56,356.3,0,0,31.932519,331.57,,1,1,1,1,,5197.5
57398,0.044,-0.307,0.238,-0.277,0.122,-0.004,9.551,330.27,26.56,356.3,0,0,31.932519,331.57,,1,1,1,1,,5198
57398.5,0.13,-0.276,0.046,-0.343,0.086,0.001,9.642,330.27,25.64,348.1,0,0,30.826423,323.37,,1,1,1,1,,5198.5
57399,0.216,-0.226,-0.134,-0.343,0.05,0.02,9.755,330.27,25.64,348.1,0,0,30.826423,323.37,,1,1,1,1,,5199
57399.5,0.294,-0.17,-0.272,-0.283,0.009,0.045,9.882,330.17,26.56,0,0,0,31.932519,335.17,,1,1,1,1,,5199.5
57400,0.354,-0.118,-0.343,-0.16,-0.036,0.095,10.018,330.17,26.56,0,0,0,31.932519,335.17,,1,1,1,1,,5200
57400.5,0.387,-0.083,-0.332,0,-0.073,0.14,10.124,330.17,25.64,350.5,0,0,30.826423,325.67,,1,1,1,1,,5200.5
57401,0.383,-0.076,-0.239,0.174,-0.091,0.142,10.184,330.17,25.64,350.5,0,0,30.826423,325.67,,1,1,1,1,,5201
57401.5,0.347,-0.104,-0.077,0.331,-0.076,0.129,10.178,330.07,26.56,354.4,0,0,31.932519,329.47,,1,1,1,1,,5201.5
57402,0.276,-0.161,0.124,0.437,-0.052,0.102,10.107,330.07,26.56,354.4,0,0,31.932519,329.47,,1,1,1,1,,5202
57402.5,0.182,-0.245,0.328,0.473,-0.005,0.064,9.989,330.17,25.64,2.6,0,0,30.826423,337.77,,1,1,1,1,,5202.5
57403,0.076,-0.34,0.495,0.423,0.055,0.045,9.814,330.17,25.64,2.6,0,0,30.826423,337.77,,1,1,1,1,,5203
57403.5,-0.035,-0.429,0.588,0.297,0.105,0.046,9.652,330.17,27.48,346.3,0,0,33.038616,321.47,,1,1,1,1,,5203.5
57404,-0.142,-0.502,0.585,0.109,0.156,0.016,9.495,330.17,27.48,346.3,0,0,33.038616,321.47,,1,1,1,1,,5204
57404.5,-0.228,-0.538,0.477,-0.108,0.179,-0.001,9.4,330.07,25.64,342.4,0,0,30.826423,317.47,,1,1,1,1,,5204.5
57405,-0.292,-0.532,0.276,-0.327,0.2,-0.031,9.341,330.07,25.64,342.4,0,0,30.826423,317.47,,1,1,1,1,,5205
57405.5,-0.325,-0.481,0.004,-0.512,0.183,-0.088,9.368,329.97,26.56,338.8,0,0,31.932519,313.77,,1,1,1,1,,5205.5
57406,-0.32,-0.389,-0.302,-0.637,0.159,-0.126,9.435,329.97,26.56,338.8,0,0,31.932519,313.77,,1,1,1,1,,5206
57406.5,-0.283,-0.261,-0.599,-0.682,0.103,-0.159,9.579,329.97,26.56,341.8,0,0,31.932519,316.77,,1,1,1,1,,5206.5
57407,-0.222,-0.113,-0.844,-0.635,0.044,-0.15,9.743,329.97,26.56,341.8,0,0,31.932519,316.77,,1,1,1,1,,5207
57407.5,-0.143,0.034,-1,-0.504,-0.023,-0.106,9.928,329.77,26.56,354.7,0,0,31.932519,329.47,,1,1,1,1,,5207.5
57408,-0.062,0.162,-1.039,-0.297,-0.09,-0.048,10.104,329.77,26.56,354.7,0,0,31.932519,329.47,,1,1,1,1,,5208
57408.5,0,0.253,-0.948,-0.043,-0.148,0.042,10.254,329.77,26.56,354,0,0,31.932519,328.77,,1,1,1,1,,5208.5
57409,0.034,0.294,-0.733,0.226,-0.172,0.099,10.338,329.77,26.56,354,0,0,31.932519,328.77,,1,1,1,1,,5209
57409.5,0.034,0.283,-0.416,0.474,-0.173,0.101,10.36,329.67,25.64,354.9,0,0,30.826423,329.57,,1,1,1,1,,5209.5
57410,0,0.212,-0.034,0.673,-0.156,0.059,10.319,329.67,25.64,354.9,0,0,30.826423,329.57,,1,1,1,1,,5210
57410.5,-0.059,0.09,0.37,0.794,-0.107,0.003,10.216,329.67,27.48,351.9,0,0,33.038616,326.57,,1,1,1,1,,5210.5
57411,-0.134,-0.071,0.745,0.826,-0.048,0.001,10.073,329.67,27.48,351.9,0,0,33.038616,326.57,,1,1,1,1,,5211
57411.5,-0.205,-0.252,1.048,0.756,0.027,-0.029,9.878,329.67,27.48,350.4,0,0,33.038616,325.07,,1,1,1,1,,5211.5
57412,-0.266,-0.435,1.235,0.588,0.112,-0.023,9.662,329.67,27.48,350.4,0,0,33.038616,325.07,,1,1,1,1,,5212
57412.5,-0.3,-0.597,1.28,0.337,0.192,-0.01,9.45,329.67,26.56,357.9,0,0,31.932519,332.57,,1,1,1,1,,5212.5
57413,-0.304,-0.712,1.167,0.033,0.244,0.008,9.294,329.67,26.56,357.9,0,0,31.932519,332.57,,1,1,1,1,,5213
57413.5,-0.277,-0.771,0.908,-0.283,0.273,-0.014,9.198,329.57,25.64,347.5,0,0,30.826423,322.07,,1,1,1,1,,5213.5
57414,-0.217,-0.759,0.531,-0.568,0.272,-0.055,9.19,329.57,25.64,347.5,0,0,30.826423,322.07,,1,1,1,1,,5214
57414.5,-0.133,-0.68,0.085,-0.775,0.226,-0.056,9.288,329.47,24.71,353.3,0,0,29.708304,327.77,,1,1,1,1,,5214.5
57415,-0.031,-0.541,-0.371,-0.873,0.154,-0.061,9.463,329.47,24.71,353.3,0,0,29.708304,327.77,,1,1,1,1,,5215
57415.5,0.074,-0.365,-0.771,-0.845,0.064,-0.05,9.691,329.37,25.64,354,0,0,30.826423,328.37,,1,1,1,1,,5215.5
57416,0.177,-0.175,-1.062,-0.702,-0.02,-0.017,9.917,329.37,25.64,354,0,0,30.826423,328.37,,1,1,1,1,,5216
57416.5,0.269,0.004,-1.207,-0.468,-0.093,-0.007,10.122,329.17,26.56,4.2,0,0,31.932519,338.37,,1,1,1,1,,5216.5
57417,0.34,0.153,-1.19,-0.182,-0.15,0.024,10.27,329.17,26.56,4.2,0,0,31.932519,338.37,,1,1,1,1,,5217
57417.5,0.382,0.254,-1.022,0.114,-0.177,0.059,10.35,329.07,28.4,1.3,0,0,34.144712,335.37,,1,1,1,1,,5217.5
57418,0.391,0.295,-0.732,0.377,-0.167,0.072,10.34,329.07,28.4,1.3,0,0,34.144712,335.37,,1,1,1,1,,5218
57418.5,0.371,0.274,-0.364,0.576,-0.144,0.093,10.275,329.17,27.48,5.3,0,0,33.038616,339.47,,1,1,1,1,,5218.5
57419,0.327,0.2,0.03,0.689,-0.103,0.131,10.152,329.17,27.48,5.3,0,0,33.038616,339.47,,1,1,1,1,,5219
57419.5,0.261,0.085,0.396,0.705,-0.045,0.126,9.992,329.07,28.4,2.8,0,0,34.144712,336.87,,1,1,1,1,,5219.5
57420,0.184,-0.059,0.689,0.625,0.028,0.116,9.795,329.07,28.4,2.8,0,0,34.144712,336.87,,1,1,1,1,,5220
57420.5,0.1,-0.204,0.872,0.461,0.09,0.13,9.623,329.07,27.48,357.7,0,0,33.038616,331.77,,1,1,1,1,,5220.5
57421,0.017,-0.339,0.925,0.243,0.146,0.079,9.486,329.07,27.48,357.7,0,0,33.038616,331.77,,1,1,1,1,,5221
57421.5,-0.064,-0.443,0.852,0.01,0.173,0.015,9.421,329.07,27.48,3.2,0,0,33.038616,337.27,,1,1,1,1,,5221.5
57422,-0.135,-0.511,0.672,-0.2,0.18,0.013,9.422,329.07,27.48,3.2,0,0,33.038616,337.27,,1,1,1,1,,5222
57422.5,-0.189,-0.536,0.423,-0.354,0.163,0.006,9.493,328.97,28.4,0,0,0,34.144712,333.97,,1,1,1,1,,5222.5
57423,-0.222,-0.523,0.148,-0.437,0.132,-0.048,9.594,328.97,28.4,0,0,0,34.144712,333.97,,1,1,1,1,,5223
57423.5,-0.229,-0.481,-0.11,-0.444,0.08,-0.072,9.733,328.87,28.4,352.4,0,0,34.144712,326.27,,1,1,1,1,,5223.5
57424,-0.208,-0.415,-0.317,-0.388,0.048,-0.127,9.843,328.87,28.4,352.4,0,0,34.144712,326.27,,1,1,1,1,,5224
57424.5,-0.163,-0.343,-0.454,-0.287,0.013,-0.15,9.947,328.77,28.4,0.5,0,0,34.144712,334.27,,1,1,1,1,,5224.5
57425,-0.105,-0.271,-0.508,-0.154,-0.012,-0.13,10.006,328.77,28.4,0.5,0,0,34.144712,334.27,,1,1,1,1,,5225
57425.5,-0.049,-0.208,-0.487,-0.031,-0.027,-0.112,10.018,328.67,28.4,6.1,0,0,34.144712,339.77,,1,1,1,1,,5225.5
57426,-0.013,-0.158,-0.409,0.069,-0.026,-0.013,9.989,328.67,28.4,6.1,0,0,34.144712,339.77,,1,1,1,1,,5226
57426.5,-0.003,-0.122,-0.301,0.126,-0.005,0.043,9.917,328.47,31.35,4.3,0,0,37.691434,337.77,,1,1,1,1,,5226.5
57427,-0.028,-0.094,-0.188,0.139,0.014,0.079,9.838,328.47,31.35,4.3,0,0,37.691434,337.77,,1,1,1,1,,5227
57427.5,-0.082,-0.074,-0.093,0.105,0.04,0.047,9.741,328.47,31.35,7.4,0,0,37.691434,340.87,,1,1,1,1,,5227.5
57428,-0.155,-0.054,-0.033,0.046,0.041,0.036,9.705,328.47,31.35,7.4,0,0,37.691434,340.87,,1,1,1,1,,5228
57428.5,-0.234,-0.033,-0.012,-0.019,0.058,0.019,9.683,328.37,31.35,8.4,0,0,37.691434,341.77,,1,1,1,1,,5228.5
57429,-0.302,-0.012,-0.019,-0.064,0.048,0.014,9.728,328.37,31.35,8.4,0,0,37.691434,341.77,,1,1,1,1,,5229
57429.5,-0.354,0.003,-0.036,-0.073,0.033,-0.002,9.785,328.37,31.35,8.2,0,0,37.691434,341.57,,1,1,1,1,,5229.5
57430,-0.379,0.01,-0.046,-0.043,-0.006,-0.015,9.88,328.37,31.35,8.2,0,0,37.691434,341.57,,1,1,1,1,,5230
57430.5,-0.377,0.003,-0.031,0.016,-0.025,-0.047,9.938,328.37,31.35,7.8,0,0,37.691434,341.17,,1,1,1,1,,5230.5
57431,-0.349,-0.023,0.014,0.092,-0.031,-0.063,9.983,328.37,31.35,7.8,0,0,37.691434,341.17,,1,1,1,1,,5231
57431.5,-0.302,-0.069,0.089,0.174,-0.039,-0.146,10.014,328.27,32.28,7.1,0,0,38.809553,340.37,,1,1,1,1,,5231.5
57432,-0.239,-0.134,0.188,0.242,-0.037,-0.161,10.009,328.27,32.28,7.1,0,0,38.809553,340.37,,1,1,1,1,,5232
57432.5,-0.16,-0.21,0.296,0.284,-0.013,-0.176,9.968,328.07,31.35,7.1,0,0,37.691434,340.17,,1,1,1,1,,5232.5
57433,-0.076,-0.297,0.393,0.283,0.026,-0.188,9.886,328.07,31.35,7.1,0,0,37.691434,340.17,,1,1,1,1,,5233
57433.5,0.006,-0.382,0.461,0.241,0.056,-0.087,9.807,327.97,31.35,7.5,0,0,37.691434,340.47,,1,1,1,1,,5233.5
57434,0.08,-0.455,0.484,0.163,0.088,-0.024,9.724,327.97,31.35,7.5,0,0,37.691434,340.47,,1,1,1,1,,5234
57434.5,0.136,-0.506,0.453,0.061,0.104,0.066,9.668,327.87,30.43,7.7,0,0,36.585338,340.57,,1,1,1,1,,5234.5
57435,0.167,-0.531,0.371,-0.049,0.122,0.144,9.618,327.87,30.43,7.7,0,0,36.585338,340.57,,1,1,1,1,,5235
57435.5,0.172,-0.525,0.243,-0.155,0.126,0.212,9.602,327.87,31.35,5.2,0,0,37.691434,338.07,,1,1,1,1,,5235.5
57436,0.153,-0.487,0.084,-0.251,0.126,0.203,9.594,327.87,31.35,5.2,0,0,37.691434,338.07,,1,1,1,1,,5236
57436.5,0.119,-0.421,-0.094,-0.325,0.114,0.143,9.603,327.87,31.35,3.6,0,0,37.691434,336.47,,1,1,1,1,,5236.5
57437,0.081,-0.328,-0.276,-0.382,0.106,0.057,9.615,327.87,31.35,3.6,0,0,37.691434,336.47,,1,1,1,1,,5237
57437.5,0.042,-0.22,-0.447,-0.405,0.079,-0.022,9.667,327.77,31.35,4.9,0,0,37.691434,337.67,,1,1,1,1,,5237.5
57438,0.013,-0.101,-0.59,-0.393,0.045,-0.05,9.729,327.77,31.35,4.9,0,0,37.691434,337.67,,1,1,1,1,,5238
57438.5,0,0.013,-0.688,-0.337,-0.001,-0.051,9.831,327.77,31.35,6,0,0,37.691434,338.77,,1,1,1,1,,5238.5
57439,0.003,0.111,-0.725,-0.239,-0.04,-0.065,9.922,327.77,31.35,6,0,0,37.691434,338.77,,1,1,1,1,,5239
57439.5,0.026,0.181,-0.692,-0.105,-0.081,-0.047,10.03,327.67,31.35,8.7,0,0,37.691434,341.37,,1,1,1,1,,5239.5
57440,0.066,0.211,-0.584,0.056,-0.104,-0.064,10.113,327.67,31.35,8.7,0,0,37.691434,341.37,,1,1,1,1,,5240
57440.5,0.116,0.198,-0.405,0.224,-0.117,-0.117,10.169,327.37,31.35,10.4,0,0,37.691434,342.77,,1,1,1,1,,5240.5
57441,0.175,0.14,-0.17,0.377,-0.109,-0.064,10.172,327.37,31.35,10.4,0,0,37.691434,342.77,,1,1,1,1,,5241
57441.5,0.229,0.044,0.096,0.485,-0.079,-0.006,10.119,327.37,31.35,9.8,0,0,37.691434,342.17,,1,1,1,1,,5241.5
57442,0.275,-0.078,0.358,0.533,-0.033,0.064,10.021,327.37,31.35,9.8,0,0,37.691434,342.17,,1,1,1,1,,5242
57442.5,0.306,-0.211,0.585,0.516,0.011,0.131,9.91,327.37,30.43,10.2,0,0,36.585338,342.57,,1,1,1,1,,5242.5
57443,0.315,-0.339,0.749,0.439,0.059,0.153,9.788,327.37,30.43,10.2,0,0,36.585338,342.57,,1,1,1,1,,5243
57443.5,0.308,-0.448,0.83,0.317,0.095,0.19,9.694,327.27,31.35,8.6,0,0,37.691434,340.87,,1,1,1,1,,5243.5
57444,0.279,-0.527,0.825,0.169,0.126,0.177,9.613,327.27,31.35,8.6,0,0,37.691434,340.87,,1,1,1,1,,5244
57444.5,0.231,-0.566,0.737,0.011,0.141,0.169,9.56,327.37,30.43,6.6,0,0,36.585338,338.97,,1,1,1,1,,5244.5
57445,0.171,-0.565,0.577,-0.145,0.152,0.126,9.519,327.37,30.43,6.6,0,0,36.585338,338.97,,1,1,1,1,,5245
57445.5,0.108,-0.525,0.361,-0.288,0.149,0.062,9.512,327.27,29.33,1.2,0,0,35.262831,333.47,,1,1,1,1,,5245.5
57446,0.049,-0.451,0.11,-0.403,0.14,-0.006,9.524,327.27,29.33,1.2,0,0,35.262831,333.47,,1,1,1,1,,5246
57446.5,-0.003,-0.35,-0.154,-0.486,0.12,-0.043,9.555,327.17,28.4,2.1,0,0,34.144712,334.27,,1,1,1,1,,5246.5
57447,-0.046,-0.233,-0.406,-0.526,0.088,-0.099,9.613,327.17,28.4,2.1,0,0,34.144712,334.27,,1,1,1,1,,5247
57447.5,-0.079,-0.115,-0.624,-0.522,0.058,-0.153,9.687,327.07,28.4,358.1,0,0,34.144712,330.17,,1,1,1,1,,5247.5
57448,-0.1,-0.003,-0.789,-0.466,0.012,-0.152,9.789,327.07,28.4,358.1,0,0,34.144712,330.17,,1,1,1,1,,5248
57448.5,-0.105,0.095,-0.882,-0.367,-0.022,-0.176,9.884,326.97,27.48,358.5,0,0,33.038616,330.47,,1,1,1,1,,5248.5
57449,-0.096,0.166,-0.892,-0.226,-0.066,-0.158,10.004,326.97,27.48,358.5,0,0,33.038616,330.47,,1,1,1,1,,5249
57449.5,-0.077,0.203,-0.813,-0.05,-0.093,-0.075,10.099,326.97,28.4,359.3,0,0,34.144712,331.27,,1,1,1,1,,5249.5
57450,-0.051,0.204,-0.647,0.143,-0.116,-0.02,10.186,326.97,28.4,359.3,0,0,34.144712,331.27,,1,1,1,1,,5250
57450.5,-0.019,0.163,-0.405,0.335,-0.124,0.058,10.226,326.97,27.48,1,0,0,33.038616,332.97,,1,1,1,1,,5250.5
57451,0.005,0.085,-0.107,0.5,-0.114,0.13,10.233,326.97,27.48,1,0,0,33.038616,332.97,,1,1,1,1,,5251
57451.5,0.014,-0.021,0.218,0.626,-0.091,0.169,10.193,326.87,26.56,4.4,0,0,31.932519,336.27,,1,1,1,1,,5251.5
57452,-0.001,-0.151,0.539,0.694,-0.059,0.176,10.12,326.87,26.56,4.4,0,0,31.932519,336.27,,1,1,1,1,,5252
57452.5,-0.041,-0.288,0.824,0.699,-0.017,0.105,10.012,326.87,26.56,1.7,0,0,31.932519,333.57,,1,1,1,1,,5252.5
57453,-0.11,-0.424,1.039,0.624,0.05,0.063,9.852,326.87,26.56,1.7,0,0,31.932519,333.57,,1,1,1,1,,5253
57453.5,-0.193,-0.542,1.158,0.48,0.106,-0.032,9.692,326.87,26.56,7.6,0,0,31.932519,339.47,,1,1,1,1,,5253.5
57454,-0.283,-0.631,1.158,0.265,0.165,-0.148,9.506,326.87,26.56,7.6,0,0,31.932519,339.47,,1,1,1,1,,5254
57454.5,-0.377,-0.674,1.027,-0.001,0.212,-0.205,9.354,326.87,26.56,0.6,0,0,31.932519,332.47,,1,1,1,1,,5254.5
57455,-0.46,-0.669,0.77,-0.289,0.244,-0.229,9.231,326.87,26.56,0.6,0,0,31.932519,332.47,,1,1,1,1,,5255
57455.5,-0.527,-0.604,0.405,-0.563,0.236,-0.168,9.202,326.87,28.4,2.8,0,0,34.144712,334.67,,1,1,1,1,,5255.5
57456,-0.573,-0.49,-0.029,-0.781,0.207,-0.13,9.24,326.87,28.4,2.8,0,0,34.144712,334.67,,1,1,1,1,,5256
57456.5,-0.585,-0.334,-0.484,-0.914,0.145,-0.106,9.369,326.87,28.4,1,0,0,34.144712,332.87,,1,1,1,1,,5256.5
57457,-0.569,-0.156,-0.901,-0.929,0.062,-0.113,9.571,326.87,28.4,1,0,0,34.144712,332.87,,1,1,1,1,,5257
57457.5,-0.533,0.019,-1.225,-0.831,-0.017,-0.085,9.791,326.87,27.48,3.3,0,0,33.038616,335.17,,1,1,1,1,,5257.5
57458,-0.477,0.176,-1.414,-0.626,-0.094,-0.059,10.022,326.87,27.48,3.3,0,0,33.038616,335.17,,1,1,1,1,,5258
57458.5,-0.413,0.287,-1.441,-0.353,-0.135,-0.036,10.193,326.87,28.4,9,0,0,34.144712,340.87,,1,1,1,1,,5258.5
57459,-0.351,0.342,-1.307,-0.042,-0.172,0.004,10.333,326.87,28.4,9,0,0,34.144712,340.87,,1,1,1,1,,5259
57459.5,-0.295,0.343,-1.027,0.263,-0.169,0.021,10.382,326.77,26.56,8.7,0,0,31.932519,340.47,,1,1,1,1,,5259.5
57460,-0.254,0.284,-0.64,0.524,-0.16,-0.023,10.375,326.77,26.56,8.7,0,0,31.932519,340.47,,1,1,1,1,,5260
57460.5,-0.224,0.174,-0.191,0.719,-0.122,-0.077,10.303,326.67,26.56,14,0,0,31.932519,345.67,,1,1,1,1,,5260.5
57461,-0.205,0.036,0.267,0.825,-0.076,-0.116,10.181,326.67,26.56,14,0,0,31.932519,345.67,,1,1,1,1,,5261
57461.5,-0.196,-0.119,0.684,0.843,-0.022,-0.133,10.038,326.67,25.64,11,0,0,30.826423,342.67,,1,1,1,1,,5261.5
57462,-0.199,-0.272,1.018,0.771,0.041,-0.116,9.877,326.67,25.64,11,0,0,30.826423,342.67,,1,1,1,1,,5262
57462.5,-0.212,-0.405,1.24,0.629,0.094,-0.09,9.726,326.67,26.56,14,0,0,31.932519,345.67,,1,1,1,1,,5262.5
57463,-0.233,-0.508,1.331,0.429,0.139,-0.023,9.588,326.67,26.56,14,0,0,31.932519,345.67,,1,1,1,1,,5263
57463.5,-0.255,-0.568,1.29,0.204,0.161,-0.012,9.51,326.77,26.56,10.9,0,0,31.932519,342.67,,1,1,1,1,,5263.5
57464,-0.277,-0.584,1.13,-0.02,0.181,0.021,9.452,326.77,26.56,10.9,0,0,31.932519,342.67,,1,1,1,1,,5264
57464.5,-0.288,-0.559,0.877,-0.221,0.172,0.01,9.454,326.87,28.4,10.2,0,0,34.144712,342.07,,1,1,1,1,,5264.5
57465,-0.281,-0.501,0.564,-0.378,0.137,-0.037,9.497,326.87,28.4,10.2,0,0,34.144712,342.07,,1,1,1,1,,5265
57465.5,-0.25,-0.424,0.226,-0.482,0.098,-0.093,9.558,326.87,27.48,15.3,0,0,33.038616,347.17,,1,1,1,1,,5265.5
57466,-0.192,-0.341,-0.103,-0.532,0.058,-0.086,9.635,326.87,27.48,15.3,0,0,33.038616,347.17,,1,1,1,1,,5266
57466.5,-0.104,-0.262,-0.395,-0.535,0.031,-0.068,9.685,326.87,28.4,10,0,0,34.144712,341.87,,1,1,1,1,,5266.5
57467,0.003,-0.193,-0.633,-0.503,-0.003,0.019,9.758,326.87,28.4,10,0,0,34.144712,341.87,,1,1,1,1,,5267
57467.5,0.124,-0.141,-0.806,-0.443,-0.014,0.048,9.797,326.87,29.33,9.6,0,0,35.262831,341.47,,1,1,1,1,,5267.5
57468,0.247,-0.099,-0.912,-0.37,-0.015,0.106,9.835,326.87,29.33,9.6,0,0,35.262831,341.47,,1,1,1,1,,5268
57468.5,0.361,-0.07,-0.951,-0.278,-0.012,0.126,9.873,326.67,30.43,8.5,0,0,36.585338,340.17,,1,1,1,1,,5268.5
57469,0.452,-0.046,-0.927,-0.185,-0.003,0.116,9.898,326.67,30.43,8.5,0,0,36.585338,340.17,,1,1,1,1,,5269
57469.5,0.51,-0.027,-0.848,-0.083,-0.008,0.087,9.944,326.67,29.33,5.9,0,0,35.262831,337.57,,1,1,1,1,,5269.5
57470,0.53,-0.01,-0.722,0.008,0.013,0.048,9.935,326.67,29.33,5.9,0,0,35.262831,337.57,,1,1,1,1,,5270
57470.5,0.504,0.009,-0.562,0.094,0.015,0.023,9.959,326.67,29.33,8.9,0,0,35.262831,340.57,,1,1,1,1,,5270.5
57471,0.439,0.028,-0.378,0.171,0.02,0.027,9.963,326.67,29.33,8.9,0,0,35.262831,340.57,,1,1,1,1,,5271
57471.5,0.34,0.049,-0.181,0.246,0.001,0.026,10.004,326.77,29.33,10.3,0,0,35.262831,342.07,,1,1,1,1,,5271.5
57472,0.217,0.06,0.027,0.321,-0.011,0.019,10.023,326.77,29.33,10.3,0,0,35.262831,342.07,,1,1,1,1,,5272
57472.5,0.089,0.059,0.241,0.401,-0.051,0.025,10.078,326.87,28.4,5.8,0,0,34.144712,337.67,,1,1,1,1,,5272.5
57473,-0.035,0.038,0.456,0.462,-0.057,0.017,10.054,326.87,28.4,5.8,0,0,34.144712,337.67,,1,1,1,1,,5273
57473.5,-0.135,-0.002,0.656,0.504,-0.071,-0.028,10.057,326.97,27.48,9.9,0,0,33.038616,341.87,,1,1,1,1,,5273.5
57474,-0.205,-0.067,0.829,0.498,-0.024,-0.005,9.938,326.97,27.48,9.9,0,0,33.038616,341.87,,1,1,1,1,,5274
57474.5,-0.245,-0.153,0.951,0.451,-0.015,0.025,9.885,326.97,28.4,5.9,0,0,34.144712,337.87,,1,1,1,1,,5274.5
57475,-0.26,-0.25,1.009,0.349,0.051,0.029,9.721,326.97,28.4,5.9,0,0,34.144712,337.87,,1,1,1,1,,5275
57475.5,-0.261,-0.348,0.981,0.194,0.081,0.019,9.623,327.07,27.48,5.3,0,0,33.038616,337.37,,1,1,1,1,,5275.5
57476,-0.25,-0.437,0.865,0.008,0.131,0.041,9.488,327.07,27.48,5.3,0,0,33.038616,337.37,,1,1,1,1,,5276
57476.5,-0.244,-0.502,0.657,-0.202,0.152,0.025,9.417,326.97,26.56,7.2,0,0,31.932519,339.17,,1,1,1,1,,5276.5
57477,-0.241,-0.534,0.376,-0.388,0.157,-0.051,9.402,326.97,26.56,7.2,0,0,31.932519,339.17,,1,1,1,1,,5277
57477.5,-0.255,-0.527,0.048,-0.55,0.162,-0.113,9.41,326.97,29.33,9.4,0,0,35.262831,341.37,,1,1,1,1,,5277.5
57478,-0.282,-0.483,-0.293,-0.64,0.123,-0.168,9.513,326.97,29.33,9.4,0,0,35.262831,341.37,,1,1,1,1,,5278
57478.5,-0.318,-0.404,-0.609,-0.671,0.101,-0.215,9.599,326.97,28.4,16.5,0,0,34.144712,348.47,,1,1,1,1,,5278.5
57479,-0.358,-0.299,-0.868,-0.621,0.046,-0.187,9.759,326.97,28.4,16.5,0,0,34.144712,348.47,,1,1,1,1,,5279
57479.5,-0.399,-0.179,-1.038,-0.513,0.022,-0.147,9.862,327.07,30.43,9.3,0,0,36.585338,341.37,,1,1,1,1,,5279.5
57480,-0.438,-0.055,-1.105,-0.345,-0.044,-0.159,10.035,327.07,30.43,9.3,0,0,36.585338,341.37,,1,1,1,1,,5280
57480.5,-0.467,0.059,-1.057,-0.144,-0.052,-0.123,10.1,327.17,28.4,17.4,0,0,34.144712,349.57,,1,1,1,1,,5280.5
57481,-0.48,0.153,-0.906,0.068,-0.094,-0.124,10.2,327.17,28.4,17.4,0,0,34.144712,349.57,,1,1,1,1,,5281
57481.5,-0.475,0.213,-0.664,0.27,-0.094,-0.089,10.203,327.27,28.4,13.2,0,0,34.144712,345.47,,1,1,1,1,,5281.5
57482,-0.45,0.242,-0.363,0.43,-0.096,-0.059,10.194,327.27,28.4,13.2,0,0,34.144712,345.47,,1,1,1,1,,5282
57482.5,-0.411,0.231,-0.033,0.552,-0.083,-0.004,10.137,327.27,28.4,13.3,0,0,34.144712,345.57,,1,1,1,1,,5282.5
57483,-0.355,0.181,0.29,0.604,-0.068,0.032,10.057,327.27,28.4,13.3,0,0,34.144712,345.57,,1,1,1,1,,5283
57483.5,-0.29,0.1,0.577,0.611,-0.048,0.077,9.976,327.37,26.56,13.6,0,0,31.932519,345.97,,1,1,1,1,,5283.5
57484,-0.221,-0.008,0.801,0.547,0,0.095,9.841,327.37,26.56,13.6,0,0,31.932519,345.97,,1,1,1,1,,5284
57484.5,-0.154,-0.13,0.942,0.446,0.015,0.028,9.766,327.27,26.56,12.4,0,0,31.932519,344.67,,1,1,1,1,,5284.5
57485,-0.085,-0.258,0.991,0.291,0.073,-0.015,9.617,327.27,26.56,12.4,0,0,31.932519,344.67,,1,1,1,1,,5285
57485.5,-0.023,-0.376,0.937,0.11,0.097,-0.049,9.544,327.27,25.64,8.2,0,0,30.826423,340.47,,1,1,1,1,,5285.5
57486,0.032,-0.472,0.788,-0.099,0.149,-0.05,9.423,327.27,25.64,8.2,0,0,30.826423,340.47,,1,1,1,1,,5286
57486.5,0.08,-0.527,0.548,-0.308,0.168,-0.073,9.393,327.27,25.64,7.7,0,0,30.826423,339.97,,1,1,1,1,,5286.5
57487,0.118,-0.54,0.243,-0.493,0.2,-0.054,9.355,327.27,25.64,7.7,0,0,30.826423,339.97,,1,1,1,1,,5287
57487.5,0.146,-0.501,-0.1,-0.635,0.174,-0.051,9.432,327.37,26.56,13.2,0,0,31.932519,345.57,,1,1,1,1,,5287.5
57488,0.158,-0.418,-0.44,-0.699,0.149,-0.059,9.531,327.37,26.56,13.2,0,0,31.932519,345.57,,1,1,1,1,,5288
57488.5,0.155,-0.296,-0.738,-0.686,0.103,-0.035,9.684,327.37,26.56,4.9,0,0,31.932519,337.27,,1,1,1,1,,5288.5
57489,0.135,-0.151,-0.953,-0.575,0.029,0.01,9.872,327.37,26.56,4.9,0,0,31.932519,337.27,,1,1,1,1,,5289
57489.5,0.097,-0.007,-1.055,-0.396,-0.039,0.023,10.041,327.47,25.64,9,0,0,30.826423,341.47,,1,1,1,1,,5289.5
57490,0.042,0.126,-1.025,-0.147,-0.114,0.067,10.22,327.47,25.64,9,0,0,30.826423,341.47,,1,1,1,1,,5290
57490.5,-0.02,0.222,-0.863,0.124,-0.16,0.131,10.323,327.57,26.56,0.1,0,0,31.932519,332.67,,1,1,1,1,,5290.5
57491,-0.084,0.271,-0.583,0.394,-0.187,0.105,10.386,327.57,26.56,0.1,0,0,31.932519,332.67,,1,1,1,1,,5291
57491.5,-0.146,0.264,-0.218,0.625,-0.183,0.092,10.375,327.57,25.64,0.1,0,0,30.826423,332.67,,1,1,1,1,,5291.5
57492,-0.2,0.202,0.191,0.786,-0.151,0.072,10.289,327.57,25.64,0.1,0,0,30.826423,332.67,,1,1,1,1,,5292
57492.5,-0.249,0.088,0.594,0.859,-0.103,0.039,10.161,327.67,24.71,1.2,0,0,29.708304,333.87,,1,1,1,1,,5292.5
57493,-0.289,-0.062,0.939,0.825,-0.018,-0.008,9.951,327.67,24.71,1.2,0,0,29.708304,333.87,,1,1,1,1,,5293
57493.5,-0.322,-0.233,1.18,0.682,0.061,-0.062,9.728,327.67,23.79,2.7,0,0,28.602208,335.37,,1,1,1,1,,5293.5
57494,-0.354,-0.401,1.277,0.438,0.144,-0.105,9.481,327.67,23.79,2.7,0,0,28.602208,335.37,,1,1,1,1,,5294
57494.5,-0.389,-0.54,1.209,0.119,0.204,-0.145,9.287,327.67,24.71,3.1,0,0,29.708304,335.77,,1,1,1,1,,5294.5
57495,-0.43,-0.635,0.976,-0.23,0.252,-0.174,9.138,327.67,24.71,3.1,0,0,29.708304,335.77,,1,1,1,1,,5295
57495.5,-0.475,-0.663,0.599,-0.57,0.267,-0.129,9.085,327.67,26.56,349.8,0,0,31.932519,322.47,,1,1,1,1,,5295.5
57496,-0.52,-0.624,0.123,-0.847,0.252,-0.128,9.121,327.67,26.56,349.8,0,0,31.932519,322.47,,1,1,1,1,,5296
57496.5,-0.566,-0.513,-0.397,-1.032,0.21,-0.113,9.25,327.67,26.56,358.7,0,0,31.932519,331.37,,1,1,1,1,,5296.5
57497,-0.606,-0.349,-0.891,-1.083,0.134,-0.14,9.474,327.67,26.56,358.7,0,0,31.932519,331.37,,1,1,1,1,,5297
57497.5,-0.631,-0.148,-1.294,-1.002,0.056,-0.144,9.727,327.77,28.4,3.5,0,0,34.144712,336.27,,1,1,1,1,,5297.5
57498,-0.644,0.063,-1.549,-0.781,-0.046,-0.111,10.027,327.77,28.4,3.5,0,0,34.144712,336.27,,1,1,1,1,,5298
57498.5,-0.64,0.253,-1.614,-0.452,-0.13,-0.123,10.284,327.87,30.43,1.7,0,0,36.585338,334.57,,1,1,1,1,,5298.5
57499,-0.621,0.397,-1.475,-0.047,-0.223,-0.122,10.525,327.87,30.43,1.7,0,0,36.585338,334.57,,1,1,1,1,,5299
57499.5,-0.593,0.475,-1.136,0.381,-0.267,-0.122,10.647,327.97,30.43,2.6,0,0,36.585338,335.57,,1,1,1,1,,5299.5
57500,-0.554,0.473,-0.638,0.771,-0.284,-0.102,10.695,327.97,30.43,2.6,0,0,36.585338,335.57,,1,1,1,1,,5300
57500.5,-0.514,0.39,-0.036,1.081,-0.247,-0.082,10.6,327.97,29.33,0.5,0,0,35.262831,333.47,,1,1,1,1,,5300.5
57501,-0.469,0.235,0.592,1.246,-0.183,-0.098,10.401,327.97,29.33,0.5,0,0,35.262831,333.47,,1,1,1,1,,5301
57501.5,-0.421,0.03,1.165,1.274,-0.105,-0.118,10.166,327.97,31.35,359.8,0,0,37.691434,332.77,,1,1,1,1,,5301.5
57502,-0.364,-0.202,1.613,1.131,0.015,-0.125,9.839,327.97,31.35,359.8,0,0,37.691434,332.77,,1,1,1,1,,5302
57502.5,-0.296,-0.431,1.872,0.853,0.122,-0.1,9.544,327.97,29.33,356.9,0,0,35.262831,329.87,,1,1,1,1,,5302.5
57503,-0.21,-0.631,1.908,0.449,0.25,-0.041,9.199,327.97,29.33,356.9,0,0,35.262831,329.87,,1,1,1,1,,5303
57503.5,-0.111,-0.771,1.704,-0.022,0.302,0.032,8.996,328.07,29.33,3.6,0,0,35.262831,336.67,,1,1,1,1,,5303.5
57504,0.002,-0.834,1.277,-0.517,0.369,0.101,8.811,328.07,29.33,3.6,0,0,35.262831,336.67,,1,1,1,1,,5304
57504.5,0.123,-0.804,0.67,-0.961,0.357,0.146,8.825,328.07,30.43,1.4,0,0,36.585338,334.47,,1,1,1,1,,5304.5
57505,0.257,-0.687,-0.038,-1.28,0.313,0.141,8.949,328.07,30.43,1.4,0,0,36.585338,334.47,,1,1,1,1,,5305
57505.5,0.392,-0.499,-0.757,-1.433,0.209,0.108,9.233,328.07,29.33,359.6,0,0,35.262831,332.67,,1,1,1,1,,5305.5
57506,0.522,-0.264,-1.385,-1.389,0.083,0.07,9.577,328.07,29.33,359.6,0,0,35.262831,332.67,,1,1,1,1,,5306
57506.5,0.638,-0.016,-1.842,-1.171,-0.041,0.006,9.936,328.07,30.43,7.1,0,0,36.585338,340.17,,1,1,1,1,,5306.5
57507,0.731,0.213,-2.067,-0.804,-0.152,-0.029,10.266,328.07,30.43,7.1,0,0,36.585338,340.17,,1,1,1,1,,5307
57507.5,0.79,0.394,-2.037,-0.352,-0.227,-0.03,10.505,328.07,31.35,4.8,0,0,37.691434,337.87,,1,1,1,1,,5307.5
57508,0.813,0.507,-1.759,0.14,-0.289,0.035,10.697,328.07,31.35,4.8,0,0,37.691434,337.87,,1,1,1,1,,5308
57508.5,0.797,0.543,-1.272,0.599,-0.284,0.119,10.729,328.17,29.33,7.1,0,0,35.262831,340.27,,1,1,1,1,,5308.5
57509,0.742,0.501,-0.638,0.982,-0.268,0.195,10.698,328.17,29.33,7.1,0,0,35.262831,340.27,,1,1,1,1,,5309
57509.5,0.65,0.386,0.065,1.24,-0.204,0.275,10.531,328.27,29.33,359,0,0,35.262831,332.27,,1,1,1,1,,5309.5
57510,0.527,0.216,0.752,1.349,-0.122,0.304,10.311,328.27,29.33,359,0,0,35.262831,332.27,,1,1,1,1,,5310
57510.5,0.386,0.009,1.344,1.3,-0.014,0.282,10.018,328.37,30.43,5,0,0,36.585338,338.37,,1,1,1,1,,5310.5
57511,0.244,-0.209,1.771,1.1,0.071,0.222,9.735,328.37,30.43,5,0,0,36.585338,338.37,,1,1,1,1,,5311
57511.5,0.104,-0.412,1.99,0.782,0.16,0.126,9.451,328.37,31.35,4.6,0,0,37.691434,337.97,,1,1,1,1,,5311.5
57512,-0.019,-0.577,1.979,0.38,0.228,0.083,9.228,328.37,31.35,4.6,0,0,37.691434,337.97,,1,1,1,1,,5312
57512.5,-0.127,-0.689,1.747,-0.042,0.255,0.04,9.101,328.37,30.43,4.2,0,0,36.585338,337.57,,1,1,1,1,,5312.5
57513,-0.219,-0.743,1.329,-0.442,0.265,-0.023,9.056,328.37,30.43,4.2,0,0,36.585338,337.57,,1,1,1,1,,5313
57513.5,-0.294,-0.731,0.781,-0.768,0.241,-0.08,9.103,328.37,31.35,2.1,0,0,37.691434,335.47,,1,1,1,1,,5313.5
57514,-0.356,-0.66,0.17,-0.999,0.207,-0.179,9.208,328.37,31.35,2.1,0,0,37.691434,335.47,,1,1,1,1,,5314
57514.5,-0.408,-0.542,-0.436,-1.107,0.143,-0.263,9.395,328.47,30.43,1.3,0,0,36.585338,334.77,,1,1,1,1,,5314.5
57515,-0.453,-0.392,-0.972,-1.103,0.099,-0.336,9.566,328.47,30.43,1.3,0,0,36.585338,334.77,,1,1,1,1,,5315
57515.5,-0.494,-0.225,-1.389,-0.987,0.032,-0.329,9.787,328.47,30.43,1.3,0,0,36.585338,334.77,,1,1,1,1,,5315.5
57516,-0.536,-0.063,-1.651,-0.785,-0.011,-0.27,9.949,328.47,30.43,1.3,0,0,36.585338,334.77,,1,1,1,1,,5316
57516.5,-0.578,0.089,-1.745,-0.53,-0.058,-0.175,10.108,328.47,30.43,1.4,0,0,36.585338,334.87,,1,1,1,1,,5316.5
57517,-0.622,0.216,-1.673,-0.246,-0.08,-0.027,10.194,328.47,30.43,1.4,0,0,36.585338,334.87,,1,1,1,1,,5317
57517.5,-0.671,0.31,-1.457,0.027,-0.102,0.072,10.262,328.57,29.33,1.1,0,0,35.262831,334.67,,1,1,1,1,,5317.5
57518,-0.719,0.37,-1.126,0.281,-0.103,0.118,10.268,328.57,29.33,1.1,0,0,35.262831,334.67,,1,1,1,1,,5318
57518.5,-0.762,0.394,-0.72,0.481,-0.104,0.101,10.246,328.77,30.43,3.2,0,0,36.585338,336.97,,1,1,1,1,,5318.5
57519,-0.786,0.383,-0.278,0.639,-0.09,0.029,10.207,328.77,30.43,3.2,0,0,36.585338,336.97,,1,1,1,1,,5319
57519.5,-0.792,0.342,0.164,0.732,-0.065,-0.074,10.135,328.77,30.43,3,0,0,36.585338,336.77,,1,1,1,1,,5319.5
57520,-0.768,0.273,0.573,0.78,-0.061,-0.183,10.093,328.77,30.43,3,0,0,36.585338,336.77,,1,1,1,1,,5320
57520.5,-0.717,0.177,0.926,0.775,-0.038,-0.23,10.005,328.77,31.35,2.4,0,0,37.691434,336.17,,1,1,1,1,,5320.5
57521,-0.643,0.062,1.204,0.733,-0.035,-0.272,9.958,328.77,31.35,2.4,0,0,37.691434,336.17,,1,1,1,1,,5321
57521.5,-0.548,-0.067,1.396,0.65,-0.009,-0.262,9.868,328.77,30.43,1.2,0,0,36.585338,334.97,,1,1,1,1,,5321.5
57522,-0.439,-0.207,1.495,0.541,0.001,-0.212,9.826,328.77,30.43,1.2,0,0,36.585338,334.97,,1,1,1,1,,5322
57522.5,-0.316,-0.351,1.502,0.406,0.038,-0.176,9.736,328.67,29.33,0.7,0,0,35.262831,334.37,,1,1,1,1,,5322.5
57523,-0.182,-0.494,1.418,0.251,0.059,-0.131,9.681,328.67,29.33,0.7,0,0,35.262831,334.37,,1,1,1,1,,5323
57523.5,-0.033,-0.63,1.249,0.078,0.104,-0.113,9.584,328.67,29.33,2.4,0,0,35.262831,336.07,,1,1,1,1,,5323.5
57524,0.129,-0.744,0.997,-0.119,0.153,-0.08,9.49,328.67,29.33,2.4,0,0,35.262831,336.07,,1,1,1,1,,5324
57524.5,0.298,-0.823,0.673,-0.327,0.199,-0.036,9.386,328.67,29.33,5.7,0,0,35.262831,339.37,,1,1,1,1,,5324.5
57525,0.464,-0.859,0.284,-0.545,0.216,0.028,9.318,328.67,29.33,5.7,0,0,35.262831,339.37,,1,1,1,1,,5325
57525.5,0.619,-0.841,-0.151,-0.746,0.236,0.121,9.268,328.77,27.48,4,0,0,33.038616,337.77,,1,1,1,1,,5325.5
57526,0.748,-0.761,-0.613,-0.928,0.251,0.201,9.234,328.77,27.48,4,0,0,33.038616,337.77,,1,1,1,1,,5326
57526.5,0.844,-0.618,-1.074,-1.057,0.224,0.269,9.289,328.97,27.48,11.5,0,0,33.038616,345.47,,1,1,1,1,,5326.5
57527,0.896,-0.414,-1.499,-1.122,0.196,0.326,9.37,328.97,27.48,11.5,0,0,33.038616,345.47,,1,1,1,1,,5327
57527.5,0.904,-0.164,-1.851,-1.09,0.124,0.355,9.56,329.07,28.4,2.3,0,0,34.144712,336.37,,1,1,1,1,,5327.5
57528,0.864,0.115,-2.084,-0.95,0.038,0.378,9.774,329.07,28.4,2.3,0,0,34.144712,336.37,,1,1,1,1,,5328
57528.5,0.782,0.391,-2.16,-0.687,-0.084,0.398,10.08,329.17,29.33,3,0,0,35.262831,337.17,,1,1,1,1,,5328.5
57529,0.66,0.637,-2.044,-0.321,-0.179,0.314,10.346,329.17,29.33,3,0,0,35.262831,337.17,,1,1,1,1,,5329
57529.5,0.511,0.818,-1.724,0.125,-0.288,0.208,10.618,329.17,31.35,1.5,0,0,37.691434,335.67,,1,1,1,1,,5329.5
57530,0.351,0.911,-1.207,0.596,-0.326,0.093,10.76,329.17,31.35,1.5,0,0,37.691434,335.67,,1,1,1,1,,5330
57530.5,0.196,0.904,-0.533,1.033,-0.348,-0.014,10.83,329.27,29.33,1,0,0,35.262831,335.27,,1,1,1,1,,5330.5
57531,0.067,0.789,0.239,1.38,-0.308,-0.116,10.733,329.27,29.33,1,0,0,35.262831,335.27,,1,1,1,1,,5331
57531.5,-0.033,0.575,1.024,1.583,-0.251,-0.179,10.563,329.07,29.33,3.9,0,0,35.262831,337.97,,1,1,1,1,,5331.5
57532,-0.099,0.285,1.743,1.632,-0.153,-0.192,10.302,329.07,29.33,3.9,0,0,35.262831,337.97,,1,1,1,1,,5332
57532.5,-0.135,-0.058,2.313,1.503,-0.037,-0.21,9.98,329.07,29.33,6.6,0,0,35.262831,340.67,,1,1,1,1,,5332.5
57533,-0.138,-0.419,2.674,1.233,0.069,-0.211,9.681,329.07,29.33,6.6,0,0,35.262831,340.67,,1,1,1,1,,5333
57533.5,-0.12,-0.761,2.784,0.823,0.195,-0.19,9.34,329.07,28.4,6.9,0,0,34.144712,340.97,,1,1,1,1,,5333.5
57534,-0.086,-1.05,2.627,0.333,0.286,-0.142,9.088,329.07,28.4,6.9,0,0,34.144712,340.97,,1,1,1,1,,5334
57534.5,-0.042,-1.255,2.211,-0.208,0.383,-0.076,8.844,329.07,27.48,3.8,0,0,33.038616,337.87,,1,1,1,1,,5334.5
57535,0.005,-1.353,1.569,-0.736,0.406,-0.004,8.76,329.07,27.48,3.8,0,0,33.038616,337.87,,1,1,1,1,,5335
57535.5,0.044,-1.334,0.765,-1.2,0.429,0.088,8.729,329.17,29.33,2.9,0,0,35.262831,337.07,,1,1,1,1,,5335.5
57536,0.071,-1.194,-0.128,-1.544,0.376,0.152,8.88,329.17,29.33,2.9,0,0,35.262831,337.07,,1,1,1,1,,5336
57536.5,0.084,-0.953,-1.012,-1.722,0.296,0.148,9.098,329.37,30.43,7.4,0,0,36.585338,341.77,,1,1,1,1,,5336.5
57537,0.077,-0.633,-1.798,-1.723,0.193,0.133,9.408,329.37,30.43,7.4,0,0,36.585338,341.77,,1,1,1,1,,5337
57537.5,0.049,-0.268,-2.4,-1.538,0.065,0.096,9.755,329.57,30.43,6.5,0,0,36.585338,341.07,,1,1,1,1,,5337.5
57538,0.003,0.104,-2.759,-1.199,-0.078,0.035,10.104,329.57,30.43,6.5,0,0,36.585338,341.07,,1,1,1,1,,5338
57538.5,-0.062,0.44,-2.837,-0.735,-0.192,-0.018,10.418,329.57,29.33,2.8,0,0,35.262831,337.37,,1,1,1,1,,5338.5
57539,-0.132,0.708,-2.629,-0.207,-0.276,-0.03,10.639,329.57,29.33,2.8,0,0,35.262831,337.37,,1,1,1,1,,5339
57539.5,-0.198,0.881,-2.159,0.343,-0.367,-0.005,10.816,329.67,30.43,4.7,0,0,36.585338,339.37,,1,1,1,1,,5339.5
57540,-0.243,0.948,-1.479,0.839,-0.37,-0.004,10.832,329.67,30.43,4.7,0,0,36.585338,339.37,,1,1,1,1,,5340
57540.5,-0.254,0.899,-0.662,1.247,-0.36,-0.017,10.784,329.67,31.35,0.1,0,0,37.691434,334.77,,1,1,1,1,,5340.5
57541,-0.225,0.744,0.204,1.501,-0.291,-0.027,10.567,329.67,31.35,0.1,0,0,37.691434,334.77,,1,1,1,1,,5341
57541.5,-0.158,0.502,1.023,1.592,-0.199,-0.052,10.342,329.57,29.33,5.1,0,0,35.262831,339.67,,1,1,1,1,,5341.5
57542,-0.054,0.199,1.712,1.504,-0.045,-0.068,9.99,329.57,29.33,5.1,0,0,35.262831,339.67,,1,1,1,1,,5342
57542.5,0.078,-0.129,2.197,1.261,0.059,-0.051,9.711,329.47,29.33,2.5,0,0,35.262831,336.97,,1,1,1,1,,5342.5
57543,0.23,-0.444,2.437,0.888,0.192,-0.02,9.378,329.47,29.33,2.5,0,0,35.262831,336.97,,1,1,1,1,,5343
57543.5,0.386,-0.714,2.409,0.425,0.283,0,9.142,329.47,30.43,7.6,0,0,36.585338,342.07,,1,1,1,1,,5343.5
57544,0.536,-0.914,2.128,-0.063,0.354,0.027,8.97,329.47,30.43,7.6,0,0,36.585338,342.07,,1,1,1,1,,5344
57544.5,0.66,-1.021,1.631,-0.527,0.373,0.066,8.928,329.47,30.43,6.2,0,0,36.585338,340.67,,1,1,1,1,,5344.5
57545,0.749,-1.034,0.987,-0.895,0.347,0.12,9.002,329.47,30.43,6.2,0,0,36.585338,340.67,,1,1,1,1,,5345
57545.5,0.798,-0.952,0.275,-1.142,0.295,0.143,9.166,329.47,30.43,3.3,0,0,36.585338,337.77,,1,1,1,1,,5345.5
57546,0.804,-0.797,-0.415,-1.225,0.191,0.162,9.42,329.47,30.43,3.3,0,0,36.585338,337.77,,1,1,1,1,,5346
57546.5,0.766,-0.597,-1.007,-1.171,0.097,0.153,9.668,329.57,31.35,4.3,0,0,37.691434,338.87,,1,1,1,1,,5346.5
57547,0.692,-0.371,-1.44,-0.973,-0.015,0.139,9.954,329.57,31.35,4.3,0,0,37.691434,338.87,,1,1,1,1,,5347
57547.5,0.586,-0.155,-1.675,-0.686,-0.085,0.141,10.151,329.67,31.35,7.5,0,0,37.691434,342.17,,1,1,1,1,,5347.5
57548,0.45,0.036,-1.705,-0.348,-0.142,0.148,10.309,329.67,31.35,7.5,0,0,37.691434,342.17,,1,1,1,1,,5348
57548.5,0.292,0.176,-1.549,-0.018,-0.144,0.174,10.339,329.77,32.28,7.1,0,0,38.809553,341.87,,1,1,1,1,,5348.5
57549,0.12,0.268,-1.248,0.27,-0.144,0.175,10.337,329.77,32.28,7.1,0,0,38.809553,341.87,,1,1,1,1,,5349
57549.5,-0.056,0.303,-0.856,0.478,-0.105,0.15,10.228,329.87,35.04,2.4,0,0,42.127842,337.27,,1,1,1,1,,5349.5
57550,-0.231,0.296,-0.432,0.595,-0.075,0.112,10.114,329.87,35.04,2.4,0,0,42.127842,337.27,,1,1,1,1,,5350
57550.5,-0.393,0.252,-0.027,0.629,-0.037,0.062,9.977,329.87,35.04,1.2,0,0,42.127842,336.07,,1,1,1,1,,5350.5
57551,-0.539,0.18,0.318,0.593,-0.016,0.005,9.877,329.87,35.04,1.2,0,0,42.127842,336.07,,1,1,1,1,,5351
57551.5,-0.652,0.094,0.584,0.519,0.002,-0.088,9.804,329.87,34.12,1.6,0,0,41.021746,336.47,,1,1,1,1,,5351.5
57552,-0.728,-0.002,0.762,0.417,0.023,-0.168,9.755,329.87,34.12,1.6,0,0,41.021746,336.47,,1,1,1,1,,5352
57552.5,-0.76,-0.102,0.856,0.317,0.035,-0.235,9.742,329.77,34.12,359.3,0,0,41.021746,334.07,,1,1,1,1,,5352.5
57553,-0.751,-0.201,0.878,0.212,0.061,-0.293,9.713,329.77,34.12,359.3,0,0,41.021746,334.07,,1,1,1,1,,5353
57553.5,-0.704,-0.292,0.837,0.12,0.071,-0.322,9.722,329.57,33.2,3.7,0,0,39.915649,338.27,,1,1,1,1,,5353.5
57554,-0.628,-0.375,0.748,0.03,0.098,-0.319,9.697,329.57,33.2,3.7,0,0,39.915649,338.27,,1,1,1,1,,5354
57554.5,-0.536,-0.451,0.621,-0.049,0.111,-0.262,9.7,329.67,33.2,5.1,0,0,39.915649,339.77,,1,1,1,1,,5354.5
57555,-0.438,-0.511,0.467,-0.128,0.137,-0.165,9.657,329.67,33.2,5.1,0,0,39.915649,339.77,,1,1,1,1,,5355
57555.5,-0.348,-0.549,0.29,-0.207,0.134,-0.071,9.646,329.57,32.28,5.5,0,0,38.809553,340.07,,1,1,1,1,,5355.5
57556,-0.271,-0.563,0.097,-0.289,0.147,-0.016,9.593,329.57,32.28,5.5,0,0,38.809553,340.07,,1,1,1,1,,5356
57556.5,-0.204,-0.541,-0.109,-0.369,0.144,0.025,9.586,329.77,32.28,5.8,0,0,38.809553,340.57,,1,1,1,1,,5356.5
57557,-0.155,-0.485,-0.316,-0.426,0.123,0.049,9.598,329.77,32.28,5.8,0,0,38.809553,340.57,,1,1,1,1,,5357
57557.5,-0.116,-0.395,-0.51,-0.452,0.094,0.05,9.657,329.87,31.35,8.2,0,0,37.691434,343.07,,1,1,1,1,,5357.5
57558,-0.09,-0.279,-0.668,-0.424,0.048,0.068,9.755,329.87,31.35,8.2,0,0,37.691434,343.07,,1,1,1,1,,5358
57558.5,-0.061,-0.152,-0.767,-0.343,-0.008,0.064,9.877,329.87,32.28,4.8,0,0,38.809553,339.67,,1,1,1,1,,5358.5
57559,-0.031,-0.023,-0.79,-0.205,-0.056,0.073,10.01,329.87,32.28,4.8,0,0,38.809553,339.67,,1,1,1,1,,5359
57559.5,0.015,0.085,-0.725,-0.036,-0.088,0.064,10.097,329.77,32.28,3.5,0,0,38.809553,338.27,,1,1,1,1,,5359.5
57560,0.082,0.159,-0.577,0.143,-0.112,0.031,10.161,329.77,32.28,3.5,0,0,38.809553,338.27,,1,1,1,1,,5360
57560.5,0.166,0.189,-0.362,0.301,-0.089,0.008,10.143,329.77,33.2,1,0,0,39.915649,335.77,,1,1,1,1,,5360.5
57561,0.271,0.174,-0.107,0.42,-0.077,-0.009,10.117,329.77,33.2,1,0,0,39.915649,335.77,,1,1,1,1,,5361
57561.5,0.392,0.113,0.155,0.482,-0.035,0.002,10.022,329.57,32.28,3.4,0,0,38.809553,337.97,,1,1,1,1,,5361.5
57562,0.514,0.02,0.389,0.473,0.015,0.029,9.902,329.57,32.28,3.4,0,0,38.809553,337.97,,1,1,1,1,,5362
57562.5,0.631,-0.095,0.566,0.403,0.062,0.076,9.78,329.57,33.2,3.6,0,0,39.915649,338.17,,1,1,1,1,,5362.5
57563,0.733,-0.217,0.665,0.289,0.092,0.159,9.688,329.57,33.2,3.6,0,0,39.915649,338.17,,1,1,1,1,,5363
57563.5,0.813,-0.332,0.681,0.153,0.117,0.245,9.623,329.57,32.28,4.4,0,0,38.809553,338.97,,1,1,1,1,,5363.5
57564,0.862,-0.43,0.621,0.012,0.131,0.291,9.582,329.57,32.28,4.4,0,0,38.809553,338.97,,1,1,1,1,,5364
57564.5,0.88,-0.494,0.497,-0.116,0.128,0.278,9.58,329.57,33.2,5.3,0,0,39.915649,339.87,,1,1,1,1,,5364.5
57565,0.857,-0.527,0.328,-0.226,0.139,0.239,9.572,329.57,33.2,5.3,0,0,39.915649,339.87,,1,1,1,1,,5365
57565.5,0.797,-0.52,0.132,-0.308,0.125,0.164,9.611,329.57,33.2,5.1,0,0,39.915649,339.67,,1,1,1,1,,5365.5
57566,0.701,-0.478,-0.067,-0.354,0.108,0.106,9.652,329.57,33.2,5.1,0,0,39.915649,339.67,,1,1,1,1,,5366
57566.5,0.579,-0.405,-0.25,-0.366,0.082,0.108,9.715,329.57,31.35,4.7,0,0,37.691434,339.27,,1,1,1,1,,5366.5
57567,0.434,-0.314,-0.398,-0.334,0.05,0.119,9.791,329.57,31.35,4.7,0,0,37.691434,339.27,,1,1,1,1,,5367
57567.5,0.271,-0.211,-0.496,-0.265,0.017,0.113,9.884,329.47,32.28,5.5,0,0,38.809553,339.97,,1,1,1,1,,5367.5
57568,0.102,-0.113,-0.531,-0.156,-0.017,0.089,9.971,329.47,32.28,5.5,0,0,38.809553,339.97,,1,1,1,1,,5368
57568.5,-0.063,-0.03,-0.497,-0.028,-0.048,0.024,10.037,329.47,32.28,4.8,0,0,38.809553,339.27,,1,1,1,1,,5368.5
57569,-0.207,0.023,-0.398,0.111,-0.074,-0.026,10.087,329.47,32.28,4.8,0,0,38.809553,339.27,,1,1,1,1,,5369
57569.5,-0.328,0.042,-0.246,0.231,-0.065,-0.123,10.073,329.37,32.28,4.5,0,0,38.809553,338.87,,1,1,1,1,,5369.5
57570,-0.421,0.028,-0.063,0.32,-0.056,-0.165,10.043,329.37,32.28,4.5,0,0,38.809553,338.87,,1,1,1,1,,5370
57570.5,-0.485,-0.021,0.125,0.362,-0.03,-0.216,9.968,329.37,31.35,7,0,0,37.691434,341.37,,1,1,1,1,,5370.5
57571,-0.526,-0.094,0.292,0.352,0.011,-0.28,9.871,329.37,31.35,7,0,0,37.691434,341.37,,1,1,1,1,,5371
57571.5,-0.543,-0.177,0.413,0.287,0.056,-0.29,9.751,329.37,31.35,8.1,0,0,37.691434,342.47,,1,1,1,1,,5371.5
57572,-0.546,-0.264,0.47,0.185,0.077,-0.237,9.682,329.37,31.35,8.1,0,0,37.691434,342.47,,1,1,1,1,,5372
57572.5,-0.538,-0.338,0.46,0.061,0.105,-0.13,9.618,329.37,31.35,7.7,0,0,37.691434,342.07,,1,1,1,1,,5372.5
57573,-0.525,-0.395,0.385,-0.065,0.119,-0.053,9.59,329.37,31.35,7.7,0,0,37.691434,342.07,,1,1,1,1,,5373
57573.5,-0.511,-0.427,0.26,-0.175,0.122,0.069,9.585,329.47,30.43,8.2,0,0,36.585338,342.67,,1,1,1,1,,5373.5
57574,-0.491,-0.433,0.102,-0.267,0.124,0.114,9.595,329.47,30.43,8.2,0,0,36.585338,342.67,,1,1,1,1,,5374
57574.5,-0.467,-0.41,-0.071,-0.325,0.112,0.101,9.638,329.47,30.43,6.9,0,0,36.585338,341.37,,1,1,1,1,,5374.5
57575,-0.436,-0.367,-0.236,-0.348,0.092,0.119,9.698,329.47,30.43,6.9,0,0,36.585338,341.37,,1,1,1,1,,5375
57575.5,-0.396,-0.304,-0.374,-0.323,0.054,0.06,9.784,329.37,31.35,4.2,0,0,37.691434,338.57,,1,1,1,1,,5375.5
57576,-0.35,-0.232,-0.467,-0.268,0.038,0.06,9.839,329.37,31.35,4.2,0,0,37.691434,338.57,,1,1,1,1,,5376
57576.5,-0.296,-0.16,-0.507,-0.179,0.001,0.026,9.927,329.27,32.28,1.3,0,0,38.809553,335.57,,1,1,1,1,,5376.5
57577,-0.233,-0.095,-0.488,-0.073,-0.015,-0.067,9.976,329.27,32.28,1.3,0,0,38.809553,335.57,,1,1,1,1,,5377
57577.5,-0.156,-0.045,-0.412,0.044,-0.035,-0.148,10.032,329.07,31.35,6.4,0,0,37.691434,340.47,,1,1,1,1,,5377.5
57578,-0.066,-0.016,-0.286,0.159,-0.043,-0.243,10.045,329.07,31.35,6.4,0,0,37.691434,340.47,,1,1,1,1,,5378
57578.5,0.037,-0.009,-0.124,0.257,-0.05,-0.301,10.055,328.87,31.35,2.3,0,0,37.691434,336.17,,1,1,1,1,,5378.5
57579,0.151,-0.025,0.057,0.329,-0.031,-0.31,10.017,328.87,31.35,2.3,0,0,37.691434,336.17,,1,1,1,1,,5379
57579.5,0.275,-0.062,0.235,0.363,-0.013,-0.261,9.967,328.87,30.43,3.8,0,0,36.585338,337.67,,1,1,1,1,,5379.5
57580,0.399,-0.116,0.393,0.36,0.01,-0.086,9.896,328.87,30.43,3.8,0,0,36.585338,337.67,,1,1,1,1,,5380
57580.5,0.518,-0.179,0.51,0.313,0.035,0.077,9.818,328.87,30.43,7,0,0,36.585338,340.87,,1,1,1,1,,5380.5
57581,0.621,-0.246,0.573,0.236,0.06,0.26,9.742,328.87,30.43,7,0,0,36.585338,340.87,,1,1,1,1,,5381
57581.5,0.707,-0.306,0.577,0.133,0.082,0.417,9.672,328.97,31.35,5.4,0,0,37.691434,339.37,,1,1,1,1,,5381.5
57582,0.77,-0.355,0.522,0.025,0.08,0.449,9.652,328.97,31.35,5.4,0,0,37.691434,339.37,,1,1,1,1,,5382
57582.5,0.809,-0.391,0.417,-0.081,0.092,0.395,9.624,328.97,31.35,6.2,0,0,37.691434,340.17,,1,1,1,1,,5382.5
57583,0.82,-0.411,0.276,-0.167,0.085,0.301,9.65,328.97,31.35,6.2,0,0,37.691434,340.17,,1,1,1,1,,5383
57583.5,0.799,-0.42,0.118,-0.222,0.076,0.216,9.685,328.97,31.35,1.8,0,0,37.691434,335.77,,1,1,1,1,,5383.5
57584,0.75,-0.415,-0.039,-0.251,0.062,0.146,9.726,328.97,31.35,1.8,0,0,37.691434,335.77,,1,1,1,1,,5384
57584.5,0.671,-0.401,-0.179,-0.253,0.064,0.115,9.755,328.87,29.33,0.6,0,0,35.262831,334.47,,1,1,1,1,,5384.5
57585,0.563,-0.376,-0.297,-0.248,0.067,0.11,9.764,328.87,29.33,0.6,0,0,35.262831,334.47,,1,1,1,1,,5385
57585.5,0.433,-0.344,-0.387,-0.23,0.066,0.11,9.78,328.77,29.33,4.3,0,0,35.262831,338.07,,1,1,1,1,,5385.5
57586,0.291,-0.306,-0.451,-0.21,0.07,0.088,9.782,328.77,29.33,4.3,0,0,35.262831,338.07,,1,1,1,1,,5386
57586.5,0.142,-0.261,-0.487,-0.182,0.055,0.072,9.808,328.67,28.4,4.6,0,0,34.144712,338.27,,1,1,1,1,,5386.5
57587,-0.006,-0.211,-0.497,-0.151,0.05,0.014,9.809,328.67,28.4,4.6,0,0,34.144712,338.27,,1,1,1,1,,5387
57587.5,-0.136,-0.157,-0.483,-0.113,0.03,-0.074,9.837,328.67,28.4,1.5,0,0,34.144712,335.17,,1,1,1,1,,5387.5
57588,-0.241,-0.102,-0.444,-0.066,0.018,-0.148,9.858,328.67,28.4,1.5,0,0,34.144712,335.17,,1,1,1,1,,5388
57588.5,-0.316,-0.05,-0.38,-0.007,-0.014,-0.217,9.912,328.57,28.4,5.8,0,0,34.144712,339.37,,1,1,1,1,,5388.5
57589,-0.36,-0.007,-0.288,0.064,-0.025,-0.247,9.949,328.57,28.4,5.8,0,0,34.144712,339.37,,1,1,1,1,,5389
57589.5,-0.375,0.023,-0.169,0.145,-0.041,-0.228,9.996,328.47,29.33,4.5,0,0,35.262831,337.97,,1,1,1,1,,5389.5
57590,-0.369,0.032,-0.025,0.233,-0.051,-0.196,10.026,328.47,29.33,4.5,0,0,35.262831,337.97,,1,1,1,1,,5390
57590.5,-0.35,0.017,0.139,0.311,-0.055,-0.131,10.037,328.47,29.33,357.7,0,0,35.262831,331.17,,1,1,1,1,,5390.5
57591,-0.336,-0.027,0.308,0.366,-0.044,-0.069,10.01,328.47,29.33,357.7,0,0,35.262831,331.17,,1,1,1,1,,5391
57591.5,-0.337,-0.092,0.465,0.379,-0.01,-0.002,9.934,328.47,30.43,359.7,0,0,36.585338,333.17,,1,1,1,1,,5391.5
57592,-0.349,-0.175,0.589,0.35,0.018,0.046,9.858,328.47,30.43,359.7,0,0,36.585338,333.17,,1,1,1,1,,5392
57592.5,-0.372,-0.261,0.663,0.282,0.044,0.04,9.775,328.47,31.35,359,0,0,37.691434,332.47,,1,1,1,1,,5392.5
57593,-0.4,-0.346,0.679,0.186,0.063,0.043,9.713,328.47,31.35,359,0,0,37.691434,332.47,,1,1,1,1,,5393
57593.5,-0.421,-0.423,0.632,0.069,0.09,0.031,9.635,328.57,32.28,359.8,0,0,38.809553,333.37,,1,1,1,1,,5393.5
57594,-0.432,-0.48,0.524,-0.062,0.113,0.029,9.582,328.57,32.28,359.8,0,0,38.809553,333.37,,1,1,1,1,,5394
57594.5,-0.425,-0.512,0.363,-0.194,0.139,0.027,9.537,328.57,31.35,0.9,0,0,37.691434,334.47,,1,1,1,1,,5394.5
57595,-0.4,-0.512,0.159,-0.314,0.142,-0.01,9.54,328.57,31.35,0.9,0,0,37.691434,334.47,,1,1,1,1,,5395
57595.5,-0.356,-0.482,-0.066,-0.398,0.137,-0.073,9.574,328.47,31.35,359.8,0,0,37.691434,333.27,,1,1,1,1,,5395.5
57596,-0.297,-0.42,-0.288,-0.444,0.119,-0.145,9.633,328.47,31.35,359.8,0,0,37.691434,333.27,,1,1,1,1,,5396
57596.5,-0.223,-0.338,-0.483,-0.434,0.082,-0.203,9.735,328.37,30.43,359.4,0,0,36.585338,332.77,,1,1,1,1,,5396.5
57597,-0.138,-0.249,-0.626,-0.373,0.041,-0.215,9.835,328.37,30.43,359.4,0,0,36.585338,332.77,,1,1,1,1,,5397
57597.5,-0.041,-0.16,-0.699,-0.262,-0.014,-0.19,9.953,328.17,30.43,0.4,0,0,36.585338,333.57,,1,1,1,1,,5397.5
57598,0.067,-0.084,-0.692,-0.124,-0.052,-0.134,10.019,328.17,30.43,0.4,0,0,36.585338,333.57,,1,1,1,1,,5398
57598.5,0.182,-0.024,-0.609,0.028,-0.087,-0.058,10.087,328.17,31.35,1.8,0,0,37.691434,334.97,,1,1,1,1,,5398.5
57599,0.291,0.004,-0.458,0.169,-0.091,0.009,10.091,328.17,31.35,1.8,0,0,37.691434,334.97,,1,1,1,1,,5399
57599.5,0.393,0.007,-0.262,0.29,-0.089,0.107,10.089,328.17,31.35,2.6,0,0,37.691434,335.77,,1,1,1,1,,5399.5
57600,0.478,-0.017,-0.042,0.371,-0.06,0.165,10.035,328.17,31.35,2.6,0,0,37.691434,335.77,,1,1,1,1,,5400
